SysID,Thread ID,time,inetrval
416,0,0.1570,0.1570
24,0,0.2510,0.0940
24,0,0.2660,0.0150
24,0,0.5470,0.2810
73,0,0.6870,0.1400
73,0,0.7270,0.0400
18,0,0.9080,0.1810
23,0,0.9220,0.0140
23,0,0.9700,0.0480
24,0,1.0780,0.1080
24,0,1.1570,0.0790
18,0,1.1720,0.0150
24,0,1.1990,0.0270
24,0,1.2210,0.0220
180,0,1.2970,0.0760
54,0,1.3190,0.0220
25,0,1.3280,0.0090
80,0,2887.0500,2885.7220
18,0,2887.0980,0.0480
33,0,2887.1130,0.0150
18,0,2887.1290,0.0160
18,0,2887.1600,0.0310
15,0,2887.1750,0.0150
37,0,2887.4410,0.2660
55,0,2887.4890,0.0480
61,0,2887.5210,0.0320
51,0,2887.5510,0.0300
49,0,2887.6600,0.1090
80,0,2887.7010,0.0410
80,0,2887.7070,0.0060
347,0,2887.7530,0.0460
80,0,2887.8640,0.1110
80,0,2888.0500,0.1860
76,0,2888.1050,0.0550
416,0,2888.1130,0.0080
453,0,2888.1450,0.0320
453,0,2888.1910,0.0460
18,0,2888.3340,0.1430
15,0,2888.3470,0.0130
453,0,2888.4100,0.0630
24,0,2888.4420,0.0320
80,0,2888.5040,0.0620
453,0,2888.5720,0.0680
18,0,2888.5970,0.0250
51,0,2888.7230,0.1260
348,0,2888.7400,0.0170
51,0,2888.7690,0.0290
51,0,2888.7860,0.0170
24,0,2888.8310,0.0450
24,0,2888.8790,0.0480
85,0,2888.8960,0.0170
17,0,2888.9100,0.0140
54,0,2888.9740,0.0640
340,0,2888.9890,0.0150
356,0,2889.0520,0.0630
453,0,2889.1750,0.1230
38,0,2889.2070,0.0320
297,0,2889.2230,0.0160
15,0,2889.2380,0.0150
85,0,2889.2630,0.0250
33,0,2889.2850,0.0220
15,0,2889.3010,0.0160
85,0,2889.3170,0.0160
453,0,2889.3310,0.0140
15,0,2889.3320,0.0010
293,0,2889.3790,0.0470
24,0,2889.4410,0.0620
15,0,2889.7140,0.2730
37,0,2889.8490,0.1350
354,0,2889.8650,0.0160
173,0,2889.8940,0.0290
196,0,2889.9110,0.0170
144,0,2889.9310,0.0200
417,0,2889.9580,0.0270
416,0,2890.0040,0.0460
297,0,2890.0370,0.0330
14,0,2890.0500,0.0130
417,0,2890.0820,0.0320
14,0,2890.0970,0.0150
35,0,2890.1440,0.0470
37,0,2890.1680,0.0240
40,0,2890.1760,0.0080
80,0,2890.1930,0.0170
55,0,2890.2070,0.0140
49,0,2890.2260,0.0190
369,0,2890.2550,0.0290
15,0,2890.2670,0.0120
67,2,2890.2690,0.0020
24,0,2890.2860,0.0170
18,0,2890.3140,0.0280
466,2,2890.3160,0.0020
23,0,2890.3160,0.0020
112,0,2890.3350,0.0190
55,0,2890.3790,0.0440
49,0,2890.3960,0.0170
80,0,2890.4100,0.0140
55,0,2890.5500,0.1400
80,0,2890.5660,0.0160
369,0,2890.5820,0.0160
1,3,2890.6010,0.0190
112,0,2890.6290,0.0280
80,2,2890.6460,0.0170
466,3,2890.6640,0.0180
112,0,2890.6770,0.0130
80,3,2890.7060,0.0290
24,0,2890.7410,0.0350
73,0,2890.7860,0.0450
24,0,2890.8960,0.1100
24,0,2890.9110,0.0150
416,0,2890.9730,0.0620
416,0,2890.9890,0.0160
453,0,2891.0050,0.0160
453,0,2891.0210,0.0160
192,0,2891.0350,0.0140
51,0,2891.0690,0.0340
416,0,2891.0820,0.0130
453,0,2891.1600,0.0780
24,0,2891.2400,0.0800
24,0,2891.2530,0.0130
24,0,2891.2730,0.0200
453,0,2891.3640,0.0910
453,0,2891.4100,0.0460
453,0,2891.4270,0.0170
80,0,2891.4420,0.0150
289,0,2891.4580,0.0160
22,0,2891.4780,0.0200
289,0,2891.4870,0.0090
80,0,2891.4880,0.0010
22,0,2891.5080,0.0200
80,0,2891.5350,0.0270
50,0,2891.5510,0.0160
50,0,2891.5670,0.0160
22,0,2891.5830,0.0160
19,0,2891.5990,0.0160
80,0,2891.6770,0.0780
61,0,2891.7090,0.0320
23,0,2891.7230,0.0140
23,0,2891.7390,0.0160
15,0,2891.7550,0.0160
51,0,2891.7870,0.0320
15,0,2891.8030,0.0160
15,0,2891.8190,0.0160
22,0,2891.8330,0.0140
49,0,2891.8470,0.0140
76,0,2891.8800,0.0330
73,0,2892.0130,0.1330
73,0,2892.0200,0.0070
24,0,2892.1600,0.1400
24,0,2892.1910,0.0310
35,0,2892.2850,0.0940
80,0,2892.3070,0.0220
453,0,2892.3180,0.0110
180,0,2892.3330,0.0150
340,0,2892.3650,0.0320
340,0,2892.3820,0.0170
340,0,2892.4290,0.0470
80,0,2892.5360,0.1070
80,0,2892.5500,0.0140
14,0,2892.5670,0.0170
61,0,2892.6770,0.1100
22,0,2892.6920,0.0150
51,0,2892.7230,0.0310
323,0,2892.7860,0.0630
85,0,2892.8830,0.0970
15,0,2892.8980,0.0150
33,0,2892.9570,0.0590
18,0,2892.9720,0.0150
22,0,2892.9880,0.0160
80,0,2893.0040,0.0160
80,0,2893.0230,0.0190
453,0,2893.0670,0.0440
14,0,2893.0980,0.0310
22,0,2893.1140,0.0160
22,0,2893.1320,0.0180
85,0,2893.1480,0.0160
74,0,2893.1620,0.0140
54,0,2893.3320,0.1700
15,0,2893.3800,0.0480
15,0,2893.3950,0.0150
22,0,2893.4160,0.0210
22,0,2893.4290,0.0130
37,0,2893.4410,0.0120
49,0,2893.4610,0.0200
76,0,2893.4730,0.0120
38,0,2893.4890,0.0160
25,0,2893.5360,0.0470
85,0,2893.5510,0.0150
22,0,2893.5970,0.0460
80,0,2893.6290,0.0320
61,0,2893.6770,0.0480
51,0,2893.6920,0.0150
49,0,2893.7050,0.0130
80,0,2893.7070,0.0020
14,0,2893.7400,0.0330
356,0,2893.7540,0.0140
356,0,2893.7850,0.0310
18,0,2893.8180,0.0330
61,0,2893.8820,0.0640
61,0,2893.8940,0.0120
15,0,2893.9260,0.0320
22,0,2893.9570,0.0310
80,0,2894.1620,0.2050
24,0,2894.2070,0.0450
18,0,2894.2550,0.0480
18,0,2894.2720,0.0170
201,0,2894.2860,0.0140
18,0,2894.3010,0.0150
15,0,2894.3190,0.0180
453,0,2894.3330,0.0140
24,0,2894.3640,0.0310
33,0,2894.4100,0.0460
15,0,2894.4260,0.0160
18,0,2894.4420,0.0160
25,0,2894.4740,0.0320
73,0,2894.4910,0.0170
247,0,2894.5050,0.0140
33,0,2894.5680,0.0630
18,0,2894.5830,0.0150
19,0,2894.6600,0.0770
18,0,2894.6810,0.0210
18,0,2894.6920,0.0110
15,0,2894.7230,0.0310
140,0,2895.0500,0.3270
340,0,2895.1130,0.0630
24,0,2895.1450,0.0320
15,0,2895.1600,0.0150
25,0,2895.2070,0.0470
44,0,2895.2390,0.0320
13,0,2895.3350,0.0960
15,0,2895.3480,0.0130
15,0,2895.3650,0.0170
15,0,2895.4120,0.0470
15,0,2895.4720,0.0600
15,0,2895.4940,0.0220
15,0,2895.5850,0.0910
15,0,2895.6150,0.0300
4,0,2895.6290,0.0140
4,0,2895.6610,0.0320
80,0,2895.7380,0.0770
