SysID,Thread ID,time,inetrval
14,0,0.2500,0.2500
80,0,0.5490,0.2990
80,0,0.5630,0.0140
18,0,0.5780,0.0150
18,0,0.6380,0.0600
18,0,0.7180,0.0800
37,0,0.8900,0.1720
55,0,0.9220,0.0320
61,0,0.9530,0.0310
51,0,0.9850,0.0320
49,0,1.0480,0.0630
80,0,1.0740,0.0260
80,0,1.0800,0.0060
347,0,1.0990,0.0190
80,0,1.1910,0.0920
80,0,1.3280,0.1370
76,0,1.3750,0.0470
416,0,1.4060,0.0310
453,0,1.4220,0.0160
453,0,1.4530,0.0310
453,0,1.4850,0.0320
18,0,1.5940,0.1090
23,0,1.6100,0.0160
453,0,1.6250,0.0150
453,0,1.6560,0.0310
24,0,1.6730,0.0170
24,0,1.7510,0.0780
80,0,1.7820,0.0310
453,0,1.7970,0.0150
18,0,1.8320,0.0350
51,0,1.9690,0.1370
51,0,1.9890,0.0200
15,0,2.0050,0.0160
348,0,2.0120,0.0070
24,0,2.0620,0.0500
85,0,2.0940,0.0320
54,0,2.1720,0.0780
340,0,2.1880,0.0160
356,0,2.2660,0.0780
453,0,2.3750,0.1090
15,0,2.3910,0.0160
38,0,2.4060,0.0150
297,0,2.4220,0.0160
15,0,2.4430,0.0210
85,0,2.4550,0.0120
33,0,2.4870,0.0320
15,0,2.5020,0.0150
15,0,2.5130,0.0110
85,0,2.5150,0.0020
15,0,2.5320,0.0170
293,0,2.5640,0.0320
24,0,2.7670,0.2030
15,0,2.8150,0.0480
37,0,2.9220,0.1070
354,0,2.9450,0.0230
417,0,2.9570,0.0120
417,0,2.9770,0.0200
417,0,2.9790,0.0020
80,0,2.9850,0.0060
55,0,3.0000,0.0150
49,0,3.0190,0.0190
49,0,3.0320,0.0130
369,0,3.0570,0.0250
15,0,3.0640,0.0070
67,2,3.0780,0.0140
55,0,3.0950,0.0170
49,0,3.1100,0.0150
80,0,3.1570,0.0470
80,0,3.1720,0.0150
466,0,3.2190,0.0470
18,2,3.2350,0.0160
24,2,3.2660,0.0310
112,2,3.2970,0.0310
14,2,3.3150,0.0180
55,0,3.3280,0.0130
469,2,3.3440,0.0160
49,0,3.3600,0.0160
80,2,3.3890,0.0290
14,2,3.3900,0.0010
40,0,3.4230,0.0330
49,0,3.4360,0.0130
466,0,3.4380,0.0020
466,2,3.4530,0.0150
15,0,3.4690,0.0160
40,0,3.4840,0.0150
80,0,3.5160,0.0320
49,0,3.5310,0.0150
49,0,3.5510,0.0200
49,0,3.5640,0.0130
49,0,3.5780,0.0140
80,3,3.6020,0.0240
80,3,3.6060,0.0040
49,0,3.6100,0.0040
369,0,3.6300,0.0200
80,3,3.6370,0.0070
18,0,3.6560,0.0190
80,2,3.6720,0.0160
469,3,3.6880,0.0160
369,0,3.7380,0.0500
369,0,3.7480,0.0100
4,0,3.7500,0.0020
356,3,3.7650,0.0150
49,4,3.7830,0.0180
356,3,3.7970,0.0140
18,3,3.8130,0.0160
80,4,3.8290,0.0160
61,3,3.8760,0.0470
51,3,3.8910,0.0150
15,4,3.9070,0.0160
51,0,3.9590,0.0520
76,0,3.9690,0.0100
51,0,4.0010,0.0320
76,0,4.0230,0.0220
76,0,4.0310,0.0080
76,0,4.0570,0.0260
416,0,4.0670,0.0100
24,0,4.0960,0.0290
30,0,4.1200,0.0240
73,0,4.2400,0.1200
73,0,4.2600,0.0200
24,0,4.2690,0.0090
18,0,4.4070,0.1380
23,0,4.4380,0.0310
24,0,4.5160,0.0780
24,0,4.5320,0.0160
35,0,4.5470,0.0150
416,0,4.5950,0.0480
416,0,4.6130,0.0180
453,0,4.6290,0.0160
25,0,4.6420,0.0130
192,0,4.6590,0.0170
51,0,4.6760,0.0170
7,0,4.6900,0.0140
453,0,4.7690,0.0790
24,0,4.8470,0.0780
453,0,4.9100,0.0630
416,0,4.9250,0.0150
453,0,4.9530,0.0280
453,0,4.9750,0.0220
35,0,5.0640,0.0890
35,0,5.0990,0.0350
35,0,5.1130,0.0140
35,0,5.1340,0.0210
24,0,5.1720,0.0380
73,0,5.1950,0.0230
35,0,5.2530,0.0580
24,0,5.3170,0.0640
416,0,5.3490,0.0320
35,0,5.4400,0.0910
35,0,5.4580,0.0180
35,0,5.4710,0.0130
24,0,5.7660,0.2950
416,0,5.8280,0.0620
54,0,5.8440,0.0160
80,0,5.8590,0.0150
140,0,5.8750,0.0160
25,0,5.8910,0.0160
453,0,5.9060,0.0150
18,0,5.9220,0.0160
18,0,5.9530,0.0310
18,0,5.9690,0.0160
4834,0,5.9840,0.0150
24,0,6.0000,0.0160
80,0,6.0160,0.0160
247,0,6.1090,0.0930
33,0,6.1560,0.0470
18,0,6.1720,0.0160
19,0,6.1870,0.0150
19,0,6.2500,0.0630
18,0,6.2650,0.0150
23,0,6.2810,0.0160
15,0,6.2970,0.0160
18,0,6.3120,0.0150
35,0,6.5790,0.2670
4101,0,6.5950,0.0160
297,0,6.6100,0.0150
0,0,6.6570,0.0470
289,0,6.6730,0.0160
22,0,6.6890,0.0160
289,0,6.7040,0.0150
23,0,6.7200,0.0160
28,0,6.7350,0.0150
5,0,6.7510,0.0160
5349,0,6.7660,0.0150
416,0,6.7820,0.0160
416,0,6.8290,0.0470
35,0,6.8450,0.0160
4151,0,6.8760,0.0310
453,0,6.8920,0.0160
51,0,6.9700,0.0780
74,0,6.9850,0.0150
33,0,7.0010,0.0160
18,0,7.0170,0.0160
73,0,7.0320,0.0150
140,0,7.0480,0.0160
15,0,7.0640,0.0160
105,0,7.0950,0.0310
4162,0,7.1260,0.0310
35,0,7.1420,0.0160
14,0,7.1670,0.0250
417,0,7.1720,0.0050
67,0,7.1960,0.0240
35,0,7.2070,0.0110
21,0,7.2970,0.0900
21,0,7.3210,0.0240
72,0,7.3300,0.0090
51,0,7.3910,0.0610
340,0,7.4120,0.0210
21,0,7.4270,0.0150
33,0,7.4430,0.0160
33,0,7.4600,0.0170
24,0,7.4740,0.0140
23,0,7.4940,0.0200
18,0,7.5030,0.0090
18,0,7.5340,0.0310
18,0,7.5500,0.0160
23,0,7.5650,0.0150
85,0,7.6130,0.0480
74,0,7.6280,0.0150
18,0,7.6450,0.0170
23,0,7.6580,0.0130
21,0,7.7080,0.0500
21,0,7.7190,0.0110
4,0,7.7700,0.0510
80,0,7.8160,0.0460
51,0,7.8320,0.0160
85,0,7.8470,0.0150
85,0,7.8610,0.0140
51,0,7.8940,0.0330
73,0,7.9140,0.0200
51,0,7.9440,0.0300
51,0,7.9580,0.0140
73,0,7.9750,0.0170
51,0,7.9900,0.0150
37,0,8.0170,0.0270
40,0,8.0410,0.0240
24,0,8.0470,0.0060
55,0,8.0650,0.0180
49,0,8.0790,0.0140
49,3,8.0940,0.0150
55,3,8.1100,0.0160
51,2,8.1100,0.0160
80,3,8.1250,0.0150
24,0,8.2230,0.0980
22,0,8.2370,0.0140
22,0,8.2540,0.0170
24,0,8.2990,0.0450
356,0,8.3170,0.0180
444,0,8.3630,0.0460
356,0,8.4120,0.0490
33,0,8.4410,0.0290
22,0,8.4570,0.0160
22,0,8.4680,0.0110
22,0,8.4920,0.0240
72,0,8.5010,0.0090
36,0,8.5190,0.0180
22,0,8.5670,0.0480
453,0,8.5820,0.0150
72,0,8.5970,0.0150
64,0,8.6130,0.0160
453,0,8.6290,0.0160
416,0,8.6440,0.0150
61,0,8.6910,0.0470
22,0,8.7380,0.0470
192,0,8.7850,0.0470
192,0,8.8010,0.0160
416,0,8.8320,0.0310
453,0,8.8620,0.0300
416,0,8.8790,0.0170
453,0,8.9410,0.0620
416,0,8.9570,0.0160
453,0,8.9750,0.0180
453,0,8.9900,0.0150
61,0,9.0070,0.0170
51,0,9.0200,0.0130
4,0,9.0360,0.0160
4,0,9.0490,0.0130
61,0,9.1280,0.0790
24,0,9.1440,0.0160
24,0,9.1600,0.0160
5254,0,9.3470,0.1870
5254,0,9.3790,0.0320
5254,0,9.4090,0.0300
5254,0,9.4220,0.0130
5254,0,9.4560,0.0340
5254,0,9.4720,0.0160
5254,0,9.5040,0.0320
5254,0,9.5190,0.0150
5254,0,9.5510,0.0320
5254,0,9.5650,0.0140
5254,0,9.5970,0.0320
5254,0,9.6130,0.0160
5254,0,9.6440,0.0310
5254,0,9.6750,0.0310
5254,0,9.6910,0.0160
5254,0,9.7220,0.0310
5254,0,9.7370,0.0150
5254,0,9.7530,0.0160
5254,0,9.7840,0.0310
5254,0,9.8480,0.0640
5254,0,9.8630,0.0150
5254,0,9.8940,0.0310
39,0,9.9260,0.0320
51,0,9.9380,0.0120
5254,0,9.9720,0.0340
5254,0,9.9880,0.0160
5254,0,10.0160,0.0280
5254,0,10.0380,0.0220
5254,0,10.0490,0.0110
5254,0,10.0640,0.0150
5254,0,10.0950,0.0310
5254,0,10.1140,0.0190
5254,0,10.1280,0.0140
5254,0,10.1440,0.0160
5254,0,10.1590,0.0150
5254,0,10.1750,0.0160
5254,0,10.1920,0.0170
5254,0,10.2060,0.0140
5254,0,10.2380,0.0320
5254,0,10.2530,0.0150
5254,0,10.2690,0.0160
5254,0,10.2840,0.0150
5254,0,10.3160,0.0320
5254,0,10.3310,0.0150
5254,0,10.3620,0.0310
5254,0,10.3790,0.0170
5254,0,10.3940,0.0150
5254,0,10.4090,0.0150
8,0,10.4250,0.0160
5254,0,10.4410,0.0160
5254,0,10.4550,0.0140
5254,0,10.4730,0.0180
5254,0,10.4870,0.0140
5254,0,10.5030,0.0160
5254,0,10.5200,0.0170
5254,0,10.5330,0.0130
5254,0,10.5510,0.0180
5254,0,10.5650,0.0140
5254,0,10.5820,0.0170
5254,0,10.5940,0.0120
5254,0,10.6090,0.0150
5254,0,10.6310,0.0220
5254,0,10.6440,0.0130
5254,0,10.6610,0.0170
30,0,10.6760,0.0150
30,0,10.6900,0.0140
24,0,10.7070,0.0170
23,0,10.7230,0.0160
21,0,10.7380,0.0150
61,0,10.7840,0.0460
22,0,10.8170,0.0330
23,0,10.8310,0.0140
51,0,10.8480,0.0170
49,0,10.8560,0.0080
49,0,10.8590,0.0030
49,0,10.8780,0.0190
15,0,10.8920,0.0140
80,0,10.9060,0.0140
22,0,10.9730,0.0670
453,0,10.9910,0.0180
4151,0,11.1130,0.1220
80,0,11.1270,0.0140
54,0,11.1430,0.0160
416,0,11.1610,0.0180
85,0,11.1750,0.0140
340,0,11.1910,0.0160
416,0,11.2220,0.0310
453,0,11.2530,0.0310
453,0,11.2690,0.0160
72,0,11.3620,0.0930
340,0,11.3770,0.0150
453,0,11.4100,0.0330
416,0,11.4250,0.0150
22,0,11.4560,0.0310
80,0,11.5970,0.1410
15,0,11.6140,0.0170
80,0,11.7030,0.0890
91,0,11.7260,0.0230
14,0,11.7400,0.0140
15,0,11.7580,0.0180
15,0,11.7700,0.0120
15,0,11.8280,0.0580
80,0,11.8510,0.0230
4275,0,11.8590,0.0080
4275,0,11.8750,0.0160
80,0,11.8910,0.0160
96,0,11.9220,0.0310
15,0,11.9380,0.0160
61,0,12.0310,0.0930
80,0,12.0470,0.0160
18,0,12.1460,0.0990
18,0,12.1610,0.0150
297,0,12.1770,0.0160
15,0,12.1930,0.0160
33,0,12.2550,0.0620
18,0,12.2750,0.0200
33,0,12.2830,0.0080
76,0,12.3040,0.0210
25,0,12.3460,0.0420
140,0,12.3780,0.0320
33,0,12.4100,0.0320
61,0,12.4410,0.0310
35,0,12.4700,0.0290
51,0,12.4930,0.0230
17,0,12.5210,0.0280
39,0,12.5360,0.0150
17,0,12.5550,0.0190
42,0,12.5670,0.0120
340,0,12.6280,0.0610
85,0,12.6610,0.0330
15,0,12.7380,0.0770
28,0,12.7530,0.0150
15,0,12.7660,0.0130
4,0,12.7810,0.0150
