SysID,Thread ID,time,inetrval
14,0,0.2240,0.2240
80,0,0.5160,0.2920
80,0,0.5310,0.0150
80,0,0.5470,0.0160
18,0,0.6250,0.0780
18,0,0.7370,0.1120
37,0,0.9060,0.1690
55,0,0.9370,0.0310
61,0,0.9690,0.0320
51,0,0.9920,0.0230
40,0,1.0030,0.0110
49,0,1.0500,0.0470
80,0,1.0820,0.0320
347,0,1.1110,0.0290
80,0,1.1890,0.0780
80,0,1.3300,0.1410
15,0,1.3440,0.0140
76,0,1.3910,0.0470
416,0,1.4100,0.0190
453,0,1.4390,0.0290
453,0,1.4690,0.0300
453,0,1.4890,0.0200
18,0,1.6100,0.1210
453,0,1.6260,0.0160
453,0,1.6560,0.0300
24,0,1.6720,0.0160
24,0,1.7500,0.0780
80,0,1.7820,0.0320
453,0,1.7970,0.0150
453,0,1.8140,0.0170
18,0,1.8410,0.0270
51,0,1.9690,0.1280
15,0,1.9840,0.0150
51,0,2.0000,0.0160
15,0,2.0150,0.0150
24,0,2.0940,0.0790
85,0,2.1250,0.0310
74,0,2.1410,0.0160
54,0,2.2350,0.0940
340,0,2.2530,0.0180
356,0,2.3280,0.0750
453,0,2.4390,0.1110
38,0,2.4690,0.0300
297,0,2.4910,0.0220
24,0,2.4970,0.0060
15,0,2.5150,0.0180
85,0,2.5310,0.0160
33,0,2.5470,0.0160
15,0,2.5630,0.0160
15,0,2.5780,0.0150
15,0,2.5940,0.0160
293,0,2.6290,0.0350
24,0,2.8160,0.1870
15,0,2.8860,0.0700
37,0,2.9850,0.0990
173,0,3.0060,0.0210
196,0,3.0180,0.0120
417,0,3.0350,0.0170
80,0,3.0510,0.0160
40,0,3.0660,0.0150
49,0,3.0800,0.0140
49,0,3.0960,0.0160
15,0,3.1130,0.0170
49,0,3.1280,0.0150
80,0,3.1410,0.0130
49,0,3.1560,0.0150
24,0,3.1880,0.0320
18,0,3.2200,0.0320
55,0,3.2550,0.0350
49,0,3.2660,0.0110
40,0,3.3350,0.0690
49,0,3.3670,0.0320
369,0,3.4000,0.0330
67,2,3.4070,0.0070
15,0,3.4220,0.0150
24,2,3.4380,0.0160
469,2,3.4690,0.0310
369,2,3.5160,0.0470
67,3,3.5310,0.0150
67,4,3.5470,0.0160
15,0,3.5620,0.0150
51,0,3.6130,0.0510
51,0,3.6590,0.0460
76,0,3.6840,0.0250
76,0,3.6880,0.0040
416,0,3.7190,0.0310
35,0,3.8140,0.0950
35,0,3.8370,0.0230
35,0,3.8490,0.0120
35,0,3.8670,0.0180
35,0,3.9030,0.0360
35,0,3.9090,0.0060
24,0,3.9400,0.0310
73,0,3.9700,0.0300
35,0,4.0530,0.0830
18,0,4.0800,0.0270
23,0,4.1300,0.0500
24,0,4.2500,0.1200
24,0,4.3140,0.0640
35,0,4.3590,0.0450
35,0,4.3820,0.0230
35,0,4.3860,0.0040
35,0,4.3910,0.0050
24,0,4.8630,0.4720
416,0,4.8910,0.0280
24,0,4.9230,0.0320
416,0,4.9570,0.0340
35,0,4.9730,0.0160
54,0,4.9880,0.0150
80,0,5.0030,0.0150
140,0,5.0200,0.0170
25,0,5.0360,0.0160
18,0,5.0500,0.0140
18,0,5.0660,0.0160
18,0,5.0820,0.0160
18,0,5.1140,0.0320
18,0,5.1280,0.0140
15,0,5.1440,0.0160
80,0,5.1750,0.0310
35,0,5.2680,0.0930
4101,0,5.2940,0.0260
37,0,5.2970,0.0030
66,0,5.3180,0.0210
0,0,5.3620,0.0440
25,0,5.3760,0.0140
289,0,5.3950,0.0190
22,0,5.4100,0.0150
23,0,5.4390,0.0290
28,0,5.4710,0.0320
5349,0,5.5040,0.0330
417,0,5.5350,0.0310
85,0,5.5980,0.0630
8,0,5.6130,0.0150
247,0,5.7500,0.1370
33,0,5.8130,0.0630
18,0,5.8280,0.0150
19,0,5.9090,0.0810
18,0,5.9220,0.0130
23,0,5.9450,0.0230
15,0,5.9560,0.0110
18,0,5.9730,0.0170
24,0,6.1110,0.1380
18,0,6.2540,0.1430
15,0,6.2690,0.0150
51,0,6.3000,0.0310
35,0,6.3150,0.0150
35,0,6.3460,0.0310
35,0,6.3630,0.0170
4353,0,6.3800,0.0170
5125,0,6.3910,0.0110
4188,0,6.4180,0.0270
80,0,6.4380,0.0200
4211,0,6.4680,0.0300
33,0,6.5040,0.0360
72,0,6.5220,0.0180
341,0,6.5370,0.0150
23,0,6.5630,0.0260
18,0,6.6190,0.0560
18,0,6.6230,0.0040
4,0,6.6410,0.0180
24,0,6.6560,0.0150
24,0,6.6720,0.0160
4,0,6.6930,0.0210
4,0,6.7060,0.0130
4819,0,6.7500,0.0440
4802,0,6.7720,0.0220
4200,0,6.7970,0.0250
80,0,6.8280,0.0310
4156,0,6.8610,0.0330
4819,0,6.8760,0.0150
4819,0,6.9070,0.0310
80,0,6.9430,0.0360
4173,0,6.9570,0.0140
4225,0,6.9720,0.0150
80,0,6.9970,0.0250
4128,0,7.0210,0.0240
4483,0,7.0500,0.0290
37,0,7.1140,0.0640
356,0,7.1440,0.0300
18,0,7.1720,0.0280
61,0,7.2350,0.0630
51,0,7.2570,0.0220
49,0,7.2670,0.0100
369,0,7.2850,0.0180
28,4,7.2990,0.0140
14,4,7.3170,0.0180
24,0,7.3310,0.0140
24,0,7.3530,0.0220
73,0,7.4400,0.0870
24,0,7.5500,0.1100
18,0,7.5650,0.0150
416,0,7.6260,0.0610
14,0,7.6590,0.0330
80,0,7.7030,0.0440
4159,0,7.7340,0.0310
4149,0,7.7650,0.0310
4178,0,7.7810,0.0160
4819,0,7.8120,0.0310
4298,0,7.8280,0.0160
22,0,7.8530,0.0250
22,0,7.8610,0.0080
4106,0,7.8810,0.0200
19,0,7.8930,0.0120
4188,0,7.9220,0.0290
4221,0,7.9460,0.0240
19,0,7.9490,0.0030
4188,0,7.9530,0.0040
19,0,7.9690,0.0160
4298,0,8.0160,0.0470
24,0,8.0420,0.0260
4,0,8.0990,0.0570
23,0,8.1190,0.0200
15,0,8.1570,0.0380
6,0,8.1790,0.0220
74,0,8.1880,0.0090
4298,0,8.2240,0.0360
4298,0,8.2370,0.0130
4298,0,8.2500,0.0130
356,0,8.3460,0.0960
444,0,8.3650,0.0190
356,0,8.3770,0.0120
356,0,8.4270,0.0500
180,0,8.5630,0.1360
300,0,8.5940,0.0310
300,0,8.6090,0.0150
32,0,8.6250,0.0160
30,0,8.9690,0.3440
4787,0,9.0000,0.0310
4781,0,9.0150,0.0150
24,0,9.0310,0.0160
4328,0,9.0950,0.0640
23,0,9.1560,0.0610
23,0,9.1810,0.0250
4221,0,9.1900,0.0090
50,0,9.2050,0.0150
4131,0,9.2270,0.0220
22,0,9.2360,0.0090
4781,0,9.5510,0.3150
4159,0,9.6750,0.1240
4142,0,9.7040,0.0290
4131,0,9.7250,0.0210
4158,0,9.7690,0.0440
4156,0,9.8010,0.0320
4188,0,9.8160,0.0150
4131,0,9.8290,0.0130
4258,0,9.8850,0.0560
4212,0,9.8920,0.0070
4264,0,9.9110,0.0190
4212,0,9.9260,0.0150
4242,0,9.9420,0.0160
4251,0,9.9580,0.0160
4103,0,9.9680,0.0100
4103,0,9.9910,0.0230
4129,0,10.0030,0.0120
35,0,10.0180,0.0150
4101,0,10.0360,0.0180
4258,0,10.0810,0.0450
4212,0,10.1110,0.0300
4103,0,10.1280,0.0170
4258,0,10.1450,0.0170
4242,0,10.1570,0.0120
51,0,10.1900,0.0330
4158,0,10.2060,0.0160
4132,0,10.2380,0.0320
5412,0,10.2530,0.0150
4177,0,10.2690,0.0160
5,0,10.2830,0.0140
4103,0,10.3020,0.0190
4097,0,10.3140,0.0120
4129,0,10.3310,0.0170
