SysID,Thread ID,time,inetrval
14,0,0.2970,0.2970
80,0,0.7820,0.4850
80,0,0.7980,0.0160
80,0,0.8140,0.0160
18,0,0.8440,0.0300
18,0,0.9720,0.1280
18,0,1.1250,0.1530
37,0,1.3460,0.2210
55,0,1.3770,0.0310
61,0,1.4070,0.0300
51,0,1.4380,0.0310
74,0,1.4540,0.0160
49,0,1.5330,0.0790
80,0,1.5630,0.0300
347,0,1.5930,0.0300
347,0,1.5940,0.0010
80,0,1.6880,0.0940
80,0,1.8620,0.1740
15,0,1.8760,0.0140
76,0,1.9080,0.0320
416,0,1.9270,0.0190
453,0,1.9590,0.0320
453,0,2.0010,0.0420
453,0,2.0160,0.0150
18,0,2.1430,0.1270
453,0,2.1600,0.0170
453,0,2.1890,0.0290
24,0,2.2040,0.0150
24,0,2.2810,0.0770
80,0,2.3130,0.0320
453,0,2.3290,0.0160
453,0,2.3510,0.0220
18,0,2.3600,0.0090
51,0,2.5000,0.1400
15,0,2.5160,0.0160
51,0,2.5310,0.0150
51,0,2.5470,0.0160
24,0,2.6100,0.0630
85,0,2.6320,0.0220
17,0,2.6430,0.0110
54,0,2.7050,0.0620
340,0,2.7230,0.0180
356,0,2.8010,0.0780
453,0,2.9250,0.1240
15,0,2.9380,0.0130
38,0,2.9610,0.0230
297,0,3.0150,0.0540
33,0,3.0160,0.0010
15,0,3.0380,0.0220
85,0,3.0490,0.0110
33,0,3.0810,0.0320
76,0,3.0980,0.0170
18,0,3.1120,0.0140
293,0,3.1600,0.0480
24,0,3.3640,0.2040
15,0,3.4220,0.0580
37,0,3.5320,0.1100
354,0,3.5470,0.0150
196,0,3.5630,0.0160
417,0,3.5780,0.0150
80,0,3.5940,0.0160
40,0,3.6100,0.0160
55,0,3.6310,0.0210
49,0,3.6430,0.0120
369,0,3.6600,0.0170
15,0,3.6720,0.0120
1,2,3.7030,0.0310
40,0,3.7200,0.0170
80,2,3.7660,0.0460
24,2,3.8140,0.0480
18,2,3.8290,0.0150
23,2,3.8440,0.0150
466,0,3.8750,0.0310
112,2,3.8910,0.0160
14,2,3.9070,0.0160
469,2,3.9380,0.0310
49,0,3.9550,0.0170
24,0,3.9710,0.0160
466,2,3.9850,0.0140
40,0,4.0170,0.0320
80,0,4.0310,0.0140
369,0,4.0470,0.0160
67,4,4.0630,0.0160
1,4,4.0790,0.0160
112,2,4.0950,0.0160
49,0,4.1110,0.0160
469,3,4.1260,0.0150
49,0,4.1420,0.0160
40,0,4.1570,0.0150
24,0,4.1730,0.0160
80,0,4.1920,0.0190
49,0,4.2190,0.0270
49,0,4.2350,0.0160
369,0,4.2540,0.0190
469,2,4.2660,0.0120
14,3,4.2830,0.0170
469,3,4.2970,0.0140
51,0,4.3240,0.0270
24,0,4.3460,0.0220
369,0,4.3760,0.0300
4,0,4.3910,0.0150
51,3,4.4060,0.0150
4,0,4.4220,0.0160
356,4,4.4370,0.0150
18,4,4.4530,0.0160
80,3,4.5160,0.0630
61,4,4.5320,0.0160
369,3,4.5480,0.0160
74,4,4.5620,0.0140
80,2,4.5790,0.0170
51,0,4.6300,0.0510
51,0,4.6390,0.0090
76,0,4.6410,0.0020
51,0,4.6720,0.0310
76,0,4.6930,0.0210
76,0,4.7050,0.0120
76,0,4.7220,0.0170
416,0,4.7340,0.0120
24,0,4.7980,0.0640
73,0,4.9260,0.1280
73,0,4.9420,0.0160
18,0,5.0790,0.1370
23,0,5.0940,0.0150
23,0,5.1300,0.0360
24,0,5.1580,0.0280
24,0,5.1830,0.0250
18,0,5.1880,0.0050
416,0,5.2530,0.0650
416,0,5.2850,0.0320
453,0,5.3060,0.0210
453,0,5.3160,0.0100
72,0,5.3320,0.0160
51,0,5.3500,0.0180
35,0,5.3640,0.0140
453,0,5.4470,0.0830
24,0,5.4910,0.0440
24,0,5.5360,0.0450
453,0,5.6140,0.0780
453,0,5.6510,0.0370
453,0,5.6600,0.0090
453,0,5.6730,0.0130
35,0,5.7700,0.0970
35,0,5.8050,0.0350
35,0,5.8150,0.0100
35,0,5.8300,0.0150
35,0,5.8460,0.0160
24,0,5.8610,0.0150
73,0,5.8760,0.0150
35,0,5.9540,0.0780
24,0,6.0310,0.0770
416,0,6.0630,0.0320
35,0,6.1570,0.0940
35,0,6.1720,0.0150
24,0,6.5000,0.3280
416,0,6.5780,0.0780
54,0,6.5940,0.0160
140,0,6.6250,0.0310
25,0,6.6420,0.0170
453,0,6.6570,0.0150
18,0,6.6740,0.0170
18,0,6.6880,0.0140
18,0,6.7190,0.0310
18,0,6.7350,0.0160
37,0,6.7560,0.0210
24,0,6.7670,0.0110
80,0,6.7830,0.0160
247,0,6.8960,0.1130
33,0,6.9550,0.0590
18,0,6.9710,0.0160
19,0,6.9870,0.0160
19,0,7.0830,0.0960
18,0,7.0950,0.0120
23,0,7.1100,0.0150
15,0,7.1270,0.0170
18,0,7.1430,0.0160
35,0,7.4260,0.2830
4101,0,7.4390,0.0130
37,0,7.4550,0.0160
297,0,7.4710,0.0160
0,0,7.5170,0.0460
25,0,7.5320,0.0150
289,0,7.5470,0.0150
22,0,7.5670,0.0200
23,0,7.5960,0.0290
28,0,7.6110,0.0150
15,0,7.6260,0.0150
5349,0,7.6420,0.0160
416,0,7.6590,0.0170
416,0,7.7200,0.0610
35,0,7.7360,0.0160
4151,0,7.7680,0.0320
4151,0,7.7820,0.0140
453,0,7.7990,0.0170
51,0,7.8920,0.0930
33,0,7.9070,0.0150
18,0,7.9380,0.0310
73,0,7.9530,0.0150
140,0,7.9860,0.0330
105,0,8.0330,0.0470
4162,0,8.0480,0.0150
35,0,8.0640,0.0160
14,0,8.0950,0.0310
417,0,8.1260,0.0310
35,0,8.1550,0.0290
35,0,8.1570,0.0020
72,0,8.2540,0.0970
51,0,8.3170,0.0630
340,0,8.3460,0.0290
33,0,8.3800,0.0340
33,0,8.3930,0.0130
341,0,8.4110,0.0180
23,0,8.4240,0.0130
23,0,8.4390,0.0150
15,0,8.4590,0.0200
18,0,8.4880,0.0290
23,0,8.5200,0.0320
85,0,8.5660,0.0460
74,0,8.5820,0.0160
40,0,8.5960,0.0140
23,0,8.6120,0.0160
4,0,8.6740,0.0620
4,0,8.7360,0.0620
80,0,8.7840,0.0480
51,0,8.7980,0.0140
61,0,8.8140,0.0160
15,0,8.8300,0.0160
85,0,8.8480,0.0180
51,0,8.8780,0.0300
15,0,8.8940,0.0160
51,0,8.9270,0.0330
51,0,8.9390,0.0120
73,0,8.9580,0.0190
51,0,8.9710,0.0130
37,0,9.0040,0.0330
40,0,9.0180,0.0140
49,0,9.0320,0.0140
80,2,9.0470,0.0150
49,0,9.0730,0.0260
112,3,9.0830,0.0100
469,3,9.0930,0.0100469,3,9.0930,0.0100
80,2,9.0940,0.0010
76,0,9.1260,0.0320
22,0,9.2220,0.0960
15,0,9.2370,0.0150
24,0,9.3010,0.0640
444,0,9.3310,0.0300
356,0,9.3460,0.0150
356,0,9.3930,0.0470
33,0,9.4240,0.0310
22,0,9.4410,0.0170
22,0,9.4580,0.0170
22,0,9.4720,0.0140
22,0,9.4880,0.0160
282,0,9.5020,0.0140
15,0,9.5190,0.0170
22,0,9.5640,0.0450
453,0,9.5810,0.0170
72,0,9.5970,0.0160
64,0,9.6120,0.0150
453,0,9.6280,0.0160
416,0,9.6430,0.0150
61,0,9.6910,0.0480
40,0,9.7060,0.0150
22,0,9.7530,0.0470
192,0,9.7980,0.0450
192,0,9.8170,0.0190
416,0,9.8630,0.0460
453,0,9.9000,0.0370
416,0,9.9070,0.0070
453,0,9.9710,0.0640
416,0,9.9890,0.0180
453,0,10.0190,0.0300
61,0,10.0330,0.0140
51,0,10.0520,0.0190
4,0,10.0650,0.0130
4,0,10.0970,0.0320
61,0,10.1580,0.0610
24,0,10.1880,0.0300
24,0,10.2190,0.0310
5254,0,10.3910,0.1720
39,0,10.4540,0.0630
30,0,10.4870,0.0330
30,0,10.5040,0.0170
22,0,10.5190,0.0150
15,0,10.5350,0.0160
24,0,10.5970,0.0620
22,0,10.6270,0.0300
23,0,10.6450,0.0180
37,0,10.6610,0.0160
40,0,10.6700,0.0090
49,0,10.6720,0.0020
80,0,10.6880,0.0160
80,4,10.7040,0.0160
80,4,10.7200,0.0160
22,0,10.7840,0.0640
453,0,10.7990,0.0150
4151,0,10.9230,0.1240
80,0,10.9430,0.0200
54,0,10.9550,0.0120
25,0,10.9680,0.0130
54,0,10.9700,0.0020
416,0,10.9910,0.0210
85,0,11.0020,0.0110
340,0,11.0180,0.0160
416,0,11.0500,0.0320
453,0,11.0980,0.0480
453,0,11.1110,0.0130
72,0,11.2040,0.0930
340,0,11.2190,0.0150
453,0,11.2500,0.0310
453,0,11.2660,0.0160
22,0,11.2970,0.0310
14,0,11.3130,0.0160
80,0,11.4420,0.1290
15,0,11.4550,0.0130
15,0,11.4710,0.0160
80,0,11.5630,0.0920
91,0,11.5830,0.0200
15,0,11.5960,0.0130
15,0,11.6260,0.0300
15,0,11.6430,0.0170
15,0,11.7090,0.0660
80,0,11.7200,0.0110
4275,0,11.7400,0.0200
15,0,11.7540,0.0140
80,0,11.7690,0.0150
96,0,11.8020,0.0330
61,0,11.9070,0.1050
61,0,11.9230,0.0160
80,0,11.9390,0.0160
18,0,12.0320,0.0930
15,0,12.0640,0.0320
18,0,12.1410,0.0770
51,0,12.1720,0.0310
35,0,12.1950,0.0230
453,0,12.2050,0.0100
51,0,12.2210,0.0160
35,0,12.2370,0.0160
4098,0,12.2980,0.0610
4353,0,12.3290,0.0310
5125,0,12.3470,0.0180
4188,0,12.3600,0.0130
80,0,12.3940,0.0340
4328,0,12.4140,0.0200
4211,0,12.4410,0.0270
4,0,12.4700,0.0290
4,0,12.4870,0.0170
4,0,12.5040,0.0170
4,0,12.5310,0.0270
4819,0,12.5810,0.0500
4802,0,12.5970,0.0160
4200,0,12.6130,0.0160
80,0,12.6590,0.0460
4156,0,12.6880,0.0290
4819,0,12.7040,0.0160
4819,0,12.7270,0.0230
80,0,12.7530,0.0260
4173,0,12.7690,0.0160
4225,0,12.7810,0.0120
80,0,12.8000,0.0190
4139,0,12.8150,0.0150
4128,0,12.8300,0.0150
4483,0,12.8600,0.0300
37,0,12.9390,0.0790
49,0,12.9560,0.0170
14,0,12.9900,0.0340
80,0,13.0800,0.0900
4159,0,13.0970,0.0170
4149,0,13.1420,0.0450
4267,0,13.1590,0.0170
4819,0,13.1880,0.0290
4298,0,13.2120,0.0240
4769,0,13.2240,0.0120
22,0,13.2370,0.0130
4106,0,13.2670,0.0300
19,0,13.2830,0.0160
4188,0,13.2990,0.0160
4131,0,13.3160,0.0170
19,0,13.3290,0.0130
19,0,13.3480,0.0190
19,0,13.3600,0.0120
4298,0,13.4230,0.0630
4,0,13.5060,0.0830
15,0,13.5480,0.0420
17,0,13.5650,0.0170
4298,0,13.6110,0.0460
4298,0,13.6260,0.0150
356,0,13.7060,0.0800
356,0,13.7530,0.0470
180,0,13.8610,0.1080
300,0,13.8760,0.0150
10,0,13.8950,0.0190
15,0,13.9080,0.0130
30,0,14.3100,0.4020
4787,0,14.3440,0.0340
4781,0,14.3600,0.0160
4328,0,14.4230,0.0630
23,0,14.4860,0.0630
23,0,14.5050,0.0190
23,0,14.5180,0.0130
50,0,14.5380,0.0200
50,0,14.5480,0.0100
4131,0,14.5640,0.0160
4781,0,14.9550,0.3910
4159,0,15.1100,0.1550
4159,0,15.1420,0.0320
356,0,15.1570,0.0150
356,0,15.1730,0.0160
180,0,15.2810,0.1080
300,0,15.2970,0.0160
15,0,15.3130,0.0160
4159,0,15.4220,0.1090
4159,0,15.4530,0.0310
4159,0,15.4690,0.0160
4159,0,15.4840,0.0150
4159,0,15.5000,0.0160
4159,0,15.5160,0.0160
4142,0,15.5320,0.0160
4139,0,15.5470,0.0150
4159,0,15.5630,0.0160
4159,0,15.5800,0.0170
4131,0,15.5940,0.0140
4158,0,15.6410,0.0470
4156,0,15.6720,0.0310
4131,0,15.7000,0.0280
4258,0,15.7540,0.0540
4158,0,15.7720,0.0180
4264,0,15.7840,0.0120
5,0,15.8040,0.0200
4242,0,15.8330,0.0290
4103,0,15.8470,0.0140
5,0,15.8620,0.0150
5,0,15.8810,0.0190
5,0,15.8880,0.0070
4129,0,15.8910,0.0030
18,0,15.9100,0.0190
35,0,15.9230,0.0130
4245,0,15.9380,0.0150
4258,0,15.9870,0.0490
4212,0,16.0020,0.0150
4258,0,16.0200,0.0180
4,0,16.0340,0.0140
4158,0,16.0630,0.0290
4264,0,16.0820,0.0190
4212,0,16.0950,0.0130
5230,0,16.1110,0.0160
5412,0,16.1580,0.0470
4103,0,16.1720,0.0140
49,0,16.1920,0.0200
80,4,16.2050,0.0130
453,0,16.2510,0.0460
14,0,16.2970,0.0460
80,0,16.3150,0.0180
4110,0,16.3310,0.0160
4166,0,16.3440,0.0130
5230,0,16.3600,0.0160
80,0,16.3750,0.0150
5292,0,16.3910,0.0160
4103,0,16.4060,0.0150
5,0,16.4220,0.0160
4258,0,16.4390,0.0170
4158,0,16.4530,0.0140
5,0,16.4700,0.0170
4158,0,16.5030,0.0330
4158,0,16.5160,0.0130
61,0,16.5790,0.0630
40,0,16.5950,0.0160
4158,0,16.6260,0.0310
35,0,16.6410,0.0150
51,0,16.6570,0.0160
35,0,16.6720,0.0150
35,0,16.6890,0.0170
4180,0,16.7350,0.0460
4272,0,16.7520,0.0170
80,0,16.7820,0.0300
4252,0,16.8140,0.0320
4107,0,16.8280,0.0140
4155,0,16.8450,0.0170
4137,0,16.8600,0.0150
4154,0,16.8840,0.0240
4107,0,16.8910,0.0070
4106,0,16.9060,0.0150
4107,0,16.9250,0.0190
4104,0,16.9380,0.0130
5052,0,16.9550,0.0170
4175,0,16.9850,0.0300
4132,0,17.0170,0.0320
5,0,17.0310,0.0140
4103,0,17.0320,0.0010
5,0,17.0470,0.0150
5412,0,17.0630,0.0160
5,0,17.0820,0.0190
5412,0,17.0950,0.0130
4097,0,17.1100,0.0150
4108,0,17.1280,0.0180
