SysID,Thread ID,time,inetrval
14,0,0.2190,0.2190
80,0,0.5630,0.3440
80,0,0.5790,0.0160
18,0,0.6000,0.0210
33,0,0.6090,0.0090
18,0,0.6410,0.0320
18,0,0.7550,0.1140
37,0,0.9250,0.1700
55,0,0.9560,0.0310
61,0,0.9890,0.0330
51,0,1.0180,0.0290
49,0,1.0940,0.0760
80,0,1.1180,0.0240
80,0,1.1270,0.0090
347,0,1.1520,0.0250
80,0,1.2650,0.1130
80,0,1.4220,0.1570
15,0,1.4380,0.0160
76,0,1.4700,0.0320
416,0,1.5010,0.0310
453,0,1.5300,0.0290
453,0,1.5640,0.0340
453,0,1.5790,0.0150
18,0,1.7050,0.1260
23,0,1.7200,0.0150
453,0,1.7510,0.0310
24,0,1.7970,0.0460
24,0,1.8790,0.0820
80,0,1.9110,0.0320
453,0,1.9310,0.0200
453,0,1.9420,0.0110
453,0,1.9580,0.0160
18,0,1.9840,0.0260
51,0,2.1390,0.1550
348,0,2.1410,0.0020
15,0,2.1670,0.0260
51,0,2.1880,0.0210
51,0,2.2100,0.0220
24,0,2.2670,0.0570
85,0,2.3100,0.0430
17,0,2.3130,0.0030
54,0,2.3900,0.0770
340,0,2.4060,0.0160
356,0,2.4700,0.0640
453,0,2.5630,0.0930
15,0,2.5940,0.0310
38,0,2.6250,0.0310
15,0,2.6570,0.0320
33,0,2.6890,0.0320
15,0,2.7190,0.0300
85,0,2.7390,0.0200
293,0,2.7820,0.0430
24,0,2.9690,0.1870
15,0,3.0470,0.0780
37,0,3.1580,0.1110
354,0,3.1770,0.0190
196,0,3.2030,0.0260
417,0,3.2190,0.0160
80,0,3.2400,0.0210
55,0,3.2510,0.0110
369,0,3.2810,0.0300
67,2,3.2980,0.0170
1,2,3.3130,0.0150
55,0,3.3280,0.0150
369,2,3.3760,0.0480
67,3,3.4060,0.0300
356,2,3.4220,0.0160
49,0,3.4390,0.0170
80,0,3.4530,0.0140
18,2,3.4690,0.0160
466,3,3.4840,0.0150
469,4,3.5000,0.0160
112,2,3.5320,0.0320
80,0,3.5470,0.0150
61,3,3.5620,0.0150
80,0,3.5790,0.0170
466,4,3.5940,0.0150
80,0,3.6090,0.0150
466,3,3.6250,0.0160
24,2,3.6450,0.0200
112,2,3.6750,0.0300
61,2,3.6890,0.0140
24,4,3.7200,0.0310
112,3,3.7660,0.0460
61,4,3.7810,0.0150
61,2,3.7970,0.0160
24,3,3.8280,0.0310
466,0,3.8440,0.0160
61,4,3.8600,0.0160

61,4,3.8600,0.0160
61,3,3.8750,0.0150
61,2,3.8910,0.0160
61,3,3.9060,0.0150
40,0,3.9220,0.0160
76,3,3.9390,0.0170
361,3,3.9570,0.0180
361,2,3.9840,0.0270
469,4,4.0010,0.0170
469,3,4.0200,0.0190
49,0,4.0310,0.0110
49,0,4.0490,0.0180
49,0,4.0630,0.0140
49,0,4.0990,0.0360
15,0,4.1120,0.0130
49,0,4.1250,0.0130
49,0,4.1460,0.0210
80,0,4.1560,0.0100
15,0,4.1750,0.0190
49,0,4.1860,0.0110
15,0,4.1880,0.0020
55,0,4.2030,0.0150
15,0,4.2200,0.0170
18,0,4.2690,0.0490
51,0,4.2820,0.0130
24,0,4.3440,0.0620
44,0,4.3600,0.0160
