SysID,Thread ID,time,inetrval
14,0,0.2350,0.2350
80,0,0.5330,0.2980
80,0,0.5500,0.0170
80,0,0.5620,0.0120
18,0,0.6130,0.0510
18,0,0.7360,0.1230
37,0,0.9080,0.1720
55,0,0.9400,0.0320
61,0,0.9720,0.0320
51,0,1.0010,0.0290
40,0,1.0170,0.0160
49,0,1.0780,0.0610
80,0,1.0990,0.0210
80,0,1.1110,0.0120
347,0,1.1280,0.0170
80,0,1.2200,0.0920
80,0,1.3770,0.1570
15,0,1.3910,0.0140
76,0,1.4370,0.0460
416,0,1.4530,0.0160
453,0,1.4850,0.0320
453,0,1.5160,0.0310
453,0,1.5480,0.0320
18,0,1.6580,0.1100
23,0,1.6720,0.0140
453,0,1.6890,0.0170
453,0,1.7200,0.0310
24,0,1.7390,0.0190
24,0,1.8290,0.0900
80,0,1.8630,0.0340
453,0,1.8750,0.0120
18,0,1.9370,0.0620
51,0,2.0650,0.1280
348,0,2.0820,0.0170
15,0,2.0940,0.0120
51,0,2.1100,0.0160
51,0,2.1250,0.0150
24,0,2.1880,0.0630
85,0,2.2030,0.0150
17,0,2.2190,0.0160
54,0,2.2980,0.0790
340,0,2.3130,0.0150
356,0,2.3910,0.0780
453,0,2.5150,0.1240
15,0,2.5320,0.0170
38,0,2.5470,0.0150
297,0,2.5640,0.0170
15,0,2.5900,0.0260
85,0,2.5940,0.0040
33,0,2.6260,0.0320
15,0,2.6430,0.0170
85,0,2.6590,0.0160
15,0,2.6750,0.0160
293,0,2.7190,0.0440
24,0,2.9230,0.2040
15,0,2.9850,0.0620
37,0,3.1100,0.1250
354,0,3.1250,0.0150
196,0,3.1490,0.0240
196,0,3.1580,0.0090
80,0,3.1740,0.0160
55,0,3.1880,0.0140
49,0,3.2030,0.0150
80,0,3.2230,0.0200
49,0,3.2350,0.0120
55,0,3.2510,0.0160
49,0,3.2660,0.0150
55,0,3.2840,0.0180
49,0,3.2970,0.0130
24,0,3.3150,0.0180
18,0,3.3290,0.0140
24,0,3.3440,0.0150
24,0,3.3570,0.0130
55,0,3.4230,0.0660
49,0,3.4530,0.0300
55,0,3.5150,0.0620
49,0,3.5470,0.0320
369,0,3.5790,0.0320
15,0,3.5930,0.0140
67,2,3.6080,0.0150
1,2,3.6250,0.0170
469,2,3.6400,0.0150
15,0,3.6560,0.0160
49,0,3.6750,0.0190
369,2,3.6880,0.0130
67,3,3.7030,0.0150
67,4,3.7210,0.0180
80,3,3.7340,0.0130
80,0,3.7500,0.0160
80,4,3.7670,0.0170
80,4,3.7830,0.0160
469,4,3.7970,0.0140
80,0,3.8140,0.0170
80,0,3.8290,0.0150
49,0,3.8440,0.0150
80,0,3.8580,0.0140
369,0,3.8590,0.0010
369,0,3.8780,0.0190
80,3,3.8890,0.0110
469,3,3.8920,0.0030
356,4,3.9380,0.0460
356,4,3.9530,0.0150
18,0,3.9680,0.0150
18,4,3.9840,0.0160
23,4,4.0150,0.0310
24,0,4.0940,0.0790
4,0,4.1260,0.0320
40,3,4.1420,0.0160

inetrval
       

40,3,4.1420,0.0160

inetrval
       

80,3,4.1620,0.0200
80,3,4.1720,0.0100
80,4,4.1870,0.0150
40,4,4.1880,0.0010
24,4,4.2340,0.0460
369,4,4.2500,0.0160
466,2,4.2650,0.0150
466,2,4.2650,0.0150
51,0,4.3150,0.0500
51,0,4.3460,0.0310
76,0,4.3610,0.0150
76,0,4.3750,0.0140
76,0,4.3920,0.0170
76,0,4.4070,0.0150
416,0,4.4240,0.0170
35,0,4.5370,0.1130
35,0,4.5470,0.0100
35,0,4.6260,0.0790
35,0,4.6420,0.0160
35,0,4.6720,0.0300
35,0,4.6900,0.0180
73,0,4.7500,0.0600
73,0,4.7660,0.0160
35,0,4.8460,0.0800
18,0,4.8750,0.0290
23,0,4.9060,0.0310
24,0,4.9710,0.0650
416,0,5.0200,0.0490
24,0,5.0980,0.0780
35,0,5.1280,0.0300
35,0,5.1510,0.0230
35,0,5.1590,0.0080
24,0,5.4680,0.3090
416,0,5.5860,0.1180
416,0,5.6470,0.0610
25,0,5.6590,0.0120
416,0,5.6770,0.0180
80,0,5.6910,0.0140
140,0,5.7210,0.0300
25,0,5.7380,0.0170
18,0,5.7620,0.0240
453,0,5.7660,0.0040
18,0,5.7830,0.0170
18,0,5.7970,0.0140
18,0,5.8280,0.0310
18,0,5.8470,0.0190
37,0,5.8590,0.0120
24,0,5.8750,0.0160
80,0,5.8950,0.0200
51,0,6.0330,0.1380
35,0,6.0640,0.0310
35,0,6.0810,0.0170
37,0,6.0960,0.0150
5169,0,6.1110,0.0150
0,0,6.1570,0.0460
15,0,6.1730,0.0160
289,0,6.1910,0.0180
22,0,6.2040,0.0130
23,0,6.2380,0.0340
28,0,6.2680,0.0300
5,0,6.2820,0.0140
5349,0,6.2980,0.0160
416,0,6.3150,0.0170
24,0,6.3460,0.0310
24,0,6.3590,0.0130
73,0,6.4540,0.0950
24,0,6.5690,0.1150
24,0,6.5830,0.0140
35,0,6.6320,0.0490
416,0,6.6730,0.0410
416,0,6.6940,0.0210
453,0,6.7090,0.0150
25,0,6.7220,0.0130
72,0,6.7420,0.0200
51,0,6.7510,0.0090
35,0,6.7760,0.0250
453,0,6.8480,0.0720
24,0,6.9370,0.0890
453,0,7.0150,0.0780
453,0,7.0470,0.0320
453,0,7.0630,0.0160
453,0,7.0780,0.0150
453,0,7.0940,0.0160
453,0,7.1090,0.0150
416,0,7.1250,0.0160
340,0,7.1430,0.0180
35,0,7.1600,0.0170
35,0,7.1730,0.0130
35,0,7.1930,0.0200
35,0,7.2050,0.0120
35,0,7.2230,0.0180
73,0,7.2540,0.0310
73,0,7.2680,0.0140
24,0,7.3930,0.1250
35,0,7.4080,0.0150
35,0,7.4240,0.0160
25,0,7.4400,0.0160
24,0,7.4560,0.0160
51,0,7.4710,0.0150
323,0,7.4860,0.0150
51,0,7.5020,0.0160
51,0,7.5160,0.0140
35,0,7.5480,0.0320
14,0,7.5630,0.0150
417,0,7.5830,0.0200
14,0,7.5980,0.0150
35,0,7.6580,0.0600
33,0,7.8450,0.1870
18,0,7.8610,0.0160
22,0,7.8760,0.0150
85,0,7.9410,0.0650
85,0,7.9580,0.0170
61,0,7.9710,0.0130
61,0,8.0330,0.0620
24,0,8.0490,0.0160
22,0,8.0660,0.0170
51,0,8.1290,0.0630
80,0,8.1560,0.0270
22,0,8.2210,0.0650
51,0,8.3160,0.0950
61,0,8.3460,0.0300
340,0,8.3760,0.0300
51,0,8.4100,0.0340
51,0,8.4250,0.0150
35,0,8.5000,0.0750
44,0,8.5160,0.0160
15,0,8.6110,0.0950
15,0,8.6290,0.0180
15,0,8.6440,0.0150
15,0,8.6600,0.0160
15,0,8.6750,0.0150
15,0,8.6900,0.0150
15,0,8.7680,0.0780
13,0,8.7840,0.0160
13,0,8.8000,0.0160
15,0,8.9370,0.1370
15,0,8.9710,0.0340
