SysID,Thread ID,time,inetrval
14,0,0.2350,0.2350
80,0,0.5960,0.3610
80,0,0.6160,0.0200
80,0,0.6220,0.0060
18,0,0.6250,0.0030
18,0,0.6870,0.0620
18,0,0.7860,0.0990
37,0,0.9730,0.1870
55,0,0.9890,0.0160
61,0,1.0180,0.0290
51,0,1.0490,0.0310
49,0,1.1270,0.0780
80,0,1.1450,0.0180
347,0,1.1730,0.0280
80,0,1.2810,0.1080
80,0,1.4390,0.1580
15,0,1.4530,0.0140
76,0,1.5000,0.0470
416,0,1.5160,0.0160
453,0,1.5470,0.0310
453,0,1.5780,0.0310
453,0,1.5940,0.0160
18,0,1.7180,0.1240
23,0,1.7340,0.0160
453,0,1.7520,0.0180
453,0,1.7820,0.0300
24,0,1.8150,0.0330
24,0,1.9060,0.0910
80,0,1.9570,0.0510
80,0,1.9700,0.0130
453,0,1.9850,0.0150
18,0,2.0080,0.0230
51,0,2.2180,0.2100
51,0,2.2500,0.0320
15,0,2.2680,0.0180
24,0,2.3600,0.0920
85,0,2.3750,0.0150
17,0,2.3910,0.0160
54,0,2.4550,0.0640
340,0,2.4690,0.0140
356,0,2.5380,0.0690
453,0,2.6560,0.1180
38,0,2.6880,0.0320
15,0,2.7190,0.0310
85,0,2.7340,0.0150
33,0,2.7650,0.0310
15,0,2.7810,0.0160
85,0,2.7970,0.0160
293,0,2.8430,0.0460
24,0,3.0630,0.2200
15,0,3.1260,0.0630
37,0,3.2350,0.1090
354,0,3.2500,0.0150
173,0,3.2700,0.0200
196,0,3.2820,0.0120
417,0,3.2990,0.0170
80,0,3.3160,0.0170
55,0,3.3320,0.0160
40,0,3.3450,0.0130
80,0,3.3620,0.0170
49,0,3.3750,0.0130
15,0,3.4000,0.0250
55,0,3.4120,0.0120
49,0,3.4230,0.0110
49,0,3.4400,0.0170
24,0,3.4620,0.0220
18,0,3.4890,0.0270
24,0,3.5010,0.0120
55,0,3.5210,0.0200
49,0,3.5480,0.0270
24,0,3.5700,0.0220
55,0,3.6100,0.0400
49,0,3.6260,0.0160
369,0,3.6560,0.0300
15,0,3.6750,0.0190
67,2,3.6870,0.0120
1,2,3.7040,0.0170
469,2,3.7180,0.0140
369,2,3.7510,0.0330
67,3,3.7650,0.0140
15,0,3.7810,0.0160
1,4,3.7970,0.0160
80,2,3.8120,0.0150
49,0,3.8310,0.0190
49,0,3.8450,0.0140
369,0,3.8630,0.0180
28,4,3.8780,0.0150
49,0,3.8950,0.0170
80,4,3.9200,0.0250
14,4,3.9250,0.0050
18,0,3.9370,0.0120
51,0,3.9710,0.0340
369,0,4.0150,0.0440
51,4,4.0310,0.0160
80,4,4.0510,0.0200
80,2,4.0620,0.0110
51,0,4.0990,0.0370
76,0,4.1150,0.0160
51,0,4.1310,0.0160
76,0,4.1430,0.0120
76,0,4.1590,0.0160
76,0,4.1780,0.0190
76,0,4.1880,0.0100
35,0,4.2850,0.0970
35,0,4.3140,0.0290
35,0,4.3340,0.0200
24,0,4.3460,0.0120
35,0,4.3900,0.0440
35,0,4.4070,0.0170
35,0,4.4420,0.0350
24,0,4.5330,0.0910
73,0,4.5670,0.0340
35,0,4.6730,0.1060
23,0,4.6970,0.0240
23,0,4.7060,0.0090
24,0,4.7970,0.0910
24,0,4.8490,0.0520
35,0,4.9370,0.0880
35,0,4.9610,0.0240
35,0,4.9730,0.0120
416,0,5.3770,0.4040
24,0,5.4320,0.0550
416,0,5.4380,0.0060
25,0,5.4690,0.0310
54,0,5.4940,0.0250
140,0,5.5020,0.0080
25,0,5.5320,0.0300
453,0,5.5550,0.0230
18,0,5.5650,0.0100
18,0,5.5940,0.0290
18,0,5.6160,0.0220
15,0,5.6270,0.0110
37,0,5.6420,0.0150
80,0,5.6720,0.0300
51,0,5.7970,0.1250
35,0,5.8430,0.0460
4101,0,5.8590,0.0160
4224,0,5.8750,0.0160
0,0,5.9220,0.0470
25,0,5.9370,0.0150
289,0,5.9530,0.0160
22,0,5.9690,0.0160
23,0,6.0060,0.0370
28,0,6.0460,0.0400
5349,0,6.0780,0.0320
24,0,6.1250,0.0470
73,0,6.2350,0.1100
24,0,6.3310,0.0960
24,0,6.3590,0.0280
35,0,6.3750,0.0160
416,0,6.4210,0.0460
453,0,6.4680,0.0470
416,0,6.4840,0.0160
340,0,6.5040,0.0200
35,0,6.5310,0.0270
35,0,6.5590,0.0280
35,0,6.5640,0.0050
73,0,6.6250,0.0610
24,0,6.7540,0.1290
35,0,6.7700,0.0160
35,0,6.7870,0.0170
25,0,6.8020,0.0150
24,0,6.8200,0.0180
51,0,6.8310,0.0110
15,0,6.8540,0.0230
51,0,6.8600,0.0060
35,0,6.9100,0.0500
14,0,6.9260,0.0160
417,0,6.9470,0.0210
450,0,6.9530,0.0060
24,0,7.0160,0.0630
24,0,7.0470,0.0310
24,0,7.0780,0.0310
38,0,7.1050,0.0270
25,0,7.1090,0.0040
15,0,7.1300,0.0210
25,0,7.1460,0.0160
63,0,7.1630,0.0170
63,0,7.1760,0.0130
24,0,7.2040,0.0280
6,0,7.3620,0.1580
