SysID,Thread ID,time,inetrval
14,0,0.2330,0.2330
80,0,0.6610,0.4280
80,0,0.6710,0.0100
18,0,0.6890,0.0180
18,0,0.7350,0.0460
18,0,0.8580,0.1230
37,0,1.0300,0.1720
55,0,1.0770,0.0470
61,0,1.1090,0.0320
51,0,1.1370,0.0280
74,0,1.1390,0.0020
49,0,1.2180,0.0790
80,0,1.2360,0.0180
80,0,1.2520,0.0160
347,0,1.2800,0.0280
80,0,1.3910,0.1110
80,0,1.5460,0.1550
15,0,1.5630,0.0170
76,0,1.6150,0.0520
416,0,1.6400,0.0250
453,0,1.6550,0.0150
453,0,1.6870,0.0320
453,0,1.7180,0.0310
18,0,1.8440,0.1260
453,0,1.8630,0.0190
453,0,1.8910,0.0280
24,0,1.9210,0.0300
80,0,2.0300,0.1090
453,0,2.0460,0.0160
18,0,2.0770,0.0310
24,0,2.1240,0.0470
51,0,2.2960,0.1720
51,0,2.3270,0.0310
51,0,2.3440,0.0170
24,0,2.4210,0.0770
85,0,2.4390,0.0180
40,0,2.4540,0.0150
54,0,2.5170,0.0630
340,0,2.5310,0.0140
356,0,2.5920,0.0610
453,0,2.7020,0.1100
15,0,2.7210,0.0190
38,0,2.7510,0.0300
33,0,2.7640,0.0130
85,0,2.7980,0.0340
33,0,2.8270,0.0290
76,0,2.8470,0.0200
85,0,2.8600,0.0130
293,0,2.9090,0.0490
15,0,3.2180,0.3090
37,0,3.3160,0.0980
354,0,3.3370,0.0210
173,0,3.3420,0.0050
196,0,3.3620,0.0200
80,0,3.3760,0.0140
55,0,3.3910,0.0150
49,0,3.4060,0.0150
49,0,3.4230,0.0170
369,0,3.4520,0.0290
67,2,3.4690,0.0170
55,0,3.4830,0.0140
1,2,3.4990,0.0160
466,2,3.5300,0.0310
24,2,3.5610,0.0310
80,0,3.5770,0.0160
18,2,3.5920,0.0150
24,2,3.6090,0.0170
112,2,3.6410,0.0320
55,0,3.6870,0.0460
80,2,3.7050,0.0180
80,0,3.7320,0.0270
80,0,3.7330,0.0010
369,0,3.7500,0.0170
15,0,3.7800,0.0300
28,2,3.7960,0.0160
466,3,3.8120,0.0160
112,0,3.8270,0.0150
469,3,3.8430,0.0160
49,0,3.8580,0.0150
466,2,3.8740,0.0160
369,0,3.8900,0.0160
49,0,3.9080,0.0180
49,0,3.9220,0.0140
55,0,3.9370,0.0150
49,0,3.9520,0.0150
49,0,3.9700,0.0180
49,0,3.9840,0.0140
369,0,4.0060,0.0220
80,3,4.0110,0.0050
80,3,4.0140,0.0030
356,2,4.0450,0.0310
469,3,4.0610,0.0160
469,4,4.0770,0.0160
18,0,4.0930,0.0160
356,2,4.1240,0.0310
18,2,4.1390,0.0150
24,0,4.1710,0.0320
466,2,4.2020,0.0310
61,2,4.2490,0.0470
24,0,4.2640,0.0150
51,2,4.2810,0.0170
61,3,4.2950,0.0140
55,2,4.3110,0.0160
80,4,4.3270,0.0160
466,0,4.3430,0.0160
80,2,4.3580,0.0150
49,0,4.3730,0.0150
80,3,4.3740,0.0010
49,2,4.3900,0.0160
80,3,4.4060,0.0160
51,0,4.4830,0.0770
76,0,4.5000,0.0170
51,0,4.5150,0.0150
76,0,4.5310,0.0160
51,0,4.5620,0.0310
348,0,4.5770,0.0150
76,0,4.5960,0.0190
15,0,4.6090,0.0130
76,0,4.6250,0.0160
76,0,4.6430,0.0180
76,0,4.6570,0.0140
416,0,4.6710,0.0140
24,0,4.7180,0.0470
73,0,4.8800,0.1620
24,0,4.8910,0.0110
18,0,5.0300,0.1390
23,0,5.0610,0.0310
24,0,5.0920,0.0310
24,0,5.1170,0.0250
18,0,5.1250,0.0080
35,0,5.1470,0.0220
416,0,5.1870,0.0400
416,0,5.2250,0.0380
453,0,5.2350,0.0100
453,0,5.2550,0.0200
72,0,5.2710,0.0160
51,0,5.2820,0.0110
35,0,5.3070,0.0250
453,0,5.3780,0.0710
24,0,5.4730,0.0950
453,0,5.5340,0.0610
416,0,5.5490,0.0150
453,0,5.5900,0.0410
453,0,5.5930,0.0030
35,0,5.6890,0.0960
35,0,5.7040,0.0150
35,0,5.7220,0.0180
35,0,5.7360,0.0140
35,0,5.7530,0.0170
35,0,5.7670,0.0140
24,0,5.7960,0.0290
35,0,5.8820,0.0860
416,0,6.0000,0.1180
35,0,6.0770,0.0770
35,0,6.1050,0.0280
35,0,6.1080,0.0030
24,0,6.1700,0.0620
24,0,6.4380,0.2680
416,0,6.5320,0.0940
416,0,6.5940,0.0620
35,0,6.6100,0.0160
54,0,6.6270,0.0170
140,0,6.6570,0.0300
25,0,6.6720,0.0150
453,0,6.6930,0.0210
18,0,6.7030,0.0100
18,0,6.7360,0.0330
18,0,6.7520,0.0160
18,0,6.7650,0.0130
37,0,6.7840,0.0190
80,0,6.7970,0.0130
247,0,6.9240,0.1270
247,0,6.9380,0.0140
33,0,6.9860,0.0480
18,0,6.9990,0.0130
19,0,7.0650,0.0660
15,0,7.0780,0.0130
18,0,7.0960,0.0180
23,0,7.1090,0.0130
15,0,7.1260,0.0170
51,0,7.4240,0.2980
51,0,7.4440,0.0200
51,0,7.4550,0.0110
35,0,7.5190,0.0640
4101,0,7.5340,0.0150
4098,0,7.5530,0.0190
297,0,7.5610,0.0080
0,0,7.5940,0.0330
25,0,7.6240,0.0300
22,0,7.6560,0.0320
23,0,7.6890,0.0330
28,0,7.7070,0.0180
18,0,7.7220,0.0150
5349,0,7.7410,0.0190
35,0,7.7710,0.0300
35,0,7.7850,0.0140
22,0,7.8460,0.0610
15,0,7.8670,0.0210
22,0,7.8700,0.0030
35,0,7.9300,0.0600
24,0,7.9400,0.0100
35,0,7.9520,0.0120
444,0,7.9830,0.0310
35,0,8.0140,0.0310
356,0,8.0410,0.0270
33,0,8.0770,0.0360
289,0,8.0990,0.0220
22,0,8.1110,0.0120
22,0,8.1260,0.0150
72,0,8.1440,0.0180
36,0,8.1580,0.0140
35,0,8.2060,0.0480
22,0,8.2210,0.0150
24,0,8.2360,0.0150
72,0,8.2530,0.0170
453,0,8.2690,0.0160
453,0,8.2830,0.0140
35,0,8.3150,0.0320
22,0,8.3610,0.0460
4151,0,8.5040,0.1430
80,0,8.5200,0.0160
25,0,8.5350,0.0150
416,0,8.5510,0.0160
35,0,8.5830,0.0320
80,0,8.6140,0.0310
22,0,8.6470,0.0330
416,0,8.6580,0.0110
453,0,8.7010,0.0430
453,0,8.7020,0.0010
453,0,8.7220,0.0200
453,0,8.7390,0.0170
51,0,8.8310,0.0920
33,0,8.8610,0.0300
18,0,8.8810,0.0200
17,0,8.8930,0.0120
140,0,8.9240,0.0310
18,0,8.9990,0.0750
4151,0,9.0350,0.0360
453,0,9.0520,0.0170
51,0,9.0670,0.0150
105,0,9.0850,0.0180
4162,0,9.0950,0.0100
35,0,9.1140,0.0190
35,0,9.1280,0.0140
340,0,9.1600,0.0320
35,0,9.2030,0.0430
192,0,9.2800,0.0770
35,0,9.3090,0.0290
453,0,9.3120,0.0030
453,0,9.3360,0.0240
453,0,9.3430,0.0070
453,0,9.3750,0.0320
417,0,9.4050,0.0300
