SysID,Thread ID,time,inetrval
14,0,0.2300,0.2300
80,0,0.5310,0.3010
80,0,0.5470,0.0160
80,0,0.5620,0.0150
18,0,0.6090,0.0470
18,0,0.7200,0.1110
37,0,0.8750,0.1550
55,0,0.9080,0.0330
61,0,0.9400,0.0320
51,0,0.9720,0.0320
40,0,0.9850,0.0130
49,0,1.0510,0.0660
80,0,1.0650,0.0140
347,0,1.0950,0.0300
80,0,1.1910,0.0960
80,0,1.3120,0.1210
15,0,1.3420,0.0300
15,0,1.3430,0.0010
76,0,1.3750,0.0320
416,0,1.4060,0.0310
453,0,1.4220,0.0160
453,0,1.4530,0.0310
453,0,1.4690,0.0160
18,0,1.5950,0.1260
23,0,1.6090,0.0140
453,0,1.6250,0.0160
453,0,1.6410,0.0160
24,0,1.6570,0.0160
24,0,1.7500,0.0930
80,0,1.7820,0.0320
453,0,1.8030,0.0210
453,0,1.8150,0.0120
18,0,1.8390,0.0240
51,0,1.9680,0.1290
51,0,2.0000,0.0320
24,0,2.0780,0.0780
85,0,2.0990,0.0210
17,0,2.1110,0.0120
54,0,2.1590,0.0480
340,0,2.1750,0.0160
356,0,2.2660,0.0910
453,0,2.3930,0.1270
15,0,2.4060,0.0130
38,0,2.4220,0.0160
297,0,2.4380,0.0160
15,0,2.4530,0.0150
85,0,2.4850,0.0320
33,0,2.5010,0.0160
15,0,2.5160,0.0150
15,0,2.5350,0.0190
293,0,2.5960,0.0610
24,0,2.7830,0.1870
15,0,2.8510,0.0680
37,0,2.9530,0.1020
354,0,2.9680,0.0150
205,0,2.9840,0.0160
417,0,3.0010,0.0170
18,0,3.0610,0.0600
51,0,3.0620,0.0010
369,0,3.1430,0.0810
67,2,3.1560,0.0130
1,2,3.1720,0.0160
469,2,3.1870,0.0150
55,0,3.2350,0.0480
74,2,3.2490,0.0140
49,0,3.2810,0.0320
80,0,3.2970,0.0160
466,0,3.3290,0.0320
466,2,3.3440,0.0150
24,0,3.3590,0.0150
18,0,3.3760,0.0170
112,0,3.4070,0.0310
55,2,3.4260,0.0190
24,2,3.4370,0.0110
15,0,3.4530,0.0160
466,0,3.4690,0.0160
40,2,3.4840,0.0150
24,0,3.5000,0.0160
80,2,3.5160,0.0160
80,0,3.5320,0.0160
369,2,3.5470,0.0150
49,0,3.5660,0.0190
49,0,3.5780,0.0120
28,3,3.5930,0.0150
369,2,3.6110,0.0180
80,0,3.6240,0.0130
469,2,3.6410,0.0170
49,0,3.6610,0.0200
369,0,3.6720,0.0110
15,0,3.6870,0.0150
49,0,3.7040,0.0170
369,0,3.7220,0.0180
49,0,3.7340,0.0120
369,0,3.7600,0.0260
24,0,3.7650,0.0050
49,0,3.7840,0.0190
49,0,3.8030,0.0190
49,0,3.8030,0.0190
49,0,3.8160,0.0130
80,4,3.8290,0.0130
469,3,3.8470,0.0180
51,0,3.8950,0.0480
51,0,3.9270,0.0320
76,0,3.9410,0.0140
76,0,3.9590,0.0180
76,0,3.9710,0.0120
76,0,3.9870,0.0160
76,0,4.0070,0.0200
76,0,4.0190,0.0120
416,0,4.0380,0.0190
24,0,4.0780,0.0400
73,0,4.2080,0.1300
73,0,4.2250,0.0170
18,0,4.3770,0.1520
23,0,4.3960,0.0190
24,0,4.4440,0.0480
24,0,4.4580,0.0140
35,0,4.4840,0.0260
416,0,4.5780,0.0940
35,0,4.6570,0.0790
35,0,4.6720,0.0150
35,0,4.6920,0.0200
35,0,4.7060,0.0140
35,0,4.7210,0.0150
24,0,4.7530,0.0320
73,0,4.7690,0.0160
35,0,4.8310,0.0620
416,0,4.9240,0.0930
35,0,5.0090,0.0850
35,0,5.0170,0.0080
35,0,5.0380,0.0210
24,0,5.0950,0.0570
24,0,5.3340,0.2390
416,0,5.4120,0.0780
54,0,5.4280,0.0160
80,0,5.4430,0.0150
140,0,5.4580,0.0150
25,0,5.4740,0.0160
18,0,5.4880,0.0140
18,0,5.5090,0.0210
18,0,5.5200,0.0110
18,0,5.5340,0.0140
18,0,5.5500,0.0160
23,0,5.5660,0.0160
37,0,5.5810,0.0150
80,0,5.5970,0.0160
247,0,5.6910,0.0940
33,0,5.7510,0.0600
19,0,5.7700,0.0190
24,0,5.8120,0.0420
19,0,5.8280,0.0160
18,0,5.8440,0.0160
23,0,5.8590,0.0150
15,0,5.8750,0.0160
18,0,5.8910,0.0160
21,0,6.0930,0.2020
21,0,6.1090,0.0160
35,0,6.1560,0.0470
4101,0,6.1710,0.0150
4224,0,6.1870,0.0160
0,0,6.2340,0.0470
25,0,6.2500,0.0160
289,0,6.2660,0.0160
22,0,6.2810,0.0150
23,0,6.3120,0.0310
28,0,6.3280,0.0160
18,0,6.3440,0.0160
5349,0,6.3590,0.0150
416,0,6.4210,0.0620
416,0,6.4370,0.0160
4151,0,6.4690,0.0320
453,0,6.4840,0.0150
51,0,6.5620,0.0780
33,0,6.5780,0.0160
18,0,6.5940,0.0160
23,0,6.6090,0.0150
73,0,6.6240,0.0150
140,0,6.6400,0.0160
15,0,6.6560,0.0160
105,0,6.6870,0.0310
4162,0,6.7030,0.0160
35,0,6.7180,0.0150
416,0,6.7350,0.0170
416,0,6.7580,0.0230
35,0,6.7860,0.0280
22,0,6.8520,0.0660
15,0,6.8610,0.0090
35,0,6.9110,0.0500
35,0,6.9260,0.0150
35,0,6.9420,0.0160
444,0,6.9580,0.0160
35,0,6.9750,0.0170
35,0,7.0050,0.0300
356,0,7.0180,0.0130
33,0,7.0520,0.0340
22,0,7.0680,0.0160
22,0,7.0810,0.0130
22,0,7.0980,0.0170
72,0,7.1120,0.0140
36,0,7.1340,0.0220
33,0,7.1430,0.0090
35,0,7.1950,0.0520
453,0,7.2070,0.0120
453,0,7.2240,0.0170
72,0,7.2500,0.0260
453,0,7.2730,0.0230
416,0,7.2870,0.0140
453,0,7.3380,0.0510
416,0,7.3430,0.0050
453,0,7.3830,0.0400
453,0,7.3890,0.0060
416,0,7.3910,0.0020
35,0,7.4230,0.0320
192,0,7.5200,0.0970
416,0,7.5360,0.0160
453,0,7.5470,0.0110
51,0,7.5800,0.0330
7,0,7.6010,0.0210
35,0,7.6080,0.0070
416,0,7.6100,0.0020
453,0,7.6720,0.0620
453,0,7.8310,0.1590
453,0,7.8590,0.0280
453,0,7.8850,0.0260
453,0,7.8930,0.0080
453,0,7.9230,0.0300
35,0,7.9620,0.0390
24,0,7.9730,0.0110
453,0,8.0040,0.0310
5125,0,8.0360,0.0320
4151,0,8.0680,0.0320
14,0,8.0980,0.0300
417,0,8.1190,0.0210
67,0,8.1270,0.0080
24,0,8.1570,0.0300
73,0,8.2540,0.0970
24,0,8.3040,0.0500
24,0,8.4100,0.1060
61,0,8.4680,0.0580
33,0,8.4910,0.0230
24,0,8.5500,0.0590
22,0,8.5810,0.0310
4158,0,8.6120,0.0310
21,0,8.6290,0.0170
21,0,8.6590,0.0300
80,0,8.7200,0.0610
80,0,8.7410,0.0210
4272,0,8.7520,0.0110
80,0,8.7840,0.0320
80,0,8.8000,0.0160
4252,0,8.8120,0.0120
4248,0,8.8350,0.0230
4155,0,8.8460,0.0110
4137,0,8.8630,0.0170
4154,0,8.8820,0.0190
4107,0,8.8910,0.0090
5292,0,8.9220,0.0310
4104,0,8.9470,0.0250
4131,0,8.9550,0.0080
5052,0,8.9870,0.0320
4252,0,9.0050,0.0180
4264,0,9.0370,0.0320
4158,0,9.0480,0.0110
4264,0,9.0810,0.0330
21,0,9.0980,0.0170
4324,0,9.1130,0.0150
4156,0,9.1410,0.0280
4188,0,9.1720,0.0310
80,0,9.1970,0.0250
4328,0,9.2080,0.0110
24,0,9.2260,0.0180
4221,0,9.2350,0.0090
33,0,9.2700,0.0350
33,0,9.2880,0.0180
72,0,9.3010,0.0130
23,0,9.3210,0.0200
23,0,9.3320,0.0110
18,0,9.3460,0.0140
18,0,9.3790,0.0330
4,0,9.3940,0.0150
4,0,9.4110,0.0170
24,0,9.4290,0.0180
4,0,9.4400,0.0110
4,0,9.4680,0.0280
4,0,9.4690,0.0010
4819,0,9.4940,0.0250
4802,0,9.5030,0.0090
4200,0,9.5220,0.0190
4131,0,9.5530,0.0310
4212,0,9.5960,0.0430
4101,0,9.6150,0.0190
5,0,9.6310,0.0160
4103,0,9.6440,0.0130
5,0,9.6750,0.0310
4819,0,9.7050,0.0300
5,0,9.7170,0.0120
5,0,9.7190,0.0020
4192,0,9.7500,0.0310
18,0,9.8290,0.0790
15,0,9.8540,0.0250
51,0,9.8590,0.0050
35,0,9.8840,0.0250
35,0,9.8940,0.0100
35,0,9.9140,0.0200
4258,0,9.9230,0.0090
4212,0,9.9440,0.0210
4,0,9.9580,0.0140
23,0,9.9730,0.0150
85,0,10.0160,0.0430
40,0,10.0410,0.0250
15,0,10.0430,0.0020
18,0,10.0490,0.0060
4,0,10.0950,0.0460
4,0,10.1140,0.0190
4158,0,10.1270,0.0130
5230,0,10.1440,0.0170
5412,0,10.1600,0.0160
55,0,10.1750,0.0150
356,0,10.1900,0.0150
356,0,10.2070,0.0170
18,0,10.2390,0.0320
61,0,10.2850,0.0460
61,0,10.3000,0.0150
49,0,10.3140,0.0140
80,4,10.3280,0.0140
453,0,10.3620,0.0340
14,0,10.4250,0.0630
4162,0,10.4410,0.0160
4100,0,10.4570,0.0160
4172,0,10.4720,0.0150
21,0,10.4880,0.0160
4171,0,10.5030,0.0150
4178,0,10.5200,0.0170
4247,0,10.5340,0.0140
4107,0,10.5500,0.0160
4131,0,10.5590,0.0090
4132,0,10.5810,0.0220
5,0,10.6120,0.0310
5,0,10.6280,0.0160
4258,0,10.6530,0.0250
5,0,10.6560,0.0030
5412,0,10.6720,0.0160
24,0,10.6930,0.0210
4162,0,10.7220,0.0290
4106,0,10.7380,0.0160
4128,0,10.7530,0.0150
4106,0,10.7690,0.0160
4173,0,10.7940,0.0250
5292,0,10.7970,0.0030
5230,0,10.8130,0.0160
5382,0,10.8290,0.0160
4131,0,10.8440,0.0150
5,0,10.8600,0.0160
4258,0,10.8760,0.0160
5412,0,10.8910,0.0150
4162,0,10.9070,0.0160
4103,0,10.9230,0.0160
4162,0,10.9390,0.0160
24,0,10.9550,0.0160
4162,0,10.9710,0.0160
5,0,10.9870,0.0160
4183,0,11.0020,0.0150
4819,0,11.1070,0.1050
4819,0,11.1250,0.0180
5,0,11.1440,0.0190
24,0,11.1560,0.0120
5,0,11.1800,0.0240
4162,0,11.1880,0.0080
4106,0,11.2070,0.0190
5,0,11.2220,0.0150
4132,0,11.2380,0.0160
5,0,11.2540,0.0160
5,0,11.2680,0.0140
4245,0,11.3320,0.0640
4342,0,11.3450,0.0130
