SysID,Thread ID,time,inetrval
14,0,0.2410,0.2410
80,0,0.5780,0.3370
80,0,0.5950,0.0170
80,0,0.6260,0.0310
18,0,0.6720,0.0460
18,0,0.7850,0.1130
37,0,0.9700,0.1850
55,0,1.0010,0.0310
61,0,1.0330,0.0320
51,0,1.0480,0.0150
40,0,1.0620,0.0140
49,0,1.1300,0.0680
80,0,1.1440,0.0140
80,0,1.1640,0.0200
347,0,1.1760,0.0120
80,0,1.2970,0.1210
80,0,1.4380,0.1410
15,0,1.4540,0.0160
76,0,1.4850,0.0310
416,0,1.5020,0.0170
453,0,1.5470,0.0450
453,0,1.5780,0.0310
453,0,1.5940,0.0160
18,0,1.7210,0.1270
453,0,1.7480,0.0270
453,0,1.7780,0.0300
24,0,1.7810,0.0030
24,0,1.9060,0.1250
80,0,1.9380,0.0320
80,0,1.9530,0.0150
453,0,1.9810,0.0280
18,0,2.0000,0.0190
51,0,2.1420,0.1420
15,0,2.1560,0.0140
51,0,2.1870,0.0310
24,0,2.3130,0.1260
85,0,2.3290,0.0160
17,0,2.3440,0.0150
54,0,2.4240,0.0800
340,0,2.4390,0.0150
356,0,2.5000,0.0610
453,0,2.6150,0.1150
15,0,2.6270,0.0120
38,0,2.6560,0.0290
33,0,2.6720,0.0160
15,0,2.7030,0.0310
85,0,2.7240,0.0210
33,0,2.7340,0.0100
15,0,2.7660,0.0320
15,0,2.7860,0.0200
293,0,2.8310,0.0450
24,0,3.0380,0.2070
15,0,3.0990,0.0610
37,0,3.2030,0.1040
173,0,3.2310,0.0280
417,0,3.2340,0.0030
80,0,3.2650,0.0310
40,0,3.2970,0.0320
49,0,3.3130,0.0160
49,0,3.3290,0.0160
80,0,3.3440,0.0150
15,0,3.3660,0.0220
67,2,3.3750,0.0090
55,0,3.4060,0.0310
49,0,3.4220,0.0160
80,0,3.4700,0.0480
24,2,3.5160,0.0460
18,2,3.5470,0.0310
112,2,3.5820,0.0350
28,2,3.5950,0.0130
14,2,3.6090,0.0140
469,2,3.6420,0.0330
15,0,3.6610,0.0190
24,0,3.6720,0.0110
466,2,3.6880,0.0160
40,0,3.7190,0.0310
49,0,3.7330,0.0140
80,0,3.7340,0.0010
15,0,3.7500,0.0160
369,3,3.7660,0.0160
49,0,3.7840,0.0180

49,0,3.7840,0.0180
49,0,3.7970,0.0130
49,0,3.8120,0.0150
49,0,3.8310,0.0190
49,0,3.8650,0.0340
80,4,3.8750,0.0100
49,0,3.8900,0.0150
15,0,3.9060,0.0160
55,0,3.9220,0.0160
49,0,3.9380,0.0160
469,3,3.9380,0.0160
80,0,3.9540,0.0160
18,2,3.9850,0.0310
49,0,4.0170,0.0320
80,0,4.0310,0.0140
80,0,4.0470,0.0160
369,0,4.0630,0.0160
15,0,4.0780,0.0150
40,2,4.0960,0.0180
80,0,4.1580,0.0620
80,0,4.1580,0.0620
466,0,4.1720,0.0140
80,4,4.1870,0.0150
80,2,4.2040,0.0170
469,2,4.2190,0.0150
24,0,4.2510,0.0320
369,0,4.3070,0.0560
61,2,4.3130,0.0060
80,2,4.3230,0.0100
80,2,4.3280,0.0050
80,3,4.3440,0.0160
80,2,4.3590,0.0150
76,3,4.3750,0.0160
14,3,4.3910,0.0160
