SysID,Thread ID,time,inetrval
14,0,0.2370,0.2370
80,0,0.5630,0.3260
80,0,0.5790,0.0160
80,0,0.5950,0.0160
15,0,0.6140,0.0190
18,0,0.6600,0.0460
18,0,0.7660,0.1060
37,0,0.9550,0.1890
55,0,0.9870,0.0320
61,0,1.0160,0.0290
51,0,1.0310,0.0150
74,0,1.0470,0.0160
49,0,1.1120,0.0650
80,0,1.1290,0.0170
80,0,1.1470,0.0180
347,0,1.1730,0.0260
80,0,1.2810,0.1080
80,0,1.4540,0.1730
76,0,1.5310,0.0770
416,0,1.5780,0.0470
453,0,1.6260,0.0480
453,0,1.6570,0.0310
453,0,1.6730,0.0160
18,0,1.8280,0.1550
15,0,1.8460,0.0180
453,0,1.8910,0.0450
24,0,1.9060,0.0150
24,0,1.9960,0.0900
80,0,2.0160,0.0200
80,0,2.0310,0.0150
453,0,2.0470,0.0160
18,0,2.0940,0.0470
51,0,2.3600,0.2660
15,0,2.4070,0.0470
51,0,2.4380,0.0310
24,0,2.5470,0.1090
85,0,2.5630,0.0160
74,0,2.5820,0.0190
54,0,2.6410,0.0590
356,0,2.7050,0.0640
453,0,2.8440,0.1390
15,0,2.8590,0.0150
38,0,2.8750,0.0160
297,0,2.8910,0.0160
15,0,2.9220,0.0310
85,0,2.9380,0.0160
33,0,2.9530,0.0150
15,0,2.9700,0.0170
76,0,2.9840,0.0140
453,0,3.0000,0.0160
293,0,3.0320,0.0320
24,0,3.2810,0.2490
15,0,3.3460,0.0650
37,0,3.4540,0.1080
354,0,3.4710,0.0170
196,0,3.4890,0.0180
417,0,3.5060,0.0170
80,0,3.5170,0.0110
49,0,3.5360,0.0190
80,0,3.5500,0.0140
49,0,3.5660,0.0160
369,0,3.5790,0.0130
15,0,3.5940,0.0150
67,2,3.6080,0.0140
55,0,3.6260,0.0180
469,2,3.6400,0.0140
80,0,3.6880,0.0480
80,0,3.7020,0.0140
80,0,3.7030,0.0010
24,2,3.7500,0.0470
18,2,3.7810,0.0310
112,2,3.8150,0.0340
28,2,3.8280,0.0130
469,2,3.8590,0.0310
49,0,3.8790,0.0200
80,2,3.9060,0.0270
40,0,3.9590,0.0530
15,0,3.9700,0.0110
369,0,3.9840,0.0140
469,3,4.0020,0.0180
369,0,4.0160,0.0140
40,0,4.0320,0.0160
80,0,4.0470,0.0150
14,3,4.0620,0.0150
49,0,4.0820,0.0200
49,0,4.0980,0.0160
49,0,4.1100,0.0120
80,3,4.1290,0.0190
49,0,4.1410,0.0120
369,0,4.1590,0.0180
469,4,4.1710,0.0120
80,2,4.1720,0.0010
18,0,4.1880,0.0160
51,0,4.2220,0.0340
24,0,4.2720,0.0500
61,3,4.2820,0.0100
74,3,4.2930,0.0110
466,3,4.2970,0.0040
466,3,4.2970,0.0040
356,2,4.3280,0.0310
112,3,4.3440,0.0160
18,2,4.3590,0.0150
80,3,4.3910,0.0320
61,2,4.4370,0.0460
369,3,4.4700,0.0330
466,4,4.4850,0.0150
51,0,4.5950,0.1100
51,0,4.6100,0.0150
76,0,4.6260,0.0160
51,0,4.6570,0.0310
51,0,4.6730,0.0160
76,0,4.6880,0.0150
76,0,4.7040,0.0160
416,0,4.7200,0.0160
24,0,4.7670,0.0470
73,0,4.9070,0.1400
73,0,4.9220,0.0150
18,0,5.0470,0.1250
23,0,5.0670,0.0200
23,0,5.0810,0.0140
24,0,5.1350,0.0540
24,0,5.1450,0.0100
35,0,5.1660,0.0210
416,0,5.2040,0.0380
416,0,5.2360,0.0320
453,0,5.2600,0.0240
25,0,5.2680,0.0080
72,0,5.2900,0.0220
51,0,5.2990,0.0090
35,0,5.3200,0.0210
453,0,5.4060,0.0860
24,0,5.5000,0.0940
453,0,5.5710,0.0710
453,0,5.6120,0.0410
453,0,5.6280,0.0160
35,0,5.7230,0.0950
35,0,5.7500,0.0270
35,0,5.7700,0.0200
35,0,5.7890,0.0190
24,0,5.8160,0.0270
73,0,5.8360,0.0200
35,0,5.8960,0.0600
24,0,5.9430,0.0470
24,0,5.9570,0.0140
416,0,5.9900,0.0330
35,0,6.0810,0.0910
35,0,6.0990,0.0180
35,0,6.1160,0.0170
416,0,6.5040,0.3880
54,0,6.5160,0.0120
140,0,6.5490,0.0330
25,0,6.5670,0.0180
18,0,6.5950,0.0280
18,0,6.6290,0.0340
18,0,6.6440,0.0150
37,0,6.6600,0.0160
80,0,6.6910,0.0310
247,0,6.8000,0.1090
33,0,6.8490,0.0490
18,0,6.8630,0.0140
19,0,6.9250,0.0620
15,0,6.9400,0.0150
18,0,6.9560,0.0160
23,0,6.9730,0.0170
15,0,6.9890,0.0160
15,0,7.0020,0.0130
35,0,7.2680,0.2660
35,0,7.2850,0.0170
37,0,7.2990,0.0140
297,0,7.3160,0.0170
0,0,7.3630,0.0470
289,0,7.3780,0.0150
22,0,7.4060,0.0280
23,0,7.4270,0.0210
28,0,7.4560,0.0290
18,0,7.4690,0.0130
416,0,7.4890,0.0200
416,0,7.5500,0.0610
4151,0,7.5940,0.0440
453,0,7.6090,0.0150
51,0,7.6880,0.0790
74,0,7.7030,0.0150
33,0,7.7190,0.0160
18,0,7.7350,0.0160
73,0,7.7500,0.0150
140,0,7.7810,0.0310
105,0,7.8130,0.0320
4162,0,7.8280,0.0150
35,0,7.8610,0.0330
14,0,7.8780,0.0170
417,0,7.9070,0.0290
35,0,7.9380,0.0310
21,0,8.0220,0.0840
21,0,8.0360,0.0140
72,0,8.0530,0.0170
51,0,8.1150,0.0620
340,0,8.1280,0.0130
21,0,8.1440,0.0160
21,0,8.1590,0.0150
33,0,8.1750,0.0160
18,0,8.1900,0.0150
24,0,8.2070,0.0170
23,0,8.2220,0.0150
23,0,8.2380,0.0160
18,0,8.2680,0.0300
23,0,8.3010,0.0330
85,0,8.3440,0.0430
74,0,8.3600,0.0160
40,0,8.3750,0.0150
18,0,8.3900,0.0150
21,0,8.4370,0.0470
4,0,8.4530,0.0160
21,0,8.4690,0.0160
4,0,8.5320,0.0630
80,0,8.5790,0.0470
51,0,8.5950,0.0160
85,0,8.6100,0.0150
85,0,8.6260,0.0160
15,0,8.6420,0.0160
51,0,8.6730,0.0310
51,0,8.7040,0.0310
51,0,8.7360,0.0320
15,0,8.7510,0.0150
37,0,8.7830,0.0320
61,0,8.7980,0.0150
55,0,8.8140,0.0160
55,0,8.8310,0.0170
28,4,8.8420,0.0110
369,0,8.8440,0.0020
80,4,8.8590,0.0150
49,2,8.8740,0.0150
80,3,8.8740,0.0150
80,3,8.8750,0.0010
14,3,8.8910,0.0160
22,0,8.9890,0.0980
22,0,9.0020,0.0130
24,0,9.0650,0.0630
444,0,9.0970,0.0320
356,0,9.1490,0.0520
33,0,9.1790,0.0300
33,0,9.1940,0.0150
22,0,9.2100,0.0160
22,0,9.2240,0.0140
22,0,9.2370,0.0130
282,0,9.2580,0.0210
36,0,9.2690,0.0110
22,0,9.3280,0.0590
453,0,9.3550,0.0270
72,0,9.3590,0.0040
453,0,9.3870,0.0280
453,0,9.3890,0.0020
453,0,9.3900,0.0010
61,0,9.4570,0.0670
42,0,9.4710,0.0140
22,0,9.5160,0.0450
192,0,9.5470,0.0310
192,0,9.5800,0.0330
416,0,9.6310,0.0510
453,0,9.6650,0.0340
416,0,9.6740,0.0090
453,0,9.7340,0.0600
416,0,9.7610,0.0270
453,0,9.7660,0.0050
453,0,9.7920,0.0260
14,0,9.7990,0.0070
73,0,9.8220,0.0230
4,0,9.8280,0.0060
4,0,9.8600,0.0320
61,0,9.9220,0.0620
24,0,9.9540,0.0320
24,0,9.9710,0.0170
5254,0,10.1590,0.1880
5254,0,10.1910,0.0320
5254,0,10.2230,0.0320
5254,0,10.2540,0.0310
5254,0,10.2670,0.0130
5254,0,10.2980,0.0310
5254,0,10.3320,0.0340
5254,0,10.3470,0.0150
5254,0,10.3640,0.0170
5254,0,10.3940,0.0300
5254,0,10.4090,0.0150
5254,0,10.4270,0.0180
5254,0,10.4580,0.0310
5254,0,10.4720,0.0140
5254,0,10.4870,0.0150
5254,0,10.5160,0.0290
5254,0,10.5320,0.0160
5254,0,10.5520,0.0200
8,0,10.5650,0.0130
5254,0,10.5810,0.0160
5254,0,10.5980,0.0170
5254,0,10.6290,0.0310
5254,0,10.6780,0.0490
5254,0,10.7190,0.0410
39,0,10.7520,0.0330
61,0,10.7680,0.0160
5254,0,10.8000,0.0320
5254,0,10.8130,0.0130
5254,0,10.8290,0.0160
5254,0,10.8590,0.0300
5254,0,10.8750,0.0160
5254,0,10.9060,0.0310
5254,0,10.9380,0.0320
5254,0,10.9530,0.0150
5254,0,10.9840,0.0310
5254,0,11.0000,0.0160
5254,0,11.0160,0.0160
5254,0,11.0490,0.0330
5254,0,11.0810,0.0320
5254,0,11.0970,0.0160
5254,0,11.1290,0.0320
5254,0,11.1610,0.0320
5254,0,11.1770,0.0160
5254,0,11.2070,0.0300
5254,0,11.2210,0.0140
5254,0,11.2540,0.0330
5254,0,11.2660,0.0120
5254,0,11.2990,0.0330
5254,0,11.3290,0.0300
5254,0,11.3490,0.0200
5254,0,11.3600,0.0110
5254,0,11.3750,0.0150
5254,0,11.4060,0.0310
5254,0,11.4380,0.0320
5254,0,11.4690,0.0310
5254,0,11.4890,0.0200
5254,0,11.5320,0.0430
5254,0,11.5550,0.0230
5254,0,11.5630,0.0080
5254,0,11.5940,0.0310
5254,0,11.6290,0.0350
5254,0,11.6510,0.0220
5254,0,11.6760,0.0250
5254,0,11.6900,0.0140
30,0,11.7040,0.0140
30,0,11.7200,0.0160
24,0,11.7380,0.0180
23,0,11.7540,0.0160
21,0,11.7680,0.0140
61,0,11.8240,0.0560
22,0,11.8680,0.0440
23,0,11.8770,0.0090
40,0,11.8920,0.0150
369,0,11.9080,0.0160
49,0,11.9230,0.0150
14,3,11.9390,0.0160
14,3,11.9390,0.0160

14,3,11.9390,0.0160
22,0,12.0160,0.0770
4151,0,12.1610,0.1450
80,0,12.1720,0.0110
25,0,12.1900,0.0180
416,0,12.2160,0.0260
85,0,12.2220,0.0060
340,0,12.2450,0.0230
416,0,12.2810,0.0360
453,0,12.3120,0.0310
453,0,12.3430,0.0310
453,0,12.3440,0.0010
72,0,12.4260,0.0820
72,0,12.4410,0.0150
416,0,12.4560,0.0150
453,0,12.4860,0.0300
416,0,12.5020,0.0160
22,0,12.5160,0.0140
23,0,12.5330,0.0170
80,0,12.6880,0.1550
80,0,12.8040,0.1160
13,0,12.8150,0.0110
15,0,12.8400,0.0250
14,0,12.8460,0.0060
15,0,12.8620,0.0160
15,0,12.8770,0.0150
15,0,12.9390,0.0620
80,0,12.9550,0.0160
4275,0,12.9720,0.0170
15,0,12.9930,0.0210
80,0,13.0040,0.0110
14,0,13.0210,0.0170
96,0,13.0540,0.0330
61,0,13.1600,0.1060
61,0,13.1760,0.0160
18,0,13.2690,0.0930
18,0,13.2860,0.0170
18,0,13.2980,0.0120
23,0,13.3240,0.0260
15,0,13.3310,0.0070
25,0,13.3910,0.0600
51,0,13.4220,0.0310
15,0,13.4380,0.0160
51,0,13.4530,0.0150
33,0,13.4690,0.0160
33,0,13.4860,0.0170
76,0,13.5000,0.0140
25,0,13.5470,0.0470
140,0,13.5960,0.0490
340,0,13.6720,0.0760
85,0,13.7190,0.0470
15,0,13.8130,0.0940
58,0,13.8330,0.0200
15,0,13.8440,0.0110
4,0,13.8770,0.0330
