SysID,Thread ID,time,inetrval
14,0,0.2370,0.2370
80,0,0.5310,0.2940
80,0,0.5470,0.0160
18,0,0.5620,0.0150
18,0,0.6100,0.0480
18,0,0.7190,0.1090
37,0,0.8750,0.1560
55,0,0.9240,0.0490
61,0,0.9570,0.0330
51,0,0.9710,0.0140
40,0,0.9880,0.0170
49,0,1.0480,0.0600
80,0,1.0660,0.0180
347,0,1.0970,0.0310
347,0,1.1060,0.0090
80,0,1.2030,0.0970
80,0,1.3280,0.1250
15,0,1.3440,0.0160
76,0,1.3910,0.0470
416,0,1.4070,0.0160
453,0,1.4390,0.0320
453,0,1.4700,0.0310
453,0,1.4850,0.0150
18,0,1.5940,0.1090
23,0,1.6130,0.0190
453,0,1.6250,0.0120
453,0,1.6720,0.0470
24,0,1.6880,0.0160
24,0,1.7660,0.0780
80,0,1.7970,0.0310
453,0,1.8280,0.0310
18,0,1.8440,0.0160
51,0,1.9860,0.1420
15,0,2.0010,0.0150
51,0,2.0160,0.0150
15,0,2.0320,0.0160
24,0,2.1100,0.0780
85,0,2.1250,0.0150
54,0,2.2350,0.1100
356,0,2.3130,0.0780
453,0,2.4220,0.1090
15,0,2.4380,0.0160
38,0,2.4700,0.0320
33,0,2.4860,0.0160
15,0,2.5020,0.0160
85,0,2.5180,0.0160
33,0,2.5330,0.0150
18,0,2.5480,0.0150
76,0,2.5660,0.0180
15,0,2.5820,0.0160
293,0,2.6270,0.0450
24,0,2.8440,0.2170
15,0,2.9060,0.0620
37,0,3.0160,0.1100
354,0,3.0480,0.0320
202,0,3.0670,0.0190
417,0,3.0790,0.0120
80,0,3.0950,0.0160
40,0,3.1110,0.0160
80,0,3.1300,0.0190
49,0,3.1430,0.0130
55,0,3.1570,0.0140
40,0,3.1730,0.0160
24,0,3.1890,0.0160
18,0,3.2190,0.0300
24,0,3.2350,0.0160
55,0,3.2820,0.0470
49,0,3.3000,0.0180
24,0,3.3290,0.0290
40,0,3.3640,0.0350
49,0,3.3750,0.0110
49,0,3.4090,0.0340
369,0,3.4410,0.0320
67,2,3.4530,0.0120
1,2,3.4710,0.0180
469,2,3.4850,0.0140
369,2,3.5170,0.0320
15,0,3.5310,0.0140
80,3,3.5470,0.0160
55,0,3.5630,0.0160
49,0,3.5780,0.0150
356,4,3.6090,0.0310
80,0,3.6260,0.0170
80,0,3.6390,0.0130
80,0,3.6410,0.0020
18,4,3.6560,0.0150
466,4,3.7040,0.0480
24,4,3.7190,0.0150
49,0,3.7350,0.0160
80,0,3.7520,0.0170
80,3,3.7660,0.0140
28,3,3.8130,0.0470
40,0,3.8270,0.0140
49,0,3.8280,0.0010
80,0,3.8440,0.0160
51,4,3.8590,0.0150
80,0,3.8750,0.0160
40,4,3.8910,0.0160
40,0,3.9060,0.0150
80,3,3.9070,0.0010
40,4,3.9210,0.0140
80,3,3.9220,0.0010
80,0,3.9380,0.0160
15,4,3.9690,0.0310
466,4,3.9850,0.0160
112,4,4.0000,0.0150
466,0,4.0160,0.0160
49,0,4.0330,0.0170
80,4,4.0470,0.0140
51,0,4.1100,0.0630
51,0,4.1300,0.0200
76,0,4.1430,0.0130
76,0,4.1580,0.0150
76,0,4.1720,0.0140
76,0,4.1880,0.0160
51,0,4.2070,0.0190
76,0,4.2200,0.0130
416,0,4.2360,0.0160
35,0,4.3300,0.0940
35,0,4.3610,0.0310
35,0,4.3880,0.0270
24,0,4.4060,0.0180
35,0,4.4400,0.0340
35,0,4.4700,0.0300
35,0,4.4850,0.0150
24,0,4.5160,0.0310
73,0,4.5320,0.0160
24,0,4.5490,0.0170
35,0,4.6250,0.0760
18,0,4.6450,0.0200
23,0,4.6580,0.0130
416,0,4.7970,0.1390
35,0,4.8760,0.0790
35,0,4.8920,0.0160
35,0,4.9070,0.0150
24,0,5.2030,0.2960
416,0,5.2810,0.0780
416,0,5.3590,0.0780
35,0,5.3750,0.0160
80,0,5.3910,0.0160
140,0,5.4060,0.0150
25,0,5.4220,0.0160
18,0,5.4380,0.0160
18,0,5.4530,0.0150
18,0,5.4840,0.0310
18,0,5.5000,0.0160
15,0,5.5160,0.0160
37,0,5.5310,0.0150
80,0,5.5470,0.0160
247,0,5.6410,0.0940
247,0,5.6560,0.0150
33,0,5.7030,0.0470
18,0,5.7190,0.0160
19,0,5.7980,0.0790
18,0,5.8160,0.0180
24,0,5.8470,0.0310
15,0,5.8680,0.0210
21,0,6.0780,0.2100
35,0,6.1410,0.0630
37,0,6.1650,0.0240
4098,0,6.1730,0.0080
0,0,6.2190,0.0460
289,0,6.2520,0.0330
22,0,6.2730,0.0210
23,0,6.3020,0.0290
28,0,6.3340,0.0320
5,0,6.3480,0.0140
5349,0,6.3600,0.0120
24,0,6.4180,0.0580
30,0,6.4220,0.0040
73,0,6.5210,0.0990
24,0,6.6280,0.1070
24,0,6.6440,0.0160
24,0,6.6590,0.0150
416,0,6.7060,0.0470
416,0,6.7230,0.0170
35,0,6.7530,0.0300
35,0,6.7690,0.0160
22,0,6.8310,0.0620
23,0,6.8480,0.0170
35,0,6.9110,0.0630
35,0,6.9240,0.0130
444,0,6.9570,0.0330
35,0,6.9740,0.0170
35,0,7.0040,0.0300
33,0,7.0520,0.0480
22,0,7.0660,0.0140
22,0,7.0790,0.0130
22,0,7.0990,0.0200
22,0,7.1110,0.0120
282,0,7.1290,0.0180
36,0,7.1410,0.0120
35,0,7.2040,0.0630
453,0,7.2220,0.0180
453,0,7.2370,0.0150
72,0,7.2520,0.0150
64,0,7.2650,0.0130
453,0,7.2830,0.0180
416,0,7.2990,0.0160
453,0,7.3450,0.0460
453,0,7.4250,0.0800
453,0,7.4380,0.0130
35,0,7.4570,0.0190
35,0,7.4700,0.0130
35,0,7.4890,0.0190
35,0,7.5030,0.0140
35,0,7.5180,0.0150
35,0,7.5320,0.0140
35,0,7.5490,0.0170
35,0,7.5660,0.0170
416,0,7.6320,0.0660
453,0,7.6410,0.0090
192,0,7.6590,0.0180
72,0,7.6720,0.0130
51,0,7.6940,0.0220
416,0,7.7060,0.0120
453,0,7.7840,0.0780
453,0,7.9390,0.1550
453,0,7.9860,0.0470
453,0,8.0030,0.0170
35,0,8.0380,0.0350
24,0,8.1720,0.1340
35,0,8.1880,0.0160
453,0,8.2050,0.0170
453,0,8.2210,0.0160
35,0,8.2360,0.0150
453,0,8.2520,0.0160
416,0,8.2680,0.0160
453,0,8.2820,0.0140
453,0,8.3170,0.0350
416,0,8.3290,0.0120
35,0,8.3620,0.0330
61,0,8.3920,0.0300
22,0,8.4500,0.0580
14,0,8.4530,0.0030
417,0,8.4840,0.0310
14,0,8.5980,0.1140
417,0,8.6280,0.0300
466,3,8.6410,0.0130
112,4,8.6570,0.0160
60,4,8.6720,0.0150
83,4,8.6880,0.0160
