SysID,Thread ID,time,inetrval
14,0,0.2360,0.2360
80,0,0.5630,0.3270
80,0,0.5830,0.0200
18,0,0.5940,0.0110
18,0,0.6440,0.0500
18,0,0.7350,0.0910
37,0,0.9230,0.1880
55,0,0.9550,0.0320
61,0,0.9860,0.0310
51,0,1.0180,0.0320
49,0,1.0940,0.0760
80,0,1.1100,0.0160
80,0,1.1250,0.0150
347,0,1.1420,0.0170
347,0,1.1560,0.0140
80,0,1.2500,0.0940
80,0,1.3910,0.1410
76,0,1.4380,0.0470
416,0,1.4550,0.0170
453,0,1.4850,0.0300
453,0,1.5320,0.0470
453,0,1.5480,0.0160
18,0,1.6570,0.1090
453,0,1.6730,0.0160
453,0,1.7050,0.0320
24,0,1.7200,0.0150
24,0,1.8440,0.1240
80,0,1.8910,0.0470
453,0,1.9080,0.0170
453,0,1.9220,0.0140
18,0,1.9450,0.0230
23,0,1.9490,0.0040
51,0,2.1490,0.2000
348,0,2.1640,0.0150
15,0,2.1720,0.0080
51,0,2.2030,0.0310
24,0,2.2970,0.0940
85,0,2.3140,0.0170
54,0,2.3930,0.0790
340,0,2.4110,0.0180
356,0,2.4850,0.0740
453,0,2.5950,0.1100
15,0,2.6100,0.0150
38,0,2.6260,0.0160
297,0,2.6420,0.0160
15,0,2.6730,0.0310
85,0,2.6890,0.0160
33,0,2.7040,0.0150
23,0,2.7190,0.0150
76,0,2.7350,0.0160
453,0,2.7500,0.0150
293,0,2.7970,0.0470
24,0,3.0320,0.2350
15,0,3.0940,0.0620
37,0,3.2070,0.1130
354,0,3.2260,0.0190
196,0,3.2380,0.0120
417,0,3.2600,0.0220
80,0,3.2690,0.0090
40,0,3.2850,0.0160
49,0,3.2980,0.0130
49,0,3.3190,0.0210
369,0,3.3300,0.0110
15,0,3.3480,0.0180
67,2,3.3600,0.0120
1,2,3.3900,0.0300
55,0,3.3910,0.0010
49,0,3.4070,0.0160
80,0,3.4230,0.0160
80,0,3.4380,0.0150
80,0,3.4550,0.0170
24,0,3.5000,0.0450
466,2,3.5160,0.0160
18,0,3.5350,0.0190
112,0,3.5830,0.0480
55,0,3.5940,0.0110
469,2,3.6260,0.0320
369,0,3.6430,0.0170
80,2,3.6560,0.01300
inetrval
       

80,2,3.6560,0.01300
inetrval
       

40,0,3.7080,0.0520
49,0,3.7150,0.0070
24,2,3.7190,0.0040
24,3,3.7350,0.0160
369,0,3.7510,0.0160
80,3,3.7640,0.0130
49,0,3.7660,0.0020
49,0,3.7900,0.0240
49,0,3.8010,0.0110
49,0,3.8300,0.0290
80,3,3.8450,0.0150
49,0,3.8640,0.0190
369,0,3.8730,0.0090
67,4,3.8740,0.0010
80,4,3.8750,0.0010
14,2,3.9070,0.0320
469,2,3.9220,0.0150
24,0,3.9600,0.0380
369,0,3.9770,0.0170
61,2,3.9850,0.0080
74,2,4.0000,0.0150
40,2,4.0170,0.0170
356,4,4.0320,0.0150
49,2,4.0470,0.0150
18,4,4.0630,0.0160
80,2,4.0780,0.0150
24,4,4.0940,0.0160
369,2,4.1720,0.0780
469,2,4.1880,0.0160
61,4,4.2040,0.0160
369,4,4.2200,0.0160
51,0,4.2670,0.0470
51,0,4.2820,0.0150
76,0,4.2980,0.0160
51,0,4.3140,0.0160
51,0,4.3290,0.0150
76,0,4.3450,0.0160
76,0,4.3600,0.0150
76,0,4.3760,0.0160
416,0,4.3910,0.0150
24,0,4.4390,0.0480
73,0,4.5790,0.1400
73,0,4.5950,0.0160
18,0,4.7190,0.1240
23,0,4.7400,0.0210
23,0,4.7530,0.0130
24,0,4.7990,0.0460
24,0,4.8140,0.0150
24,0,4.8290,0.0150
35,0,4.8450,0.0160
416,0,4.8920,0.0470
416,0,4.9080,0.0160
453,0,4.9250,0.0170
453,0,4.9430,0.0180
192,0,4.9550,0.0120
51,0,4.9880,0.0330
35,0,5.0030,0.0150
453,0,5.0780,0.0750
24,0,5.1750,0.0970
453,0,5.2530,0.0780
453,0,5.2860,0.0330
453,0,5.2980,0.0120
416,0,5.3150,0.0170
35,0,5.4380,0.1230
35,0,5.4690,0.0310
35,0,5.5000,0.0310
24,0,5.5340,0.0340
35,0,5.6120,0.0780
24,0,5.6750,0.0630
416,0,5.7050,0.0300
35,0,5.7890,0.0840
35,0,5.7990,0.0100
35,0,5.8220,0.0230
24,0,6.1890,0.3670
416,0,6.2230,0.0340
54,0,6.2360,0.0130
140,0,6.2700,0.0340
25,0,6.2980,0.0280
18,0,6.3180,0.0200
18,0,6.3300,0.0120
18,0,6.3610,0.0310
18,0,6.3760,0.0150
4834,0,6.3920,0.0160
80,0,6.4230,0.0310
247,0,6.5320,0.1090
33,0,6.5950,0.0630
18,0,6.6120,0.0170
19,0,6.6730,0.0610
15,0,6.6920,0.0190
18,0,6.7060,0.0140
23,0,6.7230,0.0170
15,0,6.7540,0.0310
18,0,6.7690,0.0150
24,0,6.8160,0.0470
35,0,7.1420,0.3260
4101,0,7.1580,0.0160
37,0,7.1720,0.0140
297,0,7.1920,0.0200
0,0,7.2500,0.0580
25,0,7.2680,0.0180
289,0,7.2840,0.0160
22,0,7.3140,0.0300
23,0,7.3470,0.0330
28,0,7.3620,0.0150
15,0,7.3780,0.0160
18,0,7.3920,0.0140
5349,0,7.4240,0.0320
416,0,7.5060,0.0820
35,0,7.5210,0.0150
4151,0,7.5700,0.0490
4151,0,7.5820,0.0120
51,0,7.7040,0.1220
33,0,7.7390,0.0350
18,0,7.7580,0.0190
17,0,7.7700,0.0120
140,0,7.8130,0.0430
15,0,7.8290,0.0160
105,0,7.8720,0.0430
4151,0,7.8750,0.0030
4162,0,7.8920,0.0170
35,0,7.9080,0.0160
14,0,7.9450,0.0370
417,0,7.9600,0.0150
35,0,7.9890,0.0290
72,0,8.0970,0.1080
14,0,8.1100,0.0130
51,0,8.1740,0.0640
340,0,8.1880,0.0140
33,0,8.2220,0.0340
33,0,8.2350,0.0130
18,0,8.2520,0.0170
24,0,8.2680,0.0160
23,0,8.2820,0.0140
23,0,8.3000,0.0180
18,0,8.3300,0.0300
23,0,8.3610,0.0310
85,0,8.4100,0.0490
74,0,8.4260,0.0160
40,0,8.4420,0.0160
18,0,8.4570,0.0150
4,0,8.5170,0.0600
4,0,8.5810,0.0640
80,0,8.6280,0.0470
51,0,8.6430,0.0150
85,0,8.6600,0.0170
85,0,8.6920,0.0320
51,0,8.7210,0.0290
15,0,8.7370,0.0160
51,0,8.7690,0.0320
51,0,8.7840,0.0150
73,0,8.7990,0.0150
51,0,8.8160,0.0170
37,0,8.8470,0.0310
61,0,8.8600,0.0130
49,0,8.8750,0.0150
55,0,8.8920,0.0170
80,0,8.9060,0.0140
469,4,8.9220,0.0160
80,3,8.9390,0.0170
369,3,8.9550,0.0160
80,0,8.9550,0.0160
80,2,8.9690,0.0140
369,4,8.9850,0.0160
22,0,9.0790,0.0940
24,0,9.1570,0.0780
444,0,9.1920,0.0350
356,0,9.2050,0.0130
356,0,9.2500,0.0450
33,0,9.2810,0.0310
22,0,9.3130,0.0320
22,0,9.3440,0.0310
36,0,9.3770,0.0330
22,0,9.4390,0.0620
72,0,9.4670,0.0280
72,0,9.4710,0.0040
453,0,9.5010,0.0300
61,0,9.5650,0.0640
22,0,9.6190,0.0540
416,0,9.6270,0.0080
192,0,9.6570,0.0300
192,0,9.6740,0.0170
416,0,9.7270,0.0530
453,0,9.7660,0.0390
453,0,9.8690,0.1030
453,0,9.8740,0.0050
453,0,9.8950,0.0210
14,0,9.9140,0.0190
61,0,9.9260,0.0120
4,0,9.9560,0.0300
4,0,9.9860,0.0300
61,0,10.0480,0.0620
24,0,10.0800,0.0320
5254,0,10.3320,0.2520
5254,0,10.3620,0.0300
5254,0,10.3920,0.0300
5254,0,10.4080,0.0160
5254,0,10.4420,0.0340
5254,0,10.4550,0.0130
5254,0,10.4850,0.0300
5254,0,10.5160,0.0310
39,0,10.5660,0.0500
61,0,10.5810,0.0150
5254,0,10.6110,0.0300
5254,0,10.6270,0.0160
5254,0,10.6590,0.0320
5254,0,10.6880,0.0290
5254,0,10.7210,0.0330
5254,0,10.7380,0.0170
5254,0,10.7680,0.0300
5254,0,10.7830,0.0150
5254,0,10.8150,0.0320
5254,0,10.8300,0.0150
5254,0,10.8620,0.0320
5254,0,10.8770,0.0150
5254,0,10.9090,0.0320
5254,0,10.9220,0.0130
5254,0,10.9530,0.0310
5254,0,10.9690,0.0160
5254,0,11.0000,0.0310
5254,0,11.0160,0.0160
5254,0,11.0470,0.0310
5254,0,11.0630,0.0160
5254,0,11.0940,0.0310
5254,0,11.1100,0.0160
5254,0,11.1410,0.0310
5254,0,11.1590,0.0180
5254,0,11.1880,0.0290
5254,0,11.2030,0.0150
5254,0,11.2350,0.0320
5254,0,11.2500,0.0150
5254,0,11.2810,0.0310
5254,0,11.2980,0.0170
5254,0,11.3290,0.0310
5254,0,11.3440,0.0150
5254,0,11.3750,0.0310
5254,0,11.3910,0.0160
5254,0,11.4070,0.0160
8,0,11.4220,0.0150
5254,0,11.4380,0.0160
5254,0,11.4530,0.0150
5254,0,11.4850,0.0320
5254,0,11.5170,0.0320
5254,0,11.5380,0.0210
5254,0,11.5780,0.0400
5254,0,11.5990,0.0210
5254,0,11.6250,0.0260
30,0,11.6440,0.0190
30,0,11.6600,0.0160
24,0,11.6740,0.0140
22,0,11.6880,0.0140
15,0,11.7050,0.0170
61,0,11.7690,0.0640
22,0,11.8010,0.0320
29,0,11.8140,0.0130
23,0,11.8310,0.0170
55,0,11.8410,0.0100
49,0,11.8440,0.0030
80,3,11.8600,0.0160
369,0,11.8760,0.0160
80,0,11.8920,0.0160
22,0,11.9740,0.0820
4151,0,12.1200,0.1460
80,0,12.1260,0.0060
25,0,12.1560,0.0300
54,0,12.1570,0.0010
416,0,12.1790,0.0220
85,0,12.1880,0.0090
340,0,12.2190,0.0310
416,0,12.2510,0.0320
453,0,12.2990,0.0480
453,0,12.3150,0.0160
72,0,12.4230,0.1080
180,0,12.4390,0.0160
416,0,12.4540,0.0150
453,0,12.4710,0.0170
453,0,12.4870,0.0160
416,0,12.5000,0.0130
22,0,12.5220,0.0220
14,0,12.5360,0.0140
80,0,12.6800,0.1440
15,0,12.6940,0.0140
80,0,12.7980,0.1040
13,0,12.8130,0.0150
15,0,12.8440,0.0310
15,0,12.8720,0.0280
15,0,12.9270,0.0550
80,0,12.9420,0.0150
4275,0,12.9560,0.0140
15,0,12.9840,0.0280
14,0,13.0070,0.0230
96,0,13.0310,0.0240
61,0,13.1440,0.1130
61,0,13.1570,0.0130
80,0,13.1790,0.0220
18,0,13.2510,0.0720
18,0,13.2690,0.0180
18,0,13.2820,0.0130
297,0,13.2990,0.0170
18,0,13.3160,0.0170
453,0,13.3300,0.0140
25,0,13.3910,0.0610
51,0,13.4240,0.0330
15,0,13.4370,0.0130
51,0,13.4570,0.0200
15,0,13.4770,0.0200
18,0,13.4890,0.0120
25,0,13.5480,0.0590
140,0,13.5800,0.0320
297,0,13.6120,0.0320
15,0,13.6280,0.0160
340,0,13.6730,0.0450
85,0,13.7210,0.0480
15,0,13.8300,0.1090
82,0,13.8510,0.0210
15,0,13.8610,0.0100
4,0,13.8930,0.0320
