SysID,Thread ID,time,inetrval
14,0,0.2350,0.2350
80,0,0.5470,0.3120
80,0,0.5630,0.0160
80,0,0.5840,0.0210
18,0,0.5910,0.0070
18,0,0.5940,0.0030
18,0,0.6430,0.0490
18,0,0.7340,0.0910
15,0,0.7500,0.0160
37,0,0.9250,0.1750
55,0,0.9600,0.0350
61,0,0.9860,0.0260
51,0,1.0170,0.0310
49,0,1.0800,0.0630
80,0,1.0990,0.0190
80,0,1.1180,0.0190
347,0,1.1250,0.0070
80,0,1.2340,0.1090
80,0,1.3910,0.1570
15,0,1.4070,0.0160
76,0,1.4380,0.0310
416,0,1.4730,0.0350
453,0,1.5090,0.0360
453,0,1.5310,0.0220
453,0,1.5620,0.0310
18,0,1.7050,0.1430
453,0,1.7210,0.0160
453,0,1.7530,0.0320
24,0,1.7680,0.0150
24,0,1.8760,0.1080
80,0,1.8950,0.0190
453,0,1.9220,0.0270
18,0,1.9530,0.0310
51,0,2.0930,0.1400
15,0,2.1100,0.0170
51,0,2.1410,0.0310
24,0,2.2670,0.1260
85,0,2.2820,0.0150
40,0,2.3140,0.0320
54,0,2.4060,0.0920
340,0,2.4390,0.0330
356,0,2.5000,0.0610
453,0,2.6260,0.1260
15,0,2.6410,0.0150
38,0,2.6560,0.0150
297,0,2.6720,0.0160
15,0,2.6900,0.0180
85,0,2.7030,0.0130
33,0,2.7350,0.0320
15,0,2.7510,0.0160
76,0,2.7660,0.0150
76,0,2.7830,0.0170
293,0,2.8310,0.0480
24,0,3.0310,0.2000
15,0,3.1100,0.0790
37,0,3.2030,0.0930
354,0,3.2340,0.0310
417,0,3.2820,0.0480
80,0,3.2980,0.0160
55,0,3.3140,0.0160
40,0,3.3310,0.0170
49,0,3.3470,0.0160
49,0,3.3650,0.0180
369,0,3.3910,0.0260
67,2,3.4070,0.0160
1,2,3.4220,0.0150
40,0,3.4380,0.0160
49,0,3.4860,0.0480
80,0,3.5000,0.0140
466,2,3.5630,0.0630
18,0,3.5880,0.0250
23,0,3.5910,0.0030
24,0,3.5940,0.0030
112,0,3.6250,0.0310
55,0,3.6410,0.0160
28,2,3.6570,0.0160
49,0,3.6870,0.0300
80,2,3.7050,0.0180
14,2,3.7190,0.0140
14,2,3.7190,0.0140
55,0,3.7680,0.0490
49,0,3.7820,0.0140
112,2,3.7970,0.0150
24,3,3.8130,0.0160
15,0,3.8280,0.0150
80,0,3.8690,0.0410
469,3,3.8690,0.0410
49,0,3.8750,0.0060
49,0,3.8960,0.0210
49,0,3.9070,0.0110
49,0,3.9460,0.0390
80,3,3.9530,0.0070
49,0,3.9730,0.0200
15,0,3.9900,0.0170
80,3,3.9970,0.0070
469,3,4.0180,0.0210
469,4,4.0350,0.0170
80,2,4.0470,0.0120
24,0,4.0810,0.0340
369,0,4.0960,0.0150
55,0,4.1090,0.0130
49,2,4.1360,0.0270
356,0,4.1420,0.0060
80,2,4.1730,0.0310
18,0,4.2040,0.0310
23,0,4.2190,0.0150
369,2,4.2660,0.0470
15,2,4.2820,0.0160
80,4,4.3120,0.0300
51,0,4.3330,0.0210
49,0,4.3410,0.0080
469,4,4.3460,0.0050
51,0,4.3910,0.0450
76,0,4.4150,0.0240
76,0,4.4250,0.0100
51,0,4.4530,0.0280
76,0,4.4840,0.0310
76,0,4.5010,0.0170
76,0,4.5420,0.0410
416,0,4.5470,0.0050
416,0,4.5630,0.0160
24,0,4.6410,0.0780
73,0,4.7820,0.1410
24,0,4.7980,0.0160
18,0,4.9380,0.1400
23,0,4.9690,0.0310
24,0,5.0010,0.0320
24,0,5.0310,0.0300
35,0,5.0540,0.0230
416,0,5.0990,0.0450
416,0,5.1260,0.0270
453,0,5.1480,0.0220
453,0,5.1580,0.0100
72,0,5.1820,0.0240
51,0,5.1910,0.0090
7,0,5.2100,0.0190
416,0,5.2220,0.0120
453,0,5.3040,0.0820
24,0,5.3920,0.0880
453,0,5.4530,0.0610
453,0,5.5150,0.0620
35,0,5.6330,0.1180
35,0,5.6640,0.0310
35,0,5.6670,0.0030
35,0,5.6720,0.0050
35,0,5.6880,0.0160
35,0,5.7030,0.0150
73,0,5.7350,0.0320
73,0,5.7500,0.0150
35,0,5.8010,0.0510
24,0,5.8480,0.0470
24,0,5.8620,0.0140
416,0,5.8910,0.0290
35,0,5.9790,0.0880
35,0,5.9870,0.0080
35,0,6.0090,0.0220
416,0,6.4180,0.4090
54,0,6.4220,0.0040
80,0,6.4380,0.0160
140,0,6.4530,0.0150
25,0,6.4690,0.0160
18,0,6.4850,0.0160
18,0,6.5000,0.0150
18,0,6.5160,0.0160
18,0,6.5470,0.0310
18,0,6.5630,0.0160
37,0,6.5780,0.0150
80,0,6.6090,0.0310
247,0,6.7190,0.1100
33,0,6.7660,0.0470
18,0,6.7820,0.0160
19,0,6.8610,0.0790
18,0,6.8760,0.0150
23,0,6.8920,0.0160
15,0,6.9060,0.0140
18,0,6.9220,0.0160
35,0,7.2190,0.2970
35,0,7.2340,0.0150
37,0,7.2500,0.0160
297,0,7.2660,0.0160
0,0,7.3130,0.0470
15,0,7.3280,0.0150
289,0,7.3440,0.0160
22,0,7.3750,0.0310
23,0,7.4060,0.0310
28,0,7.4220,0.0160
5349,0,7.4550,0.0330
416,0,7.5220,0.0670
35,0,7.5370,0.0150
4151,0,7.5670,0.0300
4151,0,7.5870,0.0200
453,0,7.5960,0.0090
51,0,7.6900,0.0940
74,0,7.7030,0.0130
33,0,7.7200,0.0170
18,0,7.7380,0.0180
73,0,7.7520,0.0140
140,0,7.7820,0.0300
105,0,7.8300,0.0480
4162,0,7.8600,0.0300
25,0,7.8760,0.0160
14,0,7.9020,0.0260
417,0,7.9080,0.0060
35,0,7.9370,0.0290
21,0,8.0350,0.0980
21,0,8.0620,0.0270
14,0,8.0820,0.0200
51,0,8.1300,0.0480
340,0,8.1610,0.0310
21,0,8.1760,0.0150
33,0,8.1930,0.0170
33,0,8.2060,0.0130
72,0,8.2270,0.0210
24,0,8.2380,0.0110
23,0,8.2570,0.0190
23,0,8.2690,0.0120
18,0,8.2980,0.0290
18,0,8.3170,0.0190
23,0,8.3490,0.0320
85,0,8.3910,0.0420
74,0,8.4060,0.0150
18,0,8.4220,0.0160
23,0,8.4380,0.0160
21,0,8.4840,0.0460
21,0,8.5000,0.0160
4,0,8.5470,0.0470
80,0,8.5940,0.0470
51,0,8.6090,0.0150
61,0,8.6250,0.0160
85,0,8.6410,0.0160
85,0,8.6570,0.0160
51,0,8.7030,0.0460
51,0,8.7340,0.0310
51,0,8.7500,0.0160
17,0,8.7660,0.0160
15,0,8.7820,0.0160
37,0,8.8120,0.0300
61,0,8.8280,0.0160
24,0,8.8440,0.0160
80,4,8.8630,0.0190
469,4,8.8760,0.0130
49,2,8.8910,0.0150
369,2,8.9060,0.0150
112,2,8.9210,0.0150
112,2,8.9210,0.0150
51,3,8.9220,0.0010
49,2,8.9390,0.0170
76,0,8.9530,0.0140
22,0,9.0490,0.0960
15,0,9.0650,0.0160
356,0,9.1440,0.0790
444,0,9.1740,0.0300
356,0,9.2210,0.0470
33,0,9.2520,0.0310
33,0,9.2680,0.0160
22,0,9.2840,0.0160
22,0,9.3000,0.0160
22,0,9.3140,0.0140
72,0,9.3290,0.0150
33,0,9.3470,0.0180
22,0,9.4100,0.0630
453,0,9.4230,0.0130
72,0,9.4400,0.0170
64,0,9.4540,0.0140
453,0,9.4720,0.0180
61,0,9.5340,0.0620
42,0,9.5500,0.0160
22,0,9.5820,0.0320
416,0,9.5930,0.0110
192,0,9.6250,0.0320
192,0,9.6440,0.0190
416,0,9.6610,0.0170
416,0,9.6890,0.0280
453,0,9.7220,0.0330
416,0,9.7370,0.0150
453,0,9.8010,0.0640
453,0,9.8140,0.0130
453,0,9.8460,0.0320
61,0,9.8660,0.0200
51,0,9.8760,0.0100
5125,0,9.9000,0.0240
4156,0,9.9090,0.0090
80,0,9.9370,0.0280
4188,0,9.9690,0.0320
4328,0,10.0000,0.0310
4211,0,10.0310,0.0310
4,0,10.0470,0.0160
4,0,10.0620,0.0150
24,0,10.0780,0.0160
4,0,10.0940,0.0160
4,0,10.1100,0.0160
4819,0,10.1560,0.0460
4200,0,10.1720,0.0160
4131,0,10.2200,0.0480
4258,0,10.2830,0.0630
4158,0,10.3140,0.0310
4212,0,10.3380,0.0240
4242,0,10.3680,0.0300
4251,0,10.3770,0.0090
5,0,10.4090,0.0320
4192,0,10.4300,0.0210
18,0,10.4690,0.0390
51,0,10.5000,0.0310
35,0,10.5190,0.0190
35,0,10.5340,0.0150
4101,0,10.5480,0.0140
5,0,10.5590,0.0110
4258,0,10.5970,0.0380
4212,0,10.6160,0.0190
4258,0,10.6320,0.0160
4,0,10.6450,0.0130
4158,0,10.6730,0.0280
4264,0,10.6900,0.0170
4212,0,10.7060,0.0160
5230,0,10.7200,0.0140
5412,0,10.7700,0.0500
5,0,10.7840,0.0140
61,0,10.7990,0.0150
4,0,10.8110,0.0120
80,2,10.8130,0.0020
453,0,10.8470,0.0340
14,0,10.9230,0.0760
4110,0,10.9380,0.0150
4166,0,10.9550,0.0170
5230,0,10.9700,0.0150
4188,0,10.9850,0.0150
5292,0,11.0010,0.0160
4131,0,11.0170,0.0160
4103,0,11.0480,0.0310
5,0,11.0710,0.0230
4258,0,11.0780,0.0070
4158,0,11.1010,0.0230
5230,0,11.1120,0.0110
4258,0,11.1330,0.0210
4,0,11.1410,0.0080
5,0,11.1650,0.0240
5,0,11.1670,0.0020
4212,0,11.1720,0.0050
5412,0,11.1880,0.0160
4106,0,11.2190,0.0310
4787,0,11.2340,0.0150
4103,0,11.2500,0.0160
4123,0,11.2810,0.0310
4106,0,11.3290,0.0480
4107,0,11.3480,0.0190
4222,0,11.3790,0.0310
80,0,11.3940,0.0150
80,0,11.4120,0.0180
5292,0,11.4250,0.0130
4100,0,11.4560,0.0310
194,0,11.4880,0.0320
4177,0,11.5000,0.0120
4187,0,11.5470,0.0470
4100,0,11.5630,0.0160
14,5,11.5780,0.0150
450,5,11.5930,0.0150
4097,0,11.6410,0.0480
5292,0,11.6550,0.0140
21,5,11.6560,0.0010
4108,0,11.6760,0.0200
4,5,11.6880,0.0120
4,5,11.7190,0.0310
4112,5,11.7790,0.0600
4103,5,11.7810,0.0020
61,5,11.8010,0.0200
24,5,11.8150,0.0140
24,5,11.8290,0.0140
24,5,11.8460,0.0170
5254,5,12.0320,0.1860
4123,0,12.0490,0.0170
4115,0,12.0710,0.0220
5254,5,12.0790,0.0080
4097,0,12.0990,0.0200
5254,5,12.1100,0.0110
5254,5,12.1250,0.0150
4097,0,12.1420,0.0170
5254,5,12.1580,0.0160
5254,5,12.1720,0.0140
4097,0,12.1890,0.0170
5254,5,12.2040,0.0150
5254,5,12.2200,0.0160
5254,5,12.2340,0.0140
5254,5,12.2520,0.0180
5254,5,12.2680,0.0160
4108,0,12.2840,0.0160
5254,5,12.2990,0.0150
5254,5,12.3150,0.0160
5254,5,12.3300,0.0150
5254,5,12.3600,0.0300
5254,5,12.3790,0.0190
5254,5,12.4080,0.0290
5254,5,12.4730,0.0650
5254,5,12.4850,0.0120
5254,5,12.5020,0.0170
5254,5,12.5190,0.0170
5254,5,12.5340,0.0150
5254,5,12.5510,0.0170
5254,5,12.5650,0.0140
5254,5,12.5800,0.0150
5254,5,12.5960,0.0160
4103,5,12.6120,0.0160
4123,0,12.6270,0.0150
5254,5,12.6440,0.0170
5254,5,12.6590,0.0150
5254,5,12.6750,0.0160
5254,5,12.6900,0.0150
5254,5,12.7050,0.0150
5254,5,12.7220,0.0170
5254,5,12.7370,0.0150
4103,5,12.7540,0.0170
5254,5,12.7680,0.0140
4103,5,12.7840,0.0160
4097,0,12.8000,0.0160
5254,5,12.8160,0.0160
5254,5,12.8300,0.0140
5254,5,12.8450,0.0150
5254,5,12.8630,0.0180
4108,0,12.8780,0.0150
4097,0,12.8930,0.0150
5254,5,12.9080,0.0150
39,5,12.9390,0.0310
39,5,12.9550,0.0160
5254,5,12.9700,0.0150
5254,5,12.9860,0.0160
5254,5,13.0040,0.0180
5254,5,13.0190,0.0150
5254,5,13.0350,0.0160
30,5,13.0490,0.0140
30,5,13.0650,0.0160
37,0,13.0830,0.0180
4096,0,13.0950,0.0120
5,0,13.1160,0.0210
4123,0,13.1280,0.0120
4251,0,13.1480,0.0200
22,0,13.1600,0.0120
15,0,13.1720,0.0120
61,0,13.2030,0.0310
22,0,13.2670,0.0640
23,0,13.2870,0.0200
49,0,13.2940,0.0070
40,0,13.2980,0.0040
49,0,13.3130,0.0150
80,2,13.3280,0.0150
80,2,13.3450,0.0170
49,0,13.3610,0.0160
22,0,13.4380,0.0770
4151,0,13.5860,0.1480
80,0,13.5980,0.0120
54,0,13.6170,0.0190
25,0,13.6220,0.0050
416,0,13.6260,0.0040
85,0,13.6470,0.0210
340,0,13.6610,0.0140
416,0,13.6900,0.0290
453,0,13.7440,0.0540
453,0,13.7500,0.0060
72,0,13.8450,0.0950
416,0,13.8750,0.0300
453,0,13.8920,0.0170
453,0,13.9070,0.0150
22,0,13.9390,0.0320
14,0,13.9540,0.0150
80,0,14.0950,0.1410
15,0,14.1100,0.0150
80,0,14.2030,0.0930
91,0,14.2270,0.0240
15,0,14.2390,0.0120
15,0,14.2660,0.0270
15,0,14.2810,0.0150
15,0,14.3440,0.0630
80,0,14.3600,0.0160
15,0,14.3750,0.0150
80,0,14.3910,0.0160
80,0,14.4060,0.0150
96,0,14.4220,0.0160
15,0,14.4380,0.0160
61,0,14.5360,0.0980
61,0,14.5480,0.0120
80,0,14.5660,0.0180
18,0,14.6430,0.0770
201,0,14.6580,0.0150
297,0,14.6760,0.0180
15,0,14.6920,0.0160
453,0,14.7100,0.0180
33,0,14.7680,0.0580
15,0,14.7870,0.0190
18,0,14.8010,0.0140
25,0,14.8450,0.0440
140,0,14.8920,0.0470
33,0,14.9100,0.0180
85,0,14.9260,0.0160
61,0,14.9390,0.0130
15,0,14.9560,0.0170
35,0,14.9710,0.0150
51,0,14.9860,0.0150
17,0,15.0170,0.0310
42,0,15.0470,0.0300
340,0,15.1120,0.0650
85,0,15.1450,0.0330
15,0,15.2210,0.0760
15,0,15.2500,0.0290
4,0,15.2820,0.0320
