SysID,Thread ID,time,inetrval
14,0,0.2190,0.2190
80,0,0.5330,0.3140
80,0,0.5480,0.0150
80,0,0.5630,0.0150
33,0,0.5790,0.0160
18,0,0.6300,0.0510
18,0,0.7380,0.1080
23,0,0.7510,0.0130
37,0,0.9250,0.1740
55,0,0.9720,0.0470
61,0,1.0020,0.0300
51,0,1.0310,0.0290
49,0,1.1090,0.0780
80,0,1.1250,0.0160
347,0,1.1560,0.0310
80,0,1.2530,0.0970
80,0,1.4060,0.1530
76,0,1.4540,0.0480
416,0,1.4870,0.0330
453,0,1.5310,0.0440
453,0,1.5780,0.0470
18,0,1.7360,0.1580
23,0,1.7500,0.0140
453,0,1.7660,0.0160
453,0,1.7830,0.0170
24,0,1.8120,0.0290
24,0,1.9220,0.1100
80,0,1.9690,0.0470
453,0,1.9850,0.0160
453,0,2.0010,0.0160
18,0,2.0190,0.0180
51,0,2.1560,0.1370
348,0,2.1790,0.0230
15,0,2.1890,0.0100
51,0,2.2080,0.0190
51,0,2.2170,0.0090
348,0,2.2190,0.0020
24,0,2.3130,0.0940
85,0,2.3300,0.0170
74,0,2.3460,0.0160
54,0,2.4090,0.0630
340,0,2.4220,0.0130
356,0,2.5000,0.0780
453,0,2.6130,0.1130
38,0,2.6450,0.0320
33,0,2.6580,0.0130
15,0,2.6750,0.0170
85,0,2.7010,0.0260
33,0,2.7200,0.0190
15,0,2.7400,0.0200
15,0,2.7500,0.0100
293,0,2.8130,0.0630
24,0,3.0160,0.2030
15,0,3.0840,0.0680
37,0,3.1880,0.1040
354,0,3.2050,0.0170
173,0,3.2220,0.0170
144,0,3.2390,0.0170
417,0,3.2530,0.0140
80,0,3.2690,0.0160
40,0,3.2830,0.0140
49,0,3.2980,0.0150
49,0,3.3130,0.0150
80,0,3.3290,0.0160
369,0,3.3600,0.0310
67,2,3.3810,0.0210
55,0,3.4070,0.0260
49,0,3.4220,0.0150
80,0,3.4850,0.0630
24,2,3.5160,0.0310
466,0,3.5480,0.0320
18,2,3.5630,0.0150
112,2,3.6010,0.0380
28,2,3.6090,0.0080
40,0,3.6250,0.0160
469,2,3.6560,0.0310
369,0,3.6740,0.0180
80,2,3.6870,0.0130
40,0,3.7340,0.0470
80,2,3.7500,0.0160
24,2,3.7670,0.0170
24,3,3.7810,0.0140
469,3,3.8130,0.0320
55,0,3.8290,0.0160
80,3,3.8460,0.0170
49,0,3.8620,0.0160
49,0,3.8750,0.0130
49,0,3.8960,0.0210
49,0,3.9250,0.0290
80,2,3.9350,0.0100
55,0,3.9380,0.0030
369,0,3.9590,0.0210
80,2,3.9690,0.0100
18,0,3.9850,0.0160
469,4,4.0010,0.0160
469,3,4.0170,0.0160
469,3,4.0170,0.0160
369,0,4.0630,0.0460
24,0,4.0790,0.0160
356,0,4.1090,0.0300
356,0,4.1250,0.0160
51,4,4.1400,0.0150
18,0,4.1720,0.0320
74,4,4.1720,0.0320
80,4,4.1880,0.0160
80,4,4.2030,0.0150
15,4,4.2340,0.0310
61,0,4.2680,0.0340
40,0,4.2810,0.0130
469,3,4.2970,0.0160
51,0,4.3280,0.0310
76,0,4.3550,0.0270
51,0,4.3600,0.0050
76,0,4.3760,0.0160
51,0,4.4060,0.0300
51,0,4.4250,0.0190
76,0,4.4370,0.0120
76,0,4.4550,0.0180
416,0,4.4700,0.0150
24,0,4.5470,0.0770
73,0,4.7510,0.2040
18,0,4.8970,0.1460
23,0,4.9090,0.0120
23,0,4.9230,0.0140
24,0,4.9720,0.0490
24,0,4.9850,0.0130
24,0,5.0010,0.0160
35,0,5.0180,0.0170
416,0,5.0790,0.0610
416,0,5.0960,0.0170
453,0,5.1120,0.0160
453,0,5.1260,0.0140
192,0,5.1410,0.0150
51,0,5.1750,0.0340
35,0,5.1890,0.0140
453,0,5.2690,0.0800
24,0,5.3630,0.0940
453,0,5.4250,0.0620
416,0,5.4410,0.0160
453,0,5.4710,0.0300
453,0,5.4890,0.0180
35,0,5.5820,0.0930
35,0,5.6120,0.0300
35,0,5.6450,0.0330
35,0,5.6570,0.0120
24,0,5.6910,0.0340
73,0,5.7060,0.0150
35,0,5.7660,0.0600
24,0,5.8290,0.0630
24,0,5.8440,0.0150
416,0,5.8590,0.0150
35,0,5.9550,0.0960
35,0,5.9700,0.0150
35,0,5.9850,0.0150
416,0,6.3900,0.4050
54,0,6.4080,0.0180
80,0,6.4240,0.0160
140,0,6.4410,0.0170
25,0,6.4550,0.0140
18,0,6.4710,0.0160
453,0,6.4840,0.0130
18,0,6.4850,0.0010
18,0,6.5070,0.0220
18,0,6.5370,0.0300
18,0,6.5510,0.0140
37,0,6.5650,0.0140
80,0,6.5960,0.0310
247,0,6.6920,0.0960
33,0,6.7550,0.0630
18,0,6.7690,0.0140
19,0,6.8290,0.0600
15,0,6.8510,0.0220
18,0,6.8630,0.0120
15,0,6.8930,0.0300
35,0,7.1790,0.2860
35,0,7.1920,0.0130
37,0,7.2100,0.0180
297,0,7.2250,0.0150
0,0,7.2560,0.0310
15,0,7.2730,0.0170
289,0,7.2870,0.0140
22,0,7.3180,0.0310
23,0,7.3490,0.0310
28,0,7.3610,0.0120
18,0,7.3810,0.0200
5349,0,7.3930,0.0120
416,0,7.4560,0.0630
35,0,7.4730,0.0170
4151,0,7.5000,0.0270
453,0,7.5300,0.0300
51,0,7.6200,0.0900
74,0,7.6250,0.0050
33,0,7.6420,0.0170
18,0,7.6590,0.0170
73,0,7.6790,0.0200
140,0,7.6890,0.0100
15,0,7.7150,0.0260
105,0,7.7380,0.0230
105,0,7.7540,0.0160
4162,0,7.7690,0.0150
35,0,7.7850,0.0160
14,0,7.8160,0.0310
417,0,7.8280,0.0120
14,0,7.8440,0.0160
35,0,7.8590,0.0150
72,0,7.9840,0.1250
51,0,8.0460,0.0620
340,0,8.0670,0.0210
33,0,8.0960,0.0290
33,0,8.1130,0.0170
15,0,8.1300,0.0170
24,0,8.1430,0.0130
23,0,8.1600,0.0170
23,0,8.1750,0.0150
18,0,8.2060,0.0310
23,0,8.2350,0.0290
85,0,8.2840,0.0490
74,0,8.3000,0.0160
40,0,8.3160,0.0160
18,0,8.3310,0.0150
4,0,8.3940,0.0630
4,0,8.4550,0.0610
80,0,8.5020,0.0470
51,0,8.5200,0.0180
85,0,8.5340,0.0140
85,0,8.5490,0.0150
51,0,8.5810,0.0320
73,0,8.5980,0.0170
51,0,8.6290,0.0310
51,0,8.6440,0.0150
73,0,8.6600,0.0160
51,0,8.6750,0.0150
37,0,8.7060,0.0310
40,0,8.7210,0.0150
49,0,8.7360,0.0150
80,3,8.7500,0.0140
80,3,8.7650,0.0150
74,2,8.7820,0.0170
49,4,8.7970,0.0150
466,3,8.8120,0.0150
369,4,8.8280,0.0160
22,0,8.9410,0.1130
356,0,9.0190,0.0780
444,0,9.0510,0.0320
356,0,9.0960,0.0450
33,0,9.1450,0.0490
22,0,9.1570,0.0120
22,0,9.1750,0.0180
22,0,9.1900,0.0150
22,0,9.2030,0.0130
36,0,9.2220,0.0190
22,0,9.2840,0.0620
453,0,9.3000,0.0160
72,0,9.3160,0.0160
64,0,9.3320,0.0160
453,0,9.3480,0.0160
416,0,9.3610,0.0130
61,0,9.4100,0.0490
51,0,9.4220,0.0120
22,0,9.4720,0.0500
192,0,9.5180,0.0460
192,0,9.5330,0.0150
416,0,9.5830,0.0500
453,0,9.6120,0.0290
416,0,9.6270,0.0150
453,0,9.6880,0.0610
453,0,9.7070,0.0190
453,0,9.7380,0.0310
61,0,9.7540,0.0160
51,0,9.7690,0.0150
5125,0,9.7840,0.0150
4156,0,9.7990,0.0150
80,0,9.8150,0.0160
80,0,9.8320,0.0170
4188,0,9.8630,0.0310
4328,0,9.8930,0.0300
4211,0,9.9250,0.0320
4,0,9.9550,0.0300
24,0,9.9730,0.0180
24,0,9.9860,0.0130
4,0,10.0040,0.0180
4,0,10.0170,0.0130
4819,0,10.0500,0.0330
4802,0,10.0630,0.0130
4131,0,10.1130,0.0500
4258,0,10.1750,0.0620
4212,0,10.1920,0.0170
4158,0,10.2060,0.0140
4264,0,10.2210,0.0150
5,0,10.2390,0.0180
4242,0,10.2520,0.0130
4251,0,10.2690,0.0170
4103,0,10.2840,0.0150
5,0,10.3010,0.0170
4192,0,10.3160,0.0150
18,0,10.3620,0.0460
15,0,10.3780,0.0160
40,0,10.3940,0.0160
35,0,10.4090,0.0150
35,0,10.4210,0.0120
4245,0,10.4430,0.0220
4258,0,10.4870,0.0440
4212,0,10.5020,0.0150
4258,0,10.5170,0.0150
4,0,10.5310,0.0140
4158,0,10.5500,0.0190
4264,0,10.5800,0.0300
4212,0,10.5900,0.0100
5230,0,10.5940,0.0040
5225,0,10.6090,0.0150
5412,0,10.6400,0.0310
4103,0,10.6560,0.0160
37,0,10.6720,0.0160
80,4,10.6920,0.0200
453,0,10.7350,0.0430
24,0,10.7510,0.0160
14,0,10.8010,0.0500
4162,0,10.8160,0.0150
4162,0,10.8300,0.0140
4162,0,10.8460,0.0160
5382,0,10.8590,0.0130
4211,0,10.8770,0.0180
5292,0,10.8930,0.0160
4131,0,10.9080,0.0150
4103,0,10.9370,0.0290
5,0,10.9540,0.0170
4258,0,10.9690,0.0150
4,0,10.9890,0.0200
5230,0,11.0000,0.0110
4162,0,11.0160,0.0160
4158,0,11.0320,0.0160
4187,0,11.0510,0.0190
4212,0,11.0650,0.0140
5412,0,11.0810,0.0160
4106,0,11.1300,0.0490
4787,0,11.1380,0.0080
5292,0,11.1400,0.0020
4177,0,11.1560,0.0160
4123,0,11.1720,0.0160
4111,0,11.1880,0.0160
4106,0,11.2220,0.0340
80,0,11.2370,0.0150
4180,0,11.2540,0.0170
4222,0,11.2840,0.0300
4107,0,11.3010,0.0170
4279,0,11.3160,0.0150
5292,0,11.3310,0.0150
4100,0,11.3470,0.0160
4111,0,11.3620,0.0150
194,0,11.3790,0.0170
4177,0,11.4210,0.0420
4187,0,11.4540,0.0330
4100,0,11.4690,0.0150
4097,0,11.4850,0.0160
4,0,11.5000,0.0150
14,5,11.5160,0.0160
450,5,11.5310,0.0150
4097,0,11.5470,0.0160
67,5,11.5470,0.0160
5292,0,11.5650,0.0180
5,0,11.5810,0.0160
4,5,11.6250,0.0440
4112,5,11.6730,0.0480
4103,0,11.6900,0.0170
61,5,11.7060,0.0160
24,5,11.7180,0.0120
24,5,11.7380,0.0200
5254,5,11.9380,0.2000
4162,0,11.9560,0.0180
4115,0,11.9720,0.0160
39,5,12.0160,0.0440
30,5,12.0490,0.0330
30,5,12.0760,0.0270
4103,5,12.0780,0.0020
60,0,12.0940,0.0160
5,0,12.1220,0.0280
4111,0,12.1230,0.0010
5,0,12.1250,0.0020
5412,0,12.1410,0.0160
4251,0,12.1560,0.0150
23,0,12.1710,0.0150
61,0,12.2180,0.0470
22,0,12.2660,0.0480
23,0,12.2810,0.0150
49,0,12.2980,0.0170
49,0,12.3160,0.0180
369,0,12.3300,0.0140
49,0,12.3440,0.0140
469,3,12.3630,0.0190
22,0,12.4220,0.0590
453,0,12.4380,0.0160
4151,0,12.5640,0.1260
80,0,12.5810,0.0170
54,0,12.5950,0.0140
416,0,12.6130,0.0180
85,0,12.6290,0.0160
340,0,12.6440,0.0150
416,0,12.6910,0.0470
453,0,12.7360,0.0450
72,0,12.8480,0.1120
416,0,12.8620,0.0140
453,0,12.8930,0.0310
416,0,12.9110,0.0180
22,0,12.9400,0.0290
14,0,12.9570,0.0170
80,0,13.0950,0.1380
15,0,13.1120,0.0170
80,0,13.2030,0.0910
13,0,13.2180,0.0150
91,0,13.2400,0.0220
15,0,13.2520,0.0120
15,0,13.2690,0.0170
15,0,13.2840,0.0150
15,0,13.3450,0.0610
80,0,13.3600,0.0150
4275,0,13.3780,0.0180
80,0,13.4070,0.0290
96,0,13.4230,0.0160
15,0,13.4400,0.0170
61,0,13.5310,0.0910
61,0,13.5470,0.0160
80,0,13.5620,0.0150
18,0,13.6410,0.0790
201,0,13.6560,0.0150
33,0,13.6790,0.0230
18,0,13.6900,0.0110
33,0,13.7660,0.0760
18,0,13.7840,0.0180
23,0,13.7930,0.0090
76,0,13.7970,0.0040
25,0,13.8280,0.0310
73,0,13.8440,0.0160
140,0,13.8750,0.0310
33,0,13.8910,0.0160
85,0,13.9060,0.0150
61,0,13.9220,0.0160
35,0,13.9530,0.0310
51,0,13.9720,0.0190
17,0,13.9870,0.0150
42,0,14.0180,0.0310
340,0,14.0820,0.0640
85,0,14.1150,0.0330
15,0,14.1910,0.0760
58,0,14.2060,0.0150
15,0,14.2190,0.0130
4,0,14.2500,0.0310
25,0,14.2660,0.0160
4,0,14.2840,0.0180
51,0,14.2970,0.0130
51,0,14.3120,0.0150
51,0,14.3290,0.0170
4,0,14.3440,0.0150
323,0,14.3600,0.0160
4,0,14.3750,0.0150
51,0,14.3900,0.0150
215,0,14.4060,0.0160
44,0,14.4370,0.0310
15,0,14.5000,0.0630
15,0,14.5470,0.0470
15,0,14.5620,0.0150
15,0,14.6250,0.0630
13,0,14.6870,0.0620
15,0,14.7180,0.0310
15,0,14.7340,0.0160
15,0,14.7500,0.0160
15,0,14.7660,0.0160
13,0,14.8430,0.0770
4275,0,14.8590,0.0160
15,0,14.8750,0.0160
13,0,14.9070,0.0320
15,0,14.9560,0.0490
30,0,14.9750,0.0190
13,0,14.9900,0.0150
15,0,15.0660,0.0760
15,0,15.0940,0.0280
15,0,15.1250,0.0310
15,0,15.1560,0.0310
15,0,15.1900,0.0340
