SysID,Thread ID,time,inetrval
14,0,0.2550,0.2550
80,0,0.5780,0.3230
80,0,0.5940,0.0160
80,0,0.6090,0.0150
18,0,0.6720,0.0630
18,0,0.7670,0.0950
37,0,0.9270,0.1600
55,0,0.9560,0.0290
61,0,0.9980,0.0420
51,0,1.0010,0.0030
40,0,1.0230,0.0220
49,0,1.0830,0.0600
80,0,1.0960,0.0130
80,0,1.1130,0.0170
347,0,1.1290,0.0160
80,0,1.2220,0.0930
80,0,1.3590,0.1370
15,0,1.3760,0.0170
76,0,1.4220,0.0460
416,0,1.4370,0.0150
453,0,1.4690,0.0320
453,0,1.5010,0.0320
453,0,1.5160,0.0150
18,0,1.6410,0.1250
453,0,1.6570,0.0160
453,0,1.6880,0.0310
24,0,1.7040,0.0160
24,0,1.7820,0.0780
80,0,1.8130,0.0310
453,0,1.8380,0.0250
453,0,1.8470,0.0090
18,0,1.8630,0.0160
51,0,2.0000,0.1370
51,0,2.0310,0.0310
24,0,2.1090,0.0780
85,0,2.1250,0.0160
17,0,2.1400,0.0150
54,0,2.2330,0.0930
340,0,2.2340,0.0010
356,0,2.3120,0.0780
453,0,2.4230,0.1110
38,0,2.4570,0.0340
15,0,2.4880,0.0310
85,0,2.5030,0.0150
33,0,2.5200,0.0170
15,0,2.5340,0.0140
15,0,2.5530,0.0190
76,0,2.5590,0.0060
453,0,2.5620,0.0030
293,0,2.5940,0.0320
24,0,2.7830,0.1890
15,0,2.8480,0.0650
37,0,2.9530,0.1050
354,0,2.9680,0.0150
417,0,2.9840,0.0160
417,0,3.0000,0.0160
80,0,3.0160,0.0160
369,0,3.0470,0.0310
67,2,3.0640,0.0170
1,2,3.0780,0.0140
469,2,3.0930,0.0150
369,2,3.1250,0.0320
1,3,3.1570,0.0320
24,0,3.1880,0.0310
356,2,3.2040,0.0160
466,3,3.2350,0.0310
356,2,3.2510,0.0160
18,2,3.2810,0.0300
112,0,3.3120,0.0310
55,0,3.3440,0.0320
466,3,3.3590,0.0150
466,3,3.3750,0.0160
112,0,3.4060,0.0310
24,0,3.4230,0.0170
24,4,3.4370,0.0140
469,4,3.4690,0.0320
61,4,3.4840,0.0150
61,2,3.4990,0.0150
55,0,3.5000,0.0010
18,0,3.5320,0.0320
61,3,3.5630,0.0310
61,2,3.5780,0.0150
61,4,3.6090,0.0310
61,3,3.6400,0.0310
40,0,3.6560,0.0160
61,4,3.6720,0.0160
76,3,3.6880,0.0160
361,3,3.7030,0.0150
61,4,3.7340,0.0310
49,0,3.7530,0.0190

49,0,3.7530,0.0190
14,4,3.7660,0.0130
49,0,3.7850,0.0190
24,0,3.8000,0.0150
15,0,3.8150,0.0150
49,0,3.8290,0.0140
55,0,3.8470,0.0180
49,0,3.8600,0.0130
15,0,3.8760,0.0160
15,0,3.8950,0.0190
94,0,3.9080,0.0130
