SysID,Thread ID,time,inetrval
14,0,0.2300,0.2300
80,0,0.5740,0.3440
18,0,0.6200,0.0460
18,0,0.6670,0.0470
18,0,0.7620,0.0950
23,0,0.7780,0.0160
37,0,0.9620,0.1840
55,0,1.0070,0.0450
61,0,1.0310,0.0240
51,0,1.0580,0.0270
40,0,1.0740,0.0160
49,0,1.1690,0.0950
80,0,1.1890,0.0200
80,0,1.2010,0.0120
347,0,1.2310,0.0300
80,0,1.3410,0.1100
80,0,1.4800,0.1390
76,0,1.5430,0.0630
416,0,1.5580,0.0150
453,0,1.5900,0.0320
453,0,1.6220,0.0320
453,0,1.6370,0.0150
18,0,1.7460,0.1090
23,0,1.7640,0.0180
453,0,1.7790,0.0150
453,0,1.7970,0.0180
24,0,1.8120,0.0150
24,0,1.9180,0.1060
80,0,1.9490,0.0310
80,0,1.9670,0.0180
453,0,1.9820,0.0150
453,0,1.9950,0.0130
18,0,2.0110,0.0160
51,0,2.1690,0.1580
15,0,2.1840,0.0150
51,0,2.2010,0.0170
15,0,2.2150,0.0140
24,0,2.2950,0.0800
17,0,2.3190,0.0240
74,0,2.3240,0.0050
54,0,2.3860,0.0620
356,0,2.4660,0.0800
453,0,2.5750,0.1090
15,0,2.5900,0.0150
38,0,2.6060,0.0160
297,0,2.6210,0.0150
15,0,2.6370,0.0160
85,0,2.6690,0.0320
33,0,2.6890,0.0200
23,0,2.7010,0.0120
15,0,2.7140,0.0130
85,0,2.7310,0.0170
293,0,2.7960,0.0650
24,0,3.0430,0.2470
15,0,3.1060,0.0630
37,0,3.2160,0.1100
354,0,3.2310,0.0150
205,0,3.2490,0.0180
144,0,3.2650,0.0160
80,0,3.2820,0.0170
55,0,3.2970,0.0150
49,0,3.3110,0.0140
80,0,3.3280,0.0170
49,0,3.3390,0.0110
369,0,3.3700,0.0310
1,2,3.4030,0.0330
469,2,3.4170,0.0140
40,0,3.4650,0.0480
80,2,3.4780,0.0130
80,0,3.5120,0.0340
18,2,3.5270,0.0150
80,0,3.5420,0.0150
466,0,3.5740,0.0320
112,2,3.5950,0.0210
28,2,3.6060,0.0110
469,2,3.6360,0.0300
55,0,3.6590,0.0230
49,0,3.6700,0.0110
24,2,3.6840,0.0140
112,2,3.6990,0.0150
40,0,3.7460,0.0470
469,3,3.7620,0.0160
80,2,3.7770,0.0150
14,3,3.7960,0.0190
40,0,3.8080,0.0120
49,0,3.8250,0.0170
49,0,3.8550,0.0300
80,3,3.8730,0.0180
49,0,3.8900,0.0170
369,0,3.9040,0.0140
469,3,3.9150,0.0110
80,2,3.9180,0.0030
469,2,3.9340,0.0160
51,0,3.9660,0.0320
24,0,3.9970,0.0310
369,0,4.0130,0.0160
55,0,4.0270,0.0140
74,2,4.0580,0.0310
49,2,4.0740,0.0160
356,3,4.0900,0.0160
80,2,4.0900,0.0160
18,3,4.1060,0.0160
24,3,4.1520,0.0460
369,2,4.1700,0.0180
61,3,4.2140,0.0440
15,2,4.2320,0.0180
51,3,4.2460,0.0140
51,0,4.3240,0.0780
76,0,4.3400,0.0160
348,0,4.3550,0.0150
51,0,4.3730,0.0180
76,0,4.3870,0.0140
76,0,4.4060,0.0190
51,0,4.4200,0.0140
416,0,4.4350,0.0150
24,0,4.4810,0.0460
30,0,4.4960,0.0150
73,0,4.6250,0.1290
73,0,4.6410,0.0160
18,0,4.7810,0.1400
23,0,4.8100,0.0290
24,0,4.8550,0.0450
35,0,4.8890,0.0340
416,0,4.9360,0.0470
416,0,4.9500,0.0140
453,0,4.9820,0.0320
192,0,5.0000,0.0180
72,0,5.0130,0.0130
51,0,5.0310,0.0180
35,0,5.0440,0.0130
453,0,5.1240,0.0800
24,0,5.2170,0.0930
453,0,5.2780,0.0610
416,0,5.2950,0.0170
453,0,5.3260,0.0310
453,0,5.3410,0.0150
35,0,5.4500,0.1090
35,0,5.4650,0.0150
35,0,5.5000,0.0350
35,0,5.5160,0.0160
24,0,5.5490,0.0330
73,0,5.5580,0.0090
35,0,5.6260,0.0680
24,0,5.6880,0.0620
416,0,5.7150,0.0270
35,0,5.8090,0.0940
35,0,5.8320,0.0230
24,0,6.1830,0.3510
416,0,6.2620,0.0790
54,0,6.2770,0.0150
140,0,6.2920,0.0150
25,0,6.3250,0.0330
453,0,6.3390,0.0140
18,0,6.3550,0.0160
18,0,6.3860,0.0310
18,0,6.4020,0.0160
23,0,6.4170,0.0150
37,0,6.4330,0.0160
80,0,6.4640,0.0310
247,0,6.5740,0.1100
33,0,6.6210,0.0470
18,0,6.6360,0.0150
19,0,6.7140,0.0780
18,0,6.7300,0.0160
23,0,6.7460,0.0160
15,0,6.7610,0.0150
18,0,6.7770,0.0160
35,0,7.0740,0.2970
4101,0,7.0890,0.0150
37,0,7.1080,0.0190
4224,0,7.1190,0.0110
4098,0,7.1210,0.0020
0,0,7.1690,0.0480
15,0,7.1840,0.0150
289,0,7.2010,0.0170
22,0,7.2140,0.0130
23,0,7.2460,0.0320
28,0,7.2930,0.0470
18,0,7.3090,0.0160
5349,0,7.3260,0.0170
416,0,7.3940,0.0680
35,0,7.4050,0.0110
4151,0,7.4330,0.0280
4151,0,7.4520,0.0190
453,0,7.4650,0.0130
51,0,7.5590,0.0940
33,0,7.5780,0.0190
18,0,7.5980,0.0200
17,0,7.6070,0.0090
140,0,7.6400,0.0330
105,0,7.6670,0.0270
4151,0,7.6950,0.0280
4162,0,7.6990,0.0040
35,0,7.7300,0.0310
14,0,7.7630,0.0330
417,0,7.7800,0.0170
35,0,7.7940,0.0140
72,0,7.9200,0.1260
51,0,7.9810,0.0610
340,0,8.0130,0.0320
33,0,8.0430,0.0300
33,0,8.0580,0.0150
72,0,8.0750,0.0170
23,0,8.1080,0.0330
18,0,8.1360,0.0280
18,0,8.1660,0.0300
23,0,8.1990,0.0330
85,0,8.2300,0.0310
74,0,8.2620,0.0320
23,0,8.2860,0.0240
4,0,8.3420,0.0560
4,0,8.4050,0.0630
80,0,8.4560,0.0510
51,0,8.4650,0.0090
85,0,8.4840,0.0190
15,0,8.4990,0.0150
85,0,8.5170,0.0180
51,0,8.5510,0.0340
15,0,8.5610,0.0100
51,0,8.5910,0.0300
51,0,8.6150,0.0240
17,0,8.6230,0.0080
51,0,8.6460,0.0230
37,0,8.6550,0.0090
61,0,8.6830,0.0280
80,0,8.6970,0.0140
24,0,8.7000,0.0030
55,0,8.7150,0.0150
369,0,8.7300,0.0150
55,4,8.7450,0.0150
466,3,8.7630,0.0180
112,4,8.7760,0.0130
112,4,8.7760,0.0130
466,2,8.7770,0.0010
80,4,8.7920,0.0150
22,0,8.8920,0.1000
22,0,8.9060,0.0140
24,0,8.9650,0.0590
356,0,8.9830,0.0180
444,0,9.0000,0.0170
356,0,9.0150,0.0150
356,0,9.0610,0.0460
33,0,9.0890,0.0280
22,0,9.1110,0.0220
22,0,9.1220,0.0110
22,0,9.1410,0.0190
72,0,9.1550,0.0140
36,0,9.1710,0.0160
22,0,9.1870,0.0160
22,0,9.2340,0.0470
453,0,9.2490,0.0150
72,0,9.2650,0.0160
64,0,9.2790,0.0140
453,0,9.2950,0.0160
61,0,9.3720,0.0770
42,0,9.3870,0.0150
22,0,9.4490,0.0620
416,0,9.4640,0.0150
192,0,9.4970,0.0330
192,0,9.5140,0.0170
416,0,9.5590,0.0450
453,0,9.5930,0.0340
416,0,9.6080,0.0150
453,0,9.6680,0.0600
416,0,9.6870,0.0190
453,0,9.7180,0.0310
61,0,9.7370,0.0190
51,0,9.7480,0.0110
4,0,9.7640,0.0160
4,0,9.7960,0.0320
61,0,9.8570,0.0610
24,0,9.8740,0.0170
24,0,9.8920,0.0180
24,0,9.9040,0.0120
5254,0,10.1230,0.2190
5254,0,10.1550,0.0320
39,0,10.1830,0.0280
51,0,10.1990,0.0160
5254,0,10.2300,0.0310
5254,0,10.2920,0.0620
5254,0,10.3240,0.0320
5254,0,10.3390,0.0150
5254,0,10.3710,0.0320
5254,0,10.3860,0.0150
5254,0,10.4170,0.0310
5254,0,10.4490,0.0320
5254,0,10.4640,0.0150
5254,0,10.4960,0.0320
5254,0,10.5270,0.0310
5254,0,10.5430,0.0160
5254,0,10.5740,0.0310
5254,0,10.6050,0.0310
5254,0,10.6210,0.0160
5254,0,10.6520,0.0310
5254,0,10.6670,0.0150
5254,0,10.6990,0.0320
5254,0,10.7140,0.0150
5254,0,10.7460,0.0320
5254,0,10.7610,0.0150
15,0,10.7770,0.0160
30,0,10.8080,0.0310
22,0,10.8240,0.0160
15,0,10.8390,0.0150
24,0,10.9020,0.0630
22,0,10.9490,0.0470
23,0,10.9640,0.0150
49,0,10.9820,0.0180
80,4,10.9960,0.0140
55,0,11.0120,0.0160
80,0,11.0290,0.0170
22,0,11.1070,0.0780
4151,0,11.2330,0.1260
80,0,11.2540,0.0210
54,0,11.2650,0.0110
416,0,11.2990,0.0340
85,0,11.3120,0.0130
416,0,11.3570,0.0450
453,0,11.4150,0.0580
453,0,11.4180,0.0030
72,0,11.5130,0.0950
340,0,11.5320,0.0190
416,0,11.5420,0.0100
453,0,11.5740,0.0320
416,0,11.5890,0.0150
22,0,11.6050,0.0160
14,0,11.6210,0.0160
80,0,11.7810,0.1600
15,0,11.7930,0.0120
80,0,11.8890,0.0960
13,0,11.9030,0.0140
14,0,11.9260,0.0230
15,0,11.9530,0.0270
15,0,12.0300,0.0770
80,0,12.0420,0.0120
15,0,12.0710,0.0290
15,0,12.0750,0.0040
14,0,12.0980,0.0230
96,0,12.1270,0.0290
61,0,12.2320,0.1050
61,0,12.2630,0.0310
80,0,12.3090,0.0460
18,0,12.3860,0.0770
201,0,12.4020,0.0160
297,0,12.4240,0.0220
18,0,12.4400,0.0160
453,0,12.4490,0.0090
33,0,12.5130,0.0640
15,0,12.5360,0.0230
33,0,12.5440,0.0080
76,0,12.5620,0.0180
25,0,12.5960,0.0340
140,0,12.6430,0.0470
340,0,12.7080,0.0650
85,0,12.7490,0.0410
15,0,12.8270,0.0780
58,0,12.8410,0.0140
15,0,12.8550,0.0140
4,0,12.8700,0.0150
18,0,12.8920,0.0220
25,0,12.9020,0.0100
61,0,12.9340,0.0320
15,0,12.9640,0.0300
35,0,12.9840,0.0200
51,0,13.0010,0.0170
17,0,13.0420,0.0410
42,0,13.0590,0.0170
76,0,13.0760,0.0170
25,0,13.1220,0.0460
51,0,13.1360,0.0140
51,0,13.1560,0.0200
51,0,13.1680,0.0120
323,0,13.1860,0.0180
4,0,13.1990,0.0130
4,0,13.2150,0.0160
323,0,13.2320,0.0170
22,0,13.2460,0.0140
15,0,13.2610,0.0150
44,0,13.2920,0.0310
15,0,13.3780,0.0860
15,0,13.3860,0.0080
15,0,13.4530,0.0670
13,0,13.4650,0.0120
13,0,13.5110,0.0460
15,0,13.5600,0.0490
15,0,13.5750,0.0150
15,0,13.5900,0.0150
13,0,13.6840,0.0940
42,0,13.7000,0.0160
13,0,13.7330,0.0330
15,0,13.7800,0.0470
13,0,13.7990,0.0190
15,0,13.8870,0.0880
15,0,13.9050,0.0180
15,0,13.9200,0.0150
15,0,13.9370,0.0170
15,0,13.9800,0.0430
15,0,13.9980,0.0180
15,0,14.0110,0.0130
