SysID,Thread ID,time,inetrval
14,0,0.2340,0.2340
80,0,0.5470,0.3130
80,0,0.5670,0.0200
80,0,0.5760,0.0090
80,0,0.5780,0.0020
33,0,0.6040,0.0260
18,0,0.6560,0.0520
18,0,0.7520,0.0960
37,0,0.9430,0.1910
55,0,0.9710,0.0280
61,0,1.0020,0.0310
51,0,1.0340,0.0320
49,0,1.1100,0.0760
80,0,1.1290,0.0190
80,0,1.1420,0.0130
347,0,1.1590,0.0170
347,0,1.1740,0.0150
80,0,1.2970,0.1230
80,0,1.4530,0.1560
76,0,1.5160,0.0630
416,0,1.5320,0.0160
453,0,1.5630,0.0310
453,0,1.5940,0.0310
453,0,1.6100,0.0160
18,0,1.7220,0.1120
23,0,1.7420,0.0200
15,0,1.7500,0.0080
453,0,1.7810,0.0310
24,0,1.8130,0.0320
24,0,1.8920,0.0790
80,0,1.9230,0.0310
453,0,1.9490,0.0260
453,0,1.9530,0.0040
18,0,1.9860,0.0330
51,0,2.1260,0.1400
15,0,2.1400,0.0140
51,0,2.1560,0.0160
51,0,2.1730,0.0170
24,0,2.2670,0.0940
17,0,2.2970,0.0300
54,0,2.3590,0.0620
340,0,2.3750,0.0160
356,0,2.4530,0.0780
453,0,2.5490,0.0960
15,0,2.5640,0.0150
38,0,2.5980,0.0340
297,0,2.6120,0.0140
15,0,2.6270,0.0150
85,0,2.6570,0.0300
33,0,2.6890,0.0320
76,0,2.7130,0.0240
85,0,2.7200,0.0070
293,0,2.7810,0.0610
24,0,2.9850,0.2040
15,0,3.0310,0.0460
15,0,3.0540,0.0230
37,0,3.1580,0.1040
354,0,3.1720,0.0140
173,0,3.1910,0.0190
205,0,3.2030,0.0120
202,0,3.2200,0.0170
80,0,3.2530,0.0330
49,0,3.3290,0.0760
80,0,3.3440,0.0150
369,0,3.3750,0.0310
67,2,3.3920,0.0170
1,2,3.4220,0.0300
18,0,3.4530,0.0310
469,2,3.4700,0.0170
80,2,3.5330,0.0630
28,2,3.5780,0.0450
14,2,3.5940,0.0160
469,2,3.6250,0.0310
55,0,3.6500,0.0250
61,2,3.6530,0.0030
40,0,3.6570,0.0040
466,2,3.7060,0.0490
51,2,3.7190,0.0130
80,2,3.7340,0.0150
466,2,3.7500,0.0160
18,0,3.7670,0.0170
24,0,3.7930,0.0260
112,0,3.7990,0.0060
55,0,3.8440,0.0450
24,2,3.8910,0.0470
466,0,3.9060,0.0150
466,2,3.9370,0.0310
24,0,3.9530,0.0160
80,2,3.9700,0.0170
55,2,3.9840,0.0140
80,2,4.0000,0.0160
80,0,4.0160,0.0160
55,2,4.0320,0.0160
40,0,4.0480,0.0160

inetrval
       
49,0,4.0640,0.0160
369,2,4.0760,0.0120
15,2,4.0790,0.0030
369,0,4.0940,0.0150
469,3,4.1100,0.0160
28,2,4.1250,0.0150
80,3,4.1410,0.0160
28,3,4.1570,0.0160
49,0,4.1720,0.0150
80,3,4.1870,0.0150
369,0,4.2050,0.0180
80,0,4.2190,0.0140
369,0,4.2350,0.0160
469,2,4.2500,0.0150
51,0,4.2980,0.0480
51,0,4.3290,0.0310
76,0,4.3530,0.0240
76,0,4.3600,0.0070
76,0,4.3770,0.0170
76,0,4.3900,0.0130
76,0,4.4070,0.0170
76,0,4.4380,0.0310
76,0,4.4550,0.0170
76,0,4.4710,0.0160
76,0,4.4850,0.0140
416,0,4.5320,0.0470
24,0,4.5940,0.0620
73,0,4.7210,0.1270
73,0,4.7380,0.0170
24,0,4.7510,0.0130
18,0,4.8750,0.1240
23,0,4.9060,0.0310
24,0,4.9620,0.0560
24,0,4.9690,0.0070
24,0,4.9800,0.0110
35,0,4.9850,0.0050
416,0,5.0540,0.0690
35,0,5.1410,0.0870
35,0,5.1560,0.0150
35,0,5.1730,0.0170
35,0,5.1890,0.0160
35,0,5.2070,0.0180
24,0,5.2370,0.0300
73,0,5.2550,0.0180
73,0,5.2690,0.0140
35,0,5.3320,0.0630
24,0,5.3920,0.0600
416,0,5.4400,0.0480
35,0,5.5170,0.0770
35,0,5.5390,0.0220
35,0,5.5520,0.0130
24,0,5.8310,0.2790
416,0,5.9550,0.1240
54,0,5.9710,0.0160
140,0,6.0030,0.0320
25,0,6.0190,0.0160
453,0,6.0350,0.0160
18,0,6.0490,0.0140
18,0,6.0810,0.0320
18,0,6.0970,0.0160
4834,0,6.1100,0.0130
80,0,6.1430,0.0330
247,0,6.2380,0.0950
33,0,6.2980,0.0600
18,0,6.3160,0.0180
24,0,6.3770,0.0610
15,0,6.3930,0.0160
18,0,6.4110,0.0180
15,0,6.4420,0.0310
21,0,6.6720,0.2300
35,0,6.7340,0.0620
4101,0,6.7500,0.0160
4224,0,6.7660,0.0160
66,0,6.7810,0.0150
0,0,6.8280,0.0470
289,0,6.8440,0.0160
22,0,6.8590,0.0150
289,0,6.8750,0.0160
23,0,6.8910,0.0160
28,0,6.9220,0.0310
5349,0,6.9530,0.0310
416,0,7.0000,0.0470
25,0,7.0160,0.0160
4151,0,7.0630,0.0470
453,0,7.0780,0.0150
51,0,7.1560,0.0780
74,0,7.1720,0.0160
33,0,7.1870,0.0150
18,0,7.2030,0.0160
73,0,7.2190,0.0160
140,0,7.2500,0.0310
105,0,7.2810,0.0310
4151,0,7.2970,0.0160
4162,0,7.3120,0.0150
35,0,7.3280,0.0160
416,0,7.3520,0.0240
35,0,7.3850,0.0330
22,0,7.4570,0.0720
35,0,7.5200,0.0630
35,0,7.5340,0.0140
35,0,7.5480,0.0140
444,0,7.5770,0.0290
356,0,7.5780,0.0010
35,0,7.6090,0.0310
356,0,7.6270,0.0180
33,0,7.6730,0.0460
289,0,7.6960,0.0230
22,0,7.7070,0.0110
22,0,7.7250,0.0180
22,0,7.7360,0.0110
36,0,7.7590,0.0230
33,0,7.7690,0.0100
35,0,7.8230,0.0540
22,0,7.8310,0.0080
453,0,7.8530,0.0220
72,0,7.8620,0.0090
453,0,7.8840,0.0220
453,0,7.8910,0.0070
453,0,7.9410,0.0500
416,0,7.9720,0.0310
453,0,8.0030,0.0310
416,0,8.0210,0.0180
35,0,8.0540,0.0330
192,0,8.1410,0.0870
416,0,8.1570,0.0160
453,0,8.1720,0.0150
453,0,8.1880,0.0160
51,0,8.2040,0.0160
7,0,8.2200,0.0160
453,0,8.2980,0.0780
24,0,8.3750,0.0770
453,0,8.4540,0.0790
416,0,8.4690,0.0150
453,0,8.5010,0.0320
453,0,8.5170,0.0160
453,0,8.5320,0.0150
453,0,8.5480,0.0160
453,0,8.5630,0.0150
35,0,8.5810,0.0180
24,0,8.5950,0.0140
453,0,8.6410,0.0460
5125,0,8.6720,0.0310
4151,0,8.6880,0.0160
4151,0,8.7040,0.0160
416,0,8.7200,0.0160
35,0,8.7520,0.0320
22,0,8.8010,0.0490
453,0,8.8140,0.0130
61,0,8.8440,0.0300
42,0,8.8700,0.0260
4151,0,8.9370,0.0670
80,0,8.9690,0.0320
54,0,8.9940,0.0250
14,0,9.0040,0.0100
417,0,9.0350,0.0310
4158,0,9.1630,0.1280
4264,0,9.2080,0.0450
4158,0,9.2250,0.0170
4264,0,9.2420,0.0170
4158,0,9.2580,0.0160
297,0,9.2870,0.0290
54,0,9.3460,0.0590
22,0,9.3750,0.0290
15,0,9.4020,0.0270
72,0,9.4060,0.0040
18,0,9.4900,0.0840
15,0,9.5040,0.0140
33,0,9.5360,0.0320
297,0,9.5550,0.0190
24,0,9.5670,0.0120
33,0,9.7370,0.1700
15,0,9.7700,0.0330
22,0,9.7910,0.0210
453,0,9.7990,0.0080
23,0,9.8170,0.0180
60,0,9.8350,0.0180
33,0,9.9740,0.1390
137,0,9.9890,0.0150
140,0,10.0650,0.0760
140,0,10.3020,0.2370
140,0,10.5170,0.2150
354,0,10.5460,0.0290
417,0,10.5470,0.0010
65,0,10.5620,0.0150
15,0,10.5840,0.0220
80,0,10.5940,0.0100
4188,0,10.6250,0.0310
21,0,10.6470,0.0220
21,0,10.6870,0.0400
80,0,10.7500,0.0630
4203,0,10.7660,0.0160
4107,0,10.7810,0.0150
80,0,10.8130,0.0320
4106,0,10.8280,0.0150
5292,0,10.8450,0.0170
4107,0,10.8670,0.0220
4137,0,10.8800,0.0130
4125,0,10.8960,0.0160
4107,0,10.9080,0.0120
4106,0,10.9270,0.0190
4252,0,10.9550,0.0280
4154,0,10.9660,0.0110
4178,0,10.9700,0.0040
4131,0,11.0000,0.0300
5052,0,11.0230,0.0230
4254,0,11.0320,0.0090
61,0,11.0630,0.0310
51,0,11.1310,0.0680
21,0,11.2190,0.0880
61,0,11.2510,0.0320
72,0,11.2710,0.0200
347,0,11.3130,0.0420
347,0,11.3470,0.0340
40,0,11.3620,0.0150
469,2,11.3750,0.0130
72,0,11.4020,0.0270
37,0,11.4060,0.0040
469,2,11.4230,0.0170
453,0,11.4480,0.0250
453,0,11.4550,0.0070
18,0,11.4780,0.0230
18,0,11.4850,0.0070
14,0,11.5950,0.1100
24,0,11.6250,0.0300
80,0,11.6910,0.0660
4264,0,11.7030,0.0120
4258,0,11.7190,0.0160
4103,0,11.7500,0.0310
5,0,11.7660,0.0160
5,0,11.7810,0.0150
4264,0,11.8150,0.0340
4212,0,11.8590,0.0440
4158,0,11.8750,0.0160
5,0,11.8900,0.0150
5,0,11.9060,0.0160
4101,0,11.9390,0.0330
5,0,11.9680,0.0290
33,0,11.9850,0.0170
18,0,12.0090,0.0240
72,0,12.0160,0.0070
23,0,12.0360,0.0200
18,0,12.0500,0.0140
18,0,12.0630,0.0130
18,0,12.0810,0.0180
23,0,12.0970,0.0160
4,0,12.1090,0.0120
4,0,12.1300,0.0210
24,0,12.1420,0.0120
4,0,12.1590,0.0170
4,0,12.1730,0.0140
4328,0,12.2060,0.0330
4819,0,12.2210,0.0150
4802,0,12.2360,0.0150
4819,0,12.2530,0.0170
4825,0,12.2660,0.0130
5,0,12.2810,0.0150
4212,0,12.3060,0.0250
4103,0,12.3120,0.0060
5382,0,12.3450,0.0330
4211,0,12.3750,0.0300
4131,0,12.3970,0.0220
37,0,12.4270,0.0300
356,0,12.4580,0.0310
356,0,12.4750,0.0170
18,0,12.5030,0.0280
61,0,12.5630,0.0600
49,0,12.5810,0.0180
4,0,12.5930,0.0120
76,0,12.5940,0.0010
453,0,12.6450,0.0510
14,0,12.6910,0.0460
4162,0,12.7050,0.0140
4100,0,12.7380,0.0330
4106,0,12.7530,0.0150
5,0,12.7830,0.0300
4132,0,12.8310,0.0480
5,0,12.8470,0.0160
21,0,12.8630,0.0160
4106,0,12.8780,0.0150
4212,0,12.8910,0.0130
4265,0,12.9060,0.0150
4203,0,12.9280,0.0220
4178,0,12.9400,0.0120
5,0,12.9570,0.0170
4132,0,12.9880,0.0310
4100,0,13.0020,0.0140
80,0,13.0180,0.0160
4106,0,13.0470,0.0290
4203,0,13.0630,0.0160
4247,0,13.0780,0.0150
4107,0,13.0940,0.0160
4178,0,13.1250,0.0310
4107,0,13.1460,0.0210
80,0,13.1580,0.0120
4104,0,13.1910,0.0330
4107,0,13.2090,0.0180
4104,0,13.2140,0.0050
4107,0,13.2190,0.0050
4107,0,13.2340,0.0150
4104,0,13.2500,0.0160
4104,0,13.2660,0.0160
4131,0,13.2810,0.0150
4100,0,13.2970,0.0160
4162,0,13.3280,0.0310
4162,0,13.3440,0.0160
33,0,13.3590,0.0150
0,0,13.3750,0.0160
5230,0,13.3910,0.0160
22,0,13.4060,0.0150
4212,0,13.4220,0.0160
4099,0,13.4370,0.0150
4270,0,13.4530,0.0160
4188,0,13.4690,0.0160
4178,0,13.4840,0.0150
4132,0,13.5310,0.0470
4106,0,13.5470,0.0160
4200,0,13.5630,0.0160
5292,0,13.5780,0.0150
4212,0,13.5940,0.0160
4212,0,13.6090,0.0150
23,0,13.6400,0.0310
85,0,13.6720,0.0320
74,0,13.6870,0.0150
40,0,13.7030,0.0160
18,0,13.7180,0.0150
4,0,13.7680,0.0500
4158,0,13.7910,0.0230
4264,0,13.7990,0.0080
5,0,13.8180,0.0190
24,0,13.8310,0.0130
4162,0,13.8590,0.0280
4106,0,13.8820,0.0230
4128,0,13.8910,0.0090
5143,0,13.9060,0.0150
80,0,13.9220,0.0160
4819,0,13.9380,0.0160
5292,0,13.9530,0.0150
5230,0,13.9690,0.0160
5,0,13.9840,0.0150
4288,0,14.0000,0.0160
5292,0,14.0150,0.0150
4131,0,14.0310,0.0160
5412,0,14.0470,0.0160
4188,0,14.0620,0.0150
15,0,14.0940,0.0320
5292,0,14.1090,0.0150
4132,0,14.1410,0.0320
4144,0,14.1730,0.0320
4132,0,14.2030,0.0300
4132,0,14.2340,0.0310
4212,0,14.2500,0.0160
5382,0,14.2660,0.0160
5412,0,14.2970,0.0310
5292,0,14.3190,0.0220
5,0,14.3320,0.0130
105,0,14.3480,0.0160
4110,0,14.3620,0.0140
4110,0,14.3750,0.0130
4131,0,14.4000,0.0250
4131,0,14.4060,0.0060
5,0,14.4260,0.0200
24,0,14.4400,0.0140
24,0,14.5010,0.0610
4110,0,14.5190,0.0180
4115,0,14.5800,0.0610
4132,0,14.5990,0.0190
4144,0,14.6110,0.0120
4110,0,14.6310,0.0200
4115,0,14.6440,0.0130
4110,0,14.6580,0.0140
4110,0,14.6710,0.0130
4212,0,14.7040,0.0330
4288,0,14.7190,0.0150
4180,0,14.7380,0.0190
4107,0,14.7470,0.0090
4106,0,14.7500,0.0030
4222,0,14.7820,0.0320
4107,0,14.8010,0.0190
4178,0,14.8150,0.0140
4226,0,14.8310,0.0160
4247,0,14.8410,0.0100
4107,0,14.8440,0.0030
4178,0,14.8590,0.0150
4229,0,14.8750,0.0160
4205,0,14.8910,0.0160
4191,0,14.9140,0.0230
4159,0,14.9190,0.0050
4249,0,14.9220,0.0030
51,0,15.0010,0.0790
51,0,15.0290,0.0280
51,0,15.0320,0.0030
4177,0,15.0530,0.0210
5,0,15.0630,0.0100
4110,0,15.0840,0.0210
4110,0,15.0960,0.0120
4132,0,15.1080,0.0120
4110,0,15.1090,0.0010
4293,0,15.1420,0.0330
4100,0,15.1600,0.0180
4110,0,15.1760,0.0160
4293,0,15.1910,0.0150
5059,0,15.2050,0.0140
4132,0,15.2200,0.0150
4324,0,15.2370,0.0170
4,0,15.2550,0.0180
4177,0,15.2710,0.0160
4123,0,15.2840,0.0130
5412,0,15.3050,0.0210
4158,0,15.3130,0.0080
4115,0,15.3380,0.0250
340,0,15.3460,0.0080
37,0,15.3760,0.0300
61,2,15.3910,0.0150
49,2,15.4060,0.0150
15,2,15.4220,0.0160
80,0,15.4900,0.0680
22,0,15.5180,0.0280
453,0,15.5500,0.0320
453,0,15.5650,0.0150
80,0,15.6440,0.0790
453,0,15.7070,0.0630
453,0,15.7210,0.0140
453,0,15.7390,0.0180
453,0,15.7520,0.0130
453,0,15.7700,0.0180
80,0,15.7830,0.0130
36,0,15.8010,0.0180
80,0,15.8160,0.0150
40,0,15.8310,0.0150
80,0,15.8470,0.0160
22,0,15.8630,0.0160
22,0,15.8940,0.0310
23,0,15.9100,0.0160
23,0,15.9240,0.0140
80,0,15.9430,0.0190
22,0,15.9540,0.0110
15,0,15.9720,0.0180
36,0,16.0350,0.0630
33,0,16.0490,0.0140
4,0,16.0780,0.0290
4,0,16.0940,0.0160
4,0,16.1130,0.0190
15,0,16.1580,0.0450
61,0,16.1760,0.0180
22,0,16.1910,0.0150
80,0,16.2230,0.0320
51,0,16.2530,0.0300
24,0,16.2840,0.0310
85,0,16.3000,0.0160
6,0,16.3160,0.0160
37,0,16.3310,0.0150
80,0,16.3450,0.0140
30,0,16.3660,0.0210
24,0,16.3780,0.0120
38,0,16.3940,0.0160
63,0,16.4070,0.0130
15,0,16.4260,0.0190
38,0,16.4410,0.0150
24,0,16.4550,0.0140
155,0,16.4740,0.0190
297,0,16.4870,0.0130
4,0,16.5010,0.0140
24,0,16.5980,0.0970
30,0,16.6190,0.0210
15,0,16.6290,0.0100
33,0,16.6430,0.0140
4,0,16.6590,0.0160
63,0,16.6760,0.0170
140,0,16.6880,0.0120
140,0,16.7200,0.0320
140,0,16.7500,0.0300
140,0,16.8470,0.0970
4110,0,16.8630,0.0160
4110,0,16.8940,0.0310
4110,0,16.9090,0.0150
4110,0,16.9250,0.0160
4110,0,16.9560,0.0310
4115,0,16.9840,0.0280
4110,0,17.0010,0.0170
4,0,17.0310,0.0300
4,0,17.0470,0.0160
4,0,17.0630,0.0160
4,0,17.1260,0.0630
4,0,17.1410,0.0150
4,0,17.1570,0.0160
4110,0,17.1730,0.0160
4110,0,17.1880,0.0150
4110,0,17.2040,0.0160
4110,0,17.2200,0.0160
4110,0,17.2360,0.0160
4110,0,17.2510,0.0150
4110,0,17.2680,0.0170
4110,0,17.2800,0.0120
4110,0,17.2820,0.0020
4100,0,17.3440,0.0620
4111,0,17.3900,0.0460
4110,0,17.4060,0.0160
4110,0,17.4220,0.0160
4110,0,17.4700,0.0480
4132,0,17.4870,0.0170
4115,0,17.5040,0.0170
4183,0,17.5110,0.0070
4103,0,17.5160,0.0050
4100,0,17.5310,0.0150
14,5,40.6250,23.0940
432,5,40.6440,0.0190
72,5,40.6600,0.0160
417,5,40.6730,0.0130
466,6,40.6870,0.0140
417,5,40.7040,0.0170
450,6,40.7180,0.0140
450,6,40.7180,0.0140
