SysID,Thread ID,time,inetrval
14,0,0.2300,0.2300
80,0,0.5770,0.3470
80,0,0.5940,0.0170
18,0,0.6560,0.0620
18,0,0.7520,0.0960
37,0,0.9370,0.1850
55,0,0.9680,0.0310
61,0,0.9990,0.0310
51,0,1.0320,0.0330
40,0,1.0490,0.0170
49,0,1.1860,0.1370
80,0,1.2340,0.0480
347,0,1.2800,0.0460
80,0,1.4420,0.1620
80,0,1.6710,0.2290
15,0,1.7060,0.0350
76,0,1.7480,0.0420
416,0,1.7860,0.0380
453,0,1.8260,0.0400
453,0,1.8590,0.0330
18,0,2.0300,0.1710
23,0,2.0800,0.0500
453,0,2.0920,0.0120
453,0,2.1240,0.0320
24,0,2.1390,0.0150
24,0,2.2200,0.0810
80,0,2.2670,0.0470
453,0,2.2820,0.0150
453,0,2.2960,0.0140
18,0,2.3110,0.0150
51,0,2.5140,0.2030
15,0,2.5300,0.0160
51,0,2.5450,0.0150
51,0,2.5620,0.0170
24,0,2.6880,0.1260
85,0,2.7070,0.0190
17,0,2.7180,0.0110
40,0,2.7370,0.0190
54,0,2.8110,0.0740
340,0,2.8280,0.0170
356,0,2.8890,0.0610
453,0,3.0290,0.1400
15,0,3.0620,0.0330
297,0,3.0920,0.0300
15,0,3.1240,0.0320
33,0,3.1550,0.0310
15,0,3.1740,0.0190
76,0,3.1860,0.0120
293,0,3.2530,0.0670
24,0,3.4530,0.2000
15,0,3.5150,0.0620
37,0,3.6310,0.1160
354,0,3.6490,0.0180
205,0,3.6570,0.0080
196,0,3.6740,0.0170
417,0,3.6860,0.0120
55,0,3.7170,0.0310
40,0,3.7340,0.0170
80,0,3.7540,0.0200
80,0,3.7830,0.0290
49,0,3.7970,0.0140
15,0,3.8110,0.0140
55,0,3.8270,0.0160
40,0,3.8510,0.0240
49,0,3.8580,0.0070
18,0,3.8900,0.0320
55,0,3.9230,0.0330
49,0,3.9550,0.0320
24,0,3.9750,0.0200
40,0,4.0160,0.0410
49,0,4.0320,0.0160
369,0,4.0840,0.0520
15,0,4.0980,0.0140
67,2,4.1080,0.0100
1,2,4.1240,0.0160
24,2,4.1390,0.0150
15,0,4.2040,0.0650
369,2,4.2170,0.0130
67,3,4.2320,0.0150
1,3,4.2330,0.0010
469,2,4.2660,0.0330
80,0,4.2820,0.0160
80,4,4.3000,0.0180
80,2,4.3180,0.0180
14,2,4.3280,0.0100
469,2,4.3420,0.0140
49,0,4.3580,0.0160
14,3,4.3740,0.0160
49,0,4.3930,0.0190
80,0,4.4030,0.0100
15,0,4.4050,0.0020
80,0,4.4200,0.0150
51,0,4.4730,0.0530
51,0,4.5030,0.0300
76,0,4.5190,0.0160
76,0,4.5350,0.0160
76,0,4.5470,0.0120
416,0,4.5700,0.0230
35,0,4.6540,0.0840
35,0,4.6750,0.0210
35,0,4.7070,0.0320
35,0,4.7260,0.0190
35,0,4.7340,0.0080
35,0,4.7650,0.0310
24,0,4.7960,0.0310
73,0,4.8120,0.0160
73,0,4.8320,0.0200
35,0,4.9070,0.0750
18,0,4.9360,0.0290
23,0,4.9890,0.0530
24,0,5.1240,0.1350
416,0,5.1710,0.0470
24,0,5.2180,0.0470
35,0,5.2490,0.0310
35,0,5.2650,0.0160
35,0,5.2810,0.0160
24,0,5.6240,0.3430
416,0,5.7190,0.0950
416,0,5.7810,0.0620
25,0,5.7990,0.0180
35,0,5.8280,0.0290
54,0,5.8440,0.0160
140,0,5.8750,0.0310
25,0,5.8920,0.0170
453,0,5.9060,0.0140
18,0,5.9230,0.0170
18,0,5.9550,0.0320
18,0,5.9690,0.0140
4834,0,5.9850,0.0160
24,0,6.0010,0.0160
80,0,6.0150,0.0140
247,0,6.1260,0.1110
24,0,6.1400,0.0140
33,0,6.1870,0.0470
18,0,6.2040,0.0170
19,0,6.2640,0.0600
18,0,6.2830,0.0190
18,0,6.3000,0.0170
15,0,6.3310,0.0310
15,0,6.3470,0.0160
35,0,6.6390,0.2920
4101,0,6.6550,0.0160
4224,0,6.6710,0.0160
0,0,6.7170,0.0460
15,0,6.7330,0.0160
289,0,6.7490,0.0160
22,0,6.7650,0.0160
23,0,6.8280,0.0630
28,0,6.8580,0.0300
5,0,6.8740,0.0160
5349,0,6.9050,0.0310
24,0,6.9360,0.0310
30,0,6.9520,0.0160
73,0,7.0460,0.0940
24,0,7.1700,0.1240
24,0,7.1870,0.0170
35,0,7.2030,0.0160
416,0,7.2480,0.0450
416,0,7.2640,0.0160
453,0,7.2950,0.0310
192,0,7.3120,0.0170
72,0,7.3270,0.0150
51,0,7.3420,0.0150
35,0,7.3580,0.0160
453,0,7.4360,0.0780
24,0,7.5630,0.1270
453,0,7.6090,0.0460
453,0,7.6400,0.0310
453,0,7.6600,0.0200
453,0,7.6710,0.0110
417,0,7.6880,0.0170
450,0,7.7020,0.0140
73,0,7.7810,0.0790
18,0,7.7960,0.0150
24,0,7.9530,0.1570
35,0,7.9690,0.0160
35,0,8.0770,0.1080
25,0,8.0950,0.0180
25,0,8.1090,0.0140
72,0,8.1280,0.0190
74,0,8.1420,0.0140
357,0,8.1720,0.0300
54,0,8.1850,0.0130
64,0,8.1860,0.0010
15,0,8.2030,0.0170
322,0,8.2190,0.0160
25,0,8.2380,0.0190
25,0,8.2490,0.0110
24,0,8.2730,0.0240
80,0,8.3900,0.1170
61,0,8.4070,0.0170
24,0,8.4540,0.0470
18,0,8.4840,0.0300
322,0,8.5240,0.0400
24,0,8.5340,0.0100
297,0,8.5510,0.0170
18,0,8.5630,0.0120
453,0,8.5850,0.0220
33,0,8.6790,0.0940
15,0,8.6870,0.0080
76,0,8.7110,0.0240
25,0,8.7360,0.0250
140,0,8.8260,0.0900
340,0,8.8600,0.0340
24,0,8.8930,0.0330
82,0,8.9170,0.0240
15,0,8.9210,0.0040
91,0,8.9370,0.0160
15,0,9.5610,0.6240
44,0,9.5920,0.0310
