SysID,Thread ID,time,inetrval
14,0,0.2500,0.2500
80,0,0.6590,0.4090
80,0,0.6750,0.0160
80,0,0.6870,0.0120
15,0,0.7050,0.0180
18,0,0.7700,0.0650
18,0,0.8900,0.1200
23,0,0.9060,0.0160
37,0,1.1100,0.2040
55,0,1.1400,0.0300
61,0,1.1720,0.0320
51,0,1.2030,0.0310
40,0,1.2200,0.0170
49,0,1.3150,0.0950
80,0,1.3290,0.0140
80,0,1.3460,0.0170
347,0,1.3770,0.0310
80,0,1.5010,0.1240
80,0,1.6570,0.1560
15,0,1.6730,0.0160
76,0,1.7040,0.0310
416,0,1.7340,0.0300
453,0,1.7660,0.0320
453,0,1.8130,0.0470
453,0,1.8280,0.0150
18,0,1.9730,0.1450
23,0,1.9840,0.0110
453,0,2.0010,0.0170
453,0,2.0360,0.0350
24,0,2.0490,0.0130
24,0,2.1440,0.0950
80,0,2.1890,0.0450
453,0,2.2030,0.0140
453,0,2.2360,0.0330
18,0,2.2510,0.0150
15,0,2.2750,0.0240
51,0,2.4380,0.1630
51,0,2.4840,0.0460
51,0,2.5000,0.0160
24,0,2.5840,0.0840
85,0,2.5940,0.0100
17,0,2.6100,0.0160
54,0,2.7030,0.0930
356,0,2.7980,0.0950
453,0,2.9240,0.1260
15,0,2.9400,0.0160
38,0,2.9710,0.0310
33,0,2.9860,0.0150
15,0,3.0030,0.0170
85,0,3.0160,0.0130
33,0,3.0480,0.0320
15,0,3.0780,0.0300
85,0,3.0970,0.0190
15,0,3.1110,0.0140
293,0,3.1570,0.0460
24,0,3.4100,0.2530
15,0,3.4700,0.0600
37,0,3.5940,0.1240
354,0,3.6160,0.0220
173,0,3.6280,0.0120
202,0,3.6440,0.0160
417,0,3.6570,0.0130
80,0,3.6730,0.0160
55,0,3.6900,0.0170
49,0,3.7050,0.0150
49,0,3.7350,0.0300
369,0,3.7670,0.0320
15,0,3.7800,0.0130
67,2,3.7990,0.0190
1,2,3.8130,0.0140
469,2,3.8290,0.0160
49,0,3.8440,0.0150
80,0,3.8770,0.0330
80,0,3.8920,0.0150
80,0,3.9060,0.0140
466,2,3.9530,0.0470
24,0,3.9690,0.0160
18,0,3.9960,0.0270
24,0,4.0030,0.0070
112,0,4.0440,0.0410
55,0,4.0480,0.0040
49,0,4.0620,0.0140
14,2,4.0780,0.0160
80,0,4.0950,0.0170
24,2,4.1250,0.0300
24,2,4.1560,0.0310
40,0,4.1890,0.0330
80,0,4.2030,0.0140
80,2,4.2190,0.0160
1,3,4.2350,0.0160
15,0,4.2510,0.0160
80,3,4.2650,0.0140
76,0,4.2860,0.0210
76,0,4.3320,0.0460
416,0,4.3490,0.0170
24,0,4.4110,0.0620
73,0,4.5820,0.1710
73,0,4.6260,0.0440
18,0,4.8130,0.1870
23,0,4.8280,0.0150
23,0,4.8460,0.0180
24,0,4.8970,0.0510
24,0,4.9100,0.0130
35,0,4.9390,0.0290
416,0,5.0050,0.0660
416,0,5.0220,0.0170
453,0,5.0470,0.0250
192,0,5.0710,0.0240
72,0,5.0800,0.0090
51,0,5.1100,0.0300
453,0,5.2150,0.1050
24,0,5.2840,0.0690
24,0,5.3300,0.0460
453,0,5.4070,0.0770
453,0,5.4560,0.0490
453,0,5.4710,0.0150
417,0,5.5020,0.0310
51,0,5.6250,0.1230
289,0,5.8460,0.2210
22,0,5.8610,0.0150
289,0,5.8770,0.0160
23,0,5.8920,0.0150
28,0,5.9550,0.0630
51,0,5.9710,0.0160
15,0,5.9860,0.0150
215,0,6.0010,0.0150
15,0,6.0180,0.0170
51,0,6.0480,0.0300
85,0,6.0840,0.0360
8,0,6.0940,0.0100
80,0,6.2190,0.1250
24,0,6.2830,0.0640
18,0,6.3150,0.0320
201,0,6.3360,0.0210
18,0,6.3450,0.0090
33,0,6.3680,0.0230
15,0,6.3780,0.0100
453,0,6.3970,0.0190
33,0,6.5010,0.1040
33,0,6.5170,0.0160
18,0,6.5320,0.0150
25,0,6.5750,0.0430
18,0,6.5820,0.0070
247,0,6.6140,0.0320
33,0,6.6760,0.0620
18,0,6.6930,0.0170
19,0,6.7710,0.0780
18,0,6.7880,0.0170
23,0,6.8070,0.0190
15,0,6.8160,0.0090
18,0,6.8350,0.0190
140,0,7.0700,0.2350
340,0,7.1310,0.0610
24,0,7.1650,0.0340
82,0,7.1760,0.0110
15,0,7.1890,0.0130
4,0,7.2070,0.0180
25,0,7.6570,0.4500
44,0,7.6720,0.0150
15,0,7.7210,0.0490
15,0,7.7670,0.0460
15,0,7.8000,0.0330
15,0,7.8150,0.0150
15,0,7.8920,0.0770
15,0,7.9240,0.0320
15,0,7.9420,0.0180
