SysID,Thread ID,time,inetrval
14,0,0.2190,0.2190
80,0,0.5310,0.3120
80,0,0.5470,0.0160
15,0,0.5630,0.0160
18,0,0.5940,0.0310
18,0,0.7030,0.1090
37,0,0.8750,0.1720
55,0,0.9060,0.0310
61,0,0.9370,0.0310
51,0,0.9530,0.0160
40,0,0.9690,0.0160
49,0,1.0330,0.0640
80,0,1.0630,0.0300
347,0,1.0940,0.0310
80,0,1.1760,0.0820
80,0,1.2970,0.1210
15,0,1.3160,0.0190
76,0,1.3610,0.0450
416,0,1.3760,0.0150
453,0,1.4070,0.0310
453,0,1.4370,0.0300
453,0,1.4690,0.0320
18,0,1.5800,0.1110
23,0,1.5950,0.0150
453,0,1.6110,0.0160
453,0,1.6410,0.0300
24,0,1.6580,0.0170
24,0,1.7350,0.0770
80,0,1.7650,0.0300
453,0,1.7880,0.0230
453,0,1.8010,0.0130
18,0,1.8280,0.0270
51,0,1.9540,0.1260
15,0,1.9760,0.0220
51,0,2.0000,0.0240
24,0,2.0660,0.0660
85,0,2.0820,0.0160
17,0,2.0970,0.0150
54,0,2.2030,0.1060
340,0,2.2200,0.0170
356,0,2.3130,0.0930
453,0,2.4230,0.1100
15,0,2.4380,0.0150
38,0,2.4540,0.0160
297,0,2.4690,0.0150
15,0,2.5000,0.0310
85,0,2.5170,0.0170
15,0,2.5470,0.0300
15,0,2.5780,0.0310
293,0,2.6110,0.0330
24,0,2.8200,0.2090
15,0,2.8750,0.0550
37,0,2.9690,0.0940
354,0,2.9840,0.0150
196,0,3.0160,0.0320
80,0,3.0370,0.0210
55,0,3.0500,0.0130
49,0,3.0630,0.0130
49,0,3.0840,0.0210
369,0,3.1000,0.0160
15,0,3.1150,0.0150
67,2,3.1410,0.0260
1,2,3.1570,0.0160
40,0,3.2040,0.0470
80,2,3.2180,0.0140
49,0,3.2190,0.0010
24,2,3.2520,0.0330
18,2,3.2660,0.0140
80,0,3.2820,0.0160
24,2,3.2970,0.0150
28,2,3.3440,0.0470
55,0,3.3610,0.0170
469,2,3.3910,0.0300
55,0,3.4090,0.0180
24,0,3.4220,0.0130
24,2,3.4540,0.0320
40,0,3.4850,0.0310
369,0,3.5010,0.0160
369,3,3.5160,0.0150
80,3,3.5320,0.0160
80,2,3.5470,0.0150
76,0,3.5670,0.0200
76,0,3.5820,0.0150
76,0,3.6110,0.0290
416,0,3.6270,0.0160
24,0,3.6560,0.0290
73,0,3.8030,0.1470
73,0,3.8140,0.0110
18,0,3.9570,0.1430
23,0,3.9760,0.0190
24,0,4.0200,0.0440
24,0,4.0340,0.0140
35,0,4.0500,0.0160
416,0,4.0980,0.0480
416,0,4.1300,0.0320
453,0,4.1440,0.0140
453,0,4.1600,0.0160
72,0,4.1760,0.0160
51,0,4.1920,0.0160
35,0,4.2060,0.0140
453,0,4.2850,0.0790
24,0,4.3310,0.0460
24,0,4.3810,0.0500
453,0,4.4540,0.0730
416,0,4.4700,0.0160
453,0,4.5320,0.0620
453,0,4.5480,0.0160
14,0,4.5650,0.0170
417,0,4.5800,0.0150
24,0,4.6250,0.0450
51,0,4.6890,0.0640
289,0,4.8600,0.1710
22,0,4.8750,0.0150
289,0,4.8910,0.0160
23,0,4.9060,0.0150
28,0,4.9530,0.0470
15,0,4.9690,0.0160
73,0,4.9840,0.0150
215,0,5.0000,0.0160
15,0,5.0160,0.0160
51,0,5.0470,0.0310
85,0,5.0720,0.0250
8,0,5.0780,0.0060
80,0,5.1750,0.0970
24,0,5.2360,0.0610
18,0,5.2700,0.0340
18,0,5.2850,0.0150
18,0,5.2970,0.0120
23,0,5.3250,0.0280
15,0,5.3270,0.0020
18,0,5.3290,0.0020
453,0,5.3460,0.0170
24,0,5.3790,0.0330
33,0,5.4260,0.0470
15,0,5.4410,0.0150
23,0,5.4590,0.0180
76,0,5.4650,0.0060
25,0,5.4910,0.0260
18,0,5.5040,0.0130
247,0,5.5220,0.0180
33,0,5.5650,0.0430
18,0,5.5850,0.0200
33,0,5.5970,0.0120
19,0,5.6600,0.0630
18,0,5.6750,0.0150
18,0,5.6910,0.0160
15,0,5.7080,0.0170
18,0,5.7210,0.0130
140,0,5.9380,0.2170
340,0,5.9700,0.0320
24,0,6.0010,0.0310
58,0,6.0160,0.0150
15,0,6.0310,0.0150
4,0,6.0470,0.0160
25,0,6.4220,0.3750
44,0,6.4400,0.0180
15,0,6.4890,0.0490
15,0,6.5170,0.0280
15,0,6.5630,0.0460
15,0,6.5790,0.0160
15,0,6.6420,0.0630
15,0,6.6570,0.0150
15,0,6.6820,0.0250
