SysID,Thread ID,time,inetrval
14,0,0.2510,0.2510
80,0,0.5970,0.3460
80,0,0.6210,0.0240
80,0,0.6280,0.0070
23,0,0.6420,0.0140
18,0,0.6930,0.0510
18,0,0.7890,0.0960
23,0,0.8020,0.0130
37,0,0.9720,0.1700
55,0,1.0030,0.0310
61,0,1.0650,0.0620
74,0,1.0920,0.0270
40,0,1.0950,0.0030
49,0,1.1730,0.0780
80,0,1.1930,0.0200
80,0,1.2180,0.0250
347,0,1.2550,0.0370
80,0,1.3830,0.1280
80,0,1.5330,0.1500
76,0,1.6090,0.0760
416,0,1.6250,0.0160
453,0,1.6880,0.0630
453,0,1.7200,0.0320
453,0,1.7400,0.0200
18,0,1.8980,0.1580
15,0,1.9100,0.0120
453,0,1.9380,0.0280
453,0,1.9690,0.0310
24,0,1.9850,0.0160
24,0,2.0800,0.0950
80,0,2.1170,0.0370
453,0,2.1290,0.0120
453,0,2.1440,0.0150
18,0,2.1720,0.0280
51,0,2.3300,0.1580
348,0,2.3460,0.0160
15,0,2.3600,0.0140
51,0,2.3910,0.0310
51,0,2.4060,0.0150
24,0,2.5010,0.0950
85,0,2.5190,0.0180
17,0,2.5330,0.0140
54,0,2.6020,0.0690
340,0,2.6140,0.0120
356,0,2.6880,0.0740
453,0,2.8150,0.1270
15,0,2.8290,0.0140
38,0,2.8440,0.0150
297,0,2.8620,0.0180
15,0,2.8750,0.0130
85,0,2.9080,0.0330
33,0,2.9230,0.0150
18,0,2.9390,0.0160
15,0,2.9530,0.0140
85,0,2.9710,0.0180
293,0,3.0330,0.0620
24,0,3.2510,0.2180
15,0,3.3130,0.0620
37,0,3.4380,0.1250
354,0,3.4550,0.0170
173,0,3.4730,0.0180
144,0,3.4950,0.0220
417,0,3.5000,0.0050
80,0,3.5330,0.0330
49,0,3.5650,0.0320
49,0,3.5790,0.0140
369,0,3.5950,0.0160
67,2,3.6250,0.0300
55,0,3.6410,0.0160
1,2,3.6560,0.0150
469,2,3.6730,0.0170
80,0,3.6880,0.0150
80,2,3.7180,0.0300
80,0,3.7350,0.0170
24,0,3.7660,0.0310
466,2,3.7980,0.0320
24,0,3.8180,0.0200
112,0,3.8460,0.0280
55,0,3.8750,0.0290
14,2,3.8930,0.0180
80,0,3.9060,0.0130
80,0,3.9220,0.0160
24,0,3.9390,0.0170
112,0,3.9530,0.0140
24,2,3.9840,0.0310
49,0,4.0070,0.0230
80,0,4.0310,0.0240
469,3,4.0500,0.0190
80,2,4.0680,0.0180
24,0,4.0790,0.0110
80,0,4.0950,0.0160
51,0,4.1130,0.0180
76,0,4.1270,0.0140
76,0,4.1590,0.0320
416,0,4.1740,0.0150
24,0,4.2370,0.0630
73,0,4.3760,0.1390
73,0,4.3930,0.0170
18,0,4.5330,0.1400
23,0,4.5480,0.0150
23,0,4.5630,0.0150
24,0,4.5950,0.0320
24,0,4.6250,0.0300
24,0,4.6430,0.0180
35,0,4.6720,0.0290
416,0,4.7350,0.0630
416,0,4.7820,0.0470
453,0,4.8130,0.0310
453,0,4.8280,0.0150
72,0,4.8450,0.0170
51,0,4.8780,0.0330
453,0,4.9870,0.1090
24,0,5.0470,0.0600
24,0,5.0790,0.0320
453,0,5.1580,0.0790
416,0,5.1760,0.0180
453,0,5.2050,0.0290
453,0,5.2200,0.0150
14,0,5.2370,0.0170
417,0,5.2530,0.0160
67,0,5.2650,0.0120
51,0,5.3760,0.1110
289,0,5.5780,0.2020
22,0,5.5930,0.0150
23,0,5.6250,0.0320
28,0,5.6720,0.0470
51,0,5.7060,0.0340
15,0,5.7180,0.0120
51,0,5.7520,0.0340
85,0,5.7670,0.0150
8,0,5.7830,0.0160
51,0,5.7980,0.0150
80,0,5.9080,0.1100
24,0,5.9560,0.0480
18,0,6.0040,0.0480
201,0,6.0180,0.0140
18,0,6.0310,0.0130
18,0,6.0520,0.0210
453,0,6.0670,0.0150
33,0,6.1750,0.1080
33,0,6.1900,0.0150
23,0,6.2030,0.0130
25,0,6.2360,0.0330
23,0,6.2540,0.0180
247,0,6.2840,0.0300
33,0,6.3290,0.0450
18,0,6.3460,0.0170
18,0,6.3610,0.0150
19,0,6.4390,0.0780
18,0,6.4560,0.0170
23,0,6.4750,0.0190
15,0,6.4870,0.0120
18,0,6.5020,0.0150
140,0,6.7500,0.2480
340,0,6.7980,0.0480
24,0,6.8290,0.0310
82,0,6.8450,0.0160
15,0,6.8600,0.0150
4,0,6.8760,0.0160
25,0,7.2810,0.4050
44,0,7.3010,0.0200
15,0,7.3440,0.0430
15,0,7.3760,0.0320
15,0,7.4260,0.0500
15,0,7.5020,0.0760
15,0,7.5360,0.0340
15,0,7.5480,0.0120
