SysID,Thread ID,time,inetrval
14,0,0.2230,0.2230
80,0,0.5200,0.2970
80,0,0.5310,0.0110
80,0,0.5470,0.0160
18,0,0.5940,0.0470
18,0,0.7110,0.1170
15,0,0.7160,0.0050
37,0,0.8780,0.1620
55,0,0.9100,0.0320
61,0,0.9420,0.0320
51,0,0.9550,0.0130
74,0,0.9720,0.0170
49,0,1.0330,0.0610
80,0,1.0520,0.0190
80,0,1.0650,0.0130
347,0,1.0800,0.0150
347,0,1.0910,0.0110
80,0,1.1770,0.0860
80,0,1.3120,0.1350
15,0,1.3290,0.0170
76,0,1.3600,0.0310
416,0,1.3910,0.0310
453,0,1.4230,0.0320
453,0,1.4540,0.0310
453,0,1.4690,0.0150
18,0,1.5780,0.1090
23,0,1.5950,0.0170
453,0,1.6100,0.0150
453,0,1.6420,0.0320
24,0,1.6560,0.0140
24,0,1.7390,0.0830
80,0,1.7700,0.0310
453,0,1.7840,0.0140
453,0,1.7950,0.0110
453,0,1.7970,0.0020
18,0,1.8300,0.0330
51,0,1.9530,0.1230
15,0,1.9760,0.0230
51,0,1.9840,0.0080
15,0,2.0000,0.0160
24,0,2.0790,0.0790
17,0,2.0950,0.0160
54,0,2.1580,0.0630
340,0,2.1730,0.0150
356,0,2.2670,0.0940
453,0,2.3760,0.1090
15,0,2.3910,0.0150
38,0,2.4220,0.0310
15,0,2.4380,0.0160
85,0,2.4690,0.0310
33,0,2.4930,0.0240
23,0,2.5000,0.0070
15,0,2.5200,0.0200
15,0,2.5340,0.0140
293,0,2.5830,0.0490
24,0,2.7700,0.1870
15,0,2.8280,0.0580
37,0,2.9220,0.0940
354,0,2.9380,0.0160
173,0,2.9530,0.0150
196,0,2.9690,0.0160
417,0,2.9840,0.0150
55,0,3.0000,0.0160
49,0,3.0180,0.0180
55,0,3.0310,0.0130
369,0,3.0650,0.0340
67,2,3.0940,0.0290
49,0,3.1090,0.0150
469,2,3.1260,0.0170
80,0,3.1570,0.0310
80,0,3.1730,0.0160
466,2,3.2190,0.0460
24,0,3.2350,0.0160
18,0,3.2510,0.0160
24,0,3.2660,0.0150
112,0,3.2970,0.0310
28,2,3.3300,0.0330
14,2,3.3430,0.0130
80,0,3.3440,0.0010
469,2,3.3600,0.0160
80,2,3.3760,0.0160
24,0,3.3920,0.0160
40,0,3.4230,0.0310
49,0,3.4380,0.0150
24,0,3.4530,0.0150
466,2,3.4690,0.0160
466,2,3.4860,0.0170
369,0,3.5170,0.0310
55,0,3.5310,0.0140
49,0,3.5480,0.0170
80,0,3.5630,0.0150
80,0,3.5800,0.0170
49,0,3.5960,0.0160
55,0,3.6130,0.0170
49,0,3.6250,0.0120
14,3,3.6440,0.0190
49,0,3.6580,0.0140
67,4,3.6710,0.0130
1,4,3.6720,0.0010
18,0,3.7030,0.0310
14,2,3.7200,0.0170
24,0,3.7540,0.0340
369,0,3.7690,0.0150
61,2,3.7800,0.0110
55,0,3.7810,0.0010
356,3,3.8120,0.0310
356,3,3.8290,0.0170
18,3,3.8600,0.0310
369,2,3.8910,0.0310
15,2,3.9230,0.0320
51,3,3.9410,0.0180
80,3,3.9510,0.0100
80,2,3.9530,0.0020
51,0,4.0030,0.0500
76,0,4.0180,0.0150
51,0,4.0500,0.0320
51,0,4.0660,0.0160
76,0,4.0820,0.0160
76,0,4.0990,0.0170
416,0,4.1120,0.0130
24,0,4.1600,0.0480
73,0,4.2870,0.1270
18,0,4.4850,0.1980
23,0,4.5160,0.0310
24,0,4.5490,0.0330
24,0,4.5680,0.0190
35,0,4.5940,0.0260
416,0,4.6250,0.0310
416,0,4.6580,0.0330
453,0,4.6830,0.0250
453,0,4.6930,0.0100
72,0,4.7100,0.0170
51,0,4.7340,0.0240
453,0,4.8130,0.0790
24,0,4.9060,0.0930
24,0,4.9370,0.0310
453,0,4.9690,0.0320
453,0,5.0160,0.0470
453,0,5.0310,0.0150
35,0,5.1120,0.0810
35,0,5.1440,0.0320
35,0,5.1600,0.0160
35,0,5.1740,0.0140
73,0,5.2230,0.0490
35,0,5.2850,0.0620
24,0,5.3170,0.0320
24,0,5.3310,0.0140
24,0,5.3470,0.0160
416,0,5.3760,0.0290
35,0,5.4570,0.0810
35,0,5.4710,0.0140
35,0,5.4870,0.0160
416,0,5.8620,0.3750
54,0,5.8800,0.0180
140,0,5.9100,0.0300
25,0,5.9260,0.0160
453,0,5.9410,0.0150
18,0,5.9560,0.0150
18,0,5.9890,0.0330
18,0,6.0020,0.0130
4834,0,6.0200,0.0180
24,0,6.0360,0.0160
80,0,6.0470,0.0110
247,0,6.1590,0.1120
33,0,6.2050,0.0460
18,0,6.2230,0.0180
19,0,6.2850,0.0620
18,0,6.3020,0.0170
18,0,6.3150,0.0130
15,0,6.3320,0.0170
18,0,6.3470,0.0150
35,0,6.6120,0.2650
35,0,6.6290,0.0170
80,0,6.6440,0.0150
297,0,6.6560,0.0120
0,0,6.6900,0.0340
15,0,6.7070,0.0170
289,0,6.7220,0.0150
22,0,6.7390,0.0170
23,0,6.7700,0.0310
28,0,6.7860,0.0160
5,0,6.8000,0.0140
5349,0,6.8170,0.0170
416,0,6.8310,0.0140
416,0,6.8790,0.0480
35,0,6.8940,0.0150
4151,0,6.9260,0.0320
4151,0,6.9400,0.0140
51,0,7.0350,0.0950
33,0,7.0510,0.0160
18,0,7.0660,0.0150
17,0,7.0800,0.0140
140,0,7.1140,0.0340
42,0,7.1280,0.0140
105,0,7.1610,0.0330
4162,0,7.1770,0.0160
35,0,7.1910,0.0140
416,0,7.2050,0.0140
14,0,7.2230,0.0180
417,0,7.2380,0.0150
450,0,7.2550,0.0170
35,0,7.2690,0.0140
21,0,7.3630,0.0940
21,0,7.3790,0.0160
51,0,7.4410,0.0620
340,0,7.4570,0.0160
21,0,7.4720,0.0150
33,0,7.4890,0.0170
33,0,7.5030,0.0140
72,0,7.5220,0.0190
24,0,7.5340,0.0120
23,0,7.5520,0.0180
18,0,7.5670,0.0150
18,0,7.5990,0.0320
23,0,7.6290,0.0300
85,0,7.6800,0.0510
74,0,7.6890,0.0090
15,0,7.7070,0.0180
18,0,7.7160,0.0090
23,0,7.7190,0.0030
21,0,7.7660,0.0470
21,0,7.7810,0.0150
4,0,7.8280,0.0470
80,0,7.8590,0.0310
80,0,7.8820,0.0230
51,0,7.8930,0.0110
85,0,7.9090,0.0160
85,0,7.9230,0.0140
61,0,7.9430,0.0200
51,0,7.9710,0.0280
51,0,8.0030,0.0320
51,0,8.0190,0.0160
17,0,8.0340,0.0150
15,0,8.0520,0.0180
37,0,8.0810,0.0290
61,0,8.0970,0.0160
49,0,8.1080,0.0110
80,0,8.1100,0.0020
55,0,8.1270,0.0170
80,0,8.1410,0.0140
80,0,8.1410,0.0140
80,2,8.1560,0.0150
80,4,8.1720,0.0160
469,4,8.1870,0.0150
369,3,8.1880,0.0010
22,0,8.2840,0.0960
22,0,8.3010,0.0170
356,0,8.3630,0.0620
444,0,8.3940,0.0310
356,0,8.4510,0.0570
33,0,8.4840,0.0330
22,0,8.5000,0.0160
22,0,8.5160,0.0160
22,0,8.5310,0.0150
282,0,8.5470,0.0160
33,0,8.5630,0.0160
22,0,8.6100,0.0470
453,0,8.6250,0.0150
72,0,8.6410,0.0160
64,0,8.6570,0.0160
453,0,8.6730,0.0160
61,0,8.7350,0.0620
22,0,8.7810,0.0460
416,0,8.7970,0.0160
192,0,8.8280,0.0310
192,0,8.8440,0.0160
416,0,8.8750,0.0310
453,0,8.9220,0.0470
416,0,8.9370,0.0150
453,0,9.0000,0.0630
453,0,9.0340,0.0340
61,0,9.0510,0.0170
51,0,9.0670,0.0160
5125,0,9.0810,0.0140
4156,0,9.0980,0.0170
80,0,9.1130,0.0150
80,0,9.1280,0.0150
4188,0,9.1600,0.0320
4328,0,9.1890,0.0290
4211,0,9.2210,0.0320
4,0,9.2390,0.0180
4,0,9.2540,0.0150
24,0,9.2690,0.0150
4,0,9.2850,0.0160
4,0,9.3000,0.0150
4819,0,9.3320,0.0320
4802,0,9.3480,0.0160
4200,0,9.3630,0.0150
4131,0,9.4080,0.0450
4258,0,9.4570,0.0490
4212,0,9.4730,0.0160
4158,0,9.4880,0.0150
4264,0,9.5040,0.0160
4212,0,9.5190,0.0150
4242,0,9.5340,0.0150
4251,0,9.5500,0.0160
4103,0,9.5660,0.0160
5,0,9.5830,0.0170
4192,0,9.5970,0.0140
18,0,9.6300,0.0330
23,0,9.6450,0.0150
51,0,9.6580,0.0130
35,0,9.6760,0.0180
35,0,9.6910,0.0150
4101,0,9.7070,0.0160
4258,0,9.7530,0.0460
4212,0,9.7700,0.0170
4258,0,9.7860,0.0160
4,0,9.8000,0.0140
4158,0,9.8170,0.0170
4264,0,9.8470,0.0300
5230,0,9.8620,0.0150
5412,0,9.9110,0.0490
4103,0,9.9260,0.0150
51,0,9.9410,0.0150
80,2,9.9530,0.0120
453,0,10.0040,0.0510
14,0,10.0500,0.0460
4162,0,10.0650,0.0150
4162,0,10.0810,0.0160
4162,0,10.1000,0.0190
5382,0,10.1110,0.0110
5292,0,10.1290,0.0180
4131,0,10.1450,0.0160
4103,0,10.1750,0.0300
5,0,10.1920,0.0170
4258,0,10.2070,0.0150
4,0,10.2230,0.0160
4103,0,10.2380,0.0150
4258,0,10.2540,0.0160
5412,0,10.2710,0.0170
5,0,10.2850,0.0140
4264,0,10.3000,0.0150
5,0,10.3170,0.0170
4106,0,10.3470,0.0300
4132,0,10.3620,0.0150
4100,0,10.3790,0.0170
4123,0,10.3940,0.0150
4106,0,10.4410,0.0470
80,0,10.4550,0.0140
4180,0,10.4730,0.0180
4222,0,10.4870,0.0140
80,0,10.5040,0.0170
4107,0,10.5190,0.0150
4279,0,10.5350,0.0160
5292,0,10.5510,0.0160
4100,0,10.5660,0.0150
4103,0,10.5810,0.0150
194,0,10.5980,0.0170
4177,0,10.6100,0.0120
4187,0,10.6570,0.0470
4097,0,10.6880,0.0310
4097,0,10.7350,0.0470
67,5,10.7490,0.0140
4106,0,10.7500,0.0010
4129,0,10.7660,0.0160
4097,0,10.7820,0.0160
4,5,10.8150,0.0330
4112,5,10.8630,0.0480
4103,5,10.8790,0.0160
61,5,10.8940,0.0150
24,5,10.9230,0.0290
24,5,10.9410,0.0180
5254,5,11.1290,0.1880
8,5,11.1440,0.0150
4162,0,11.1590,0.0150
5254,5,11.2060,0.0470
5254,5,11.2380,0.0320
5254,5,11.2700,0.0320
5254,5,11.3000,0.0300
5254,5,11.3160,0.0160
5254,5,11.3470,0.0310
5254,5,11.3810,0.0340
5254,5,11.4120,0.0310
5254,5,11.4410,0.0290
5254,5,11.4720,0.0310
5254,5,11.5040,0.0320
5254,5,11.5180,0.0140
4097,0,11.5350,0.0170
5254,5,11.5470,0.0120
39,5,11.5820,0.0350
39,5,11.5970,0.0150
5254,5,11.6120,0.0150
5254,5,11.6440,0.0320
4097,0,11.6540,0.0100
4103,5,11.6570,0.0030
5254,5,11.6780,0.0210
5254,5,11.7080,0.0300
4123,0,11.7170,0.0090
5254,5,11.7190,0.0020
30,5,11.7400,0.0210
30,5,11.7520,0.0120
24,5,11.7710,0.0190
37,0,11.7850,0.0140
4096,0,11.7980,0.0130
5,0,11.8180,0.0200
5412,0,11.8310,0.0130
5,0,11.8480,0.0170
23,0,11.8630,0.0150
61,0,11.9110,0.0480
22,0,11.9550,0.0440
23,0,11.9730,0.0180
40,0,11.9820,0.0090
49,0,11.9850,0.0030
80,2,12.0010,0.0160
369,0,12.0190,0.0180
49,0,12.0320,0.0130
22,0,12.1120,0.0800
4151,0,12.2380,0.1260
80,0,12.2540,0.0160
25,0,12.2690,0.0150
416,0,12.2840,0.0150
85,0,12.3010,0.0170
340,0,12.3170,0.0160
416,0,12.3480,0.0310
453,0,12.3940,0.0460
453,0,12.4100,0.0160
72,0,12.4880,0.0780
72,0,12.5040,0.0160
416,0,12.5190,0.0150
453,0,12.5490,0.0300
22,0,12.5820,0.0330
14,0,12.5970,0.0150
80,0,12.7220,0.1250
15,0,12.7380,0.0160
80,0,12.8320,0.0940
42,0,12.8470,0.0150
91,0,12.8650,0.0180
15,0,12.8770,0.0120
15,0,12.8960,0.0190
15,0,12.9100,0.0140
15,0,12.9710,0.0610
80,0,12.9870,0.0160
15,0,13.0040,0.0170
80,0,13.0200,0.0160
14,0,13.0330,0.0130
96,0,13.0510,0.0180
61,0,13.1430,0.0920
61,0,13.1610,0.0180
80,0,13.1750,0.0140
18,0,13.2660,0.0910
18,0,13.2860,0.0200
297,0,13.3000,0.0140
15,0,13.3160,0.0160
25,0,13.3800,0.0640
51,0,13.3930,0.0130
323,0,13.4110,0.0180
51,0,13.4250,0.0140
33,0,13.4410,0.0160
15,0,13.4530,0.0120
18,0,13.4690,0.0160
25,0,13.5160,0.0470
140,0,13.5470,0.0310
25,0,13.5620,0.0150
85,0,13.5780,0.0160
61,0,13.5940,0.0160
40,0,13.6160,0.0220
35,0,13.6280,0.0120
51,0,13.6570,0.0290
17,0,13.6870,0.0300
39,0,13.7030,0.0160
17,0,13.7190,0.0160
42,0,13.7340,0.0150
25,0,13.7500,0.0160
340,0,13.7970,0.0470
85,0,13.8310,0.0340
15,0,13.9070,0.0760
58,0,13.9230,0.0160
15,0,13.9380,0.0150
4,0,13.9570,0.0190
25,0,14.3600,0.4030
22,0,14.3760,0.0160
18,0,14.3910,0.0150
18,0,14.4060,0.0150
15,0,14.4220,0.0160
25,0,14.4850,0.0630
21,0,14.5000,0.0150
51,0,14.5170,0.0170
51,0,14.5320,0.0150
51,0,14.5480,0.0160
4,0,14.5630,0.0150
4,0,14.5790,0.0160
4,0,14.5950,0.0160
22,0,14.6100,0.0150
44,0,14.6570,0.0470
15,0,14.7190,0.0620
15,0,14.7660,0.0470
15,0,14.7980,0.0320
15,0,14.8600,0.0620
13,0,14.9220,0.0620
15,0,14.9540,0.0320
15,0,14.9690,0.0150
15,0,14.9850,0.0160
15,0,15.0100,0.0250
13,0,15.0820,0.0720
4275,0,15.0960,0.0140
15,0,15.1110,0.0150
13,0,15.1280,0.0170
15,0,15.1760,0.0480
30,0,15.1900,0.0140
24,0,15.2050,0.0150
15,0,15.2830,0.0780
15,0,15.3020,0.0190
15,0,15.3330,0.0310
15,0,15.3630,0.0300
15,0,15.3940,0.0310
15,0,15.4060,0.0120
