SysID,Thread ID,time,inetrval
14,0,0.2350,0.2350
80,0,0.5470,0.3120
80,0,0.5680,0.0210
80,0,0.5840,0.0160
15,0,0.5940,0.0100
18,0,0.6410,0.0470
18,0,0.7530,0.1120
37,0,0.9270,0.1740
55,0,0.9580,0.0310
61,0,0.9880,0.0300
51,0,1.0160,0.0280
49,0,1.0970,0.0810
80,0,1.1140,0.0170
347,0,1.1460,0.0320
80,0,1.2350,0.0890
80,0,1.3910,0.1560
15,0,1.4060,0.0150
76,0,1.4530,0.0470
453,0,1.5000,0.0470
453,0,1.5480,0.0480
453,0,1.5640,0.0160
18,0,1.6730,0.1090
15,0,1.6890,0.0160
453,0,1.7050,0.0160
453,0,1.7350,0.0300
24,0,1.7510,0.0160
24,0,1.8460,0.0950
80,0,1.8750,0.0290
453,0,1.8910,0.0160
453,0,1.9070,0.0160
51,0,2.0790,0.1720
15,0,2.0950,0.0160
51,0,2.1250,0.0300
15,0,2.1420,0.0170
24,0,2.2350,0.0930
85,0,2.2500,0.0150
54,0,2.3130,0.0630
340,0,2.3290,0.0160
356,0,2.3910,0.0620
453,0,2.5000,0.1090
15,0,2.5160,0.0160
38,0,2.5480,0.0320
15,0,2.5780,0.0300
85,0,2.5940,0.0160
33,0,2.6160,0.0220
18,0,2.6280,0.0120
76,0,2.6430,0.0150
85,0,2.6580,0.0150
293,0,2.7070,0.0490
24,0,2.9070,0.2000
15,0,2.9700,0.0630
37,0,3.0810,0.1110
354,0,3.0960,0.0150
196,0,3.1120,0.0160
196,0,3.1250,0.0130
417,0,3.1420,0.0170
80,0,3.1590,0.0170
55,0,3.1720,0.0130
49,0,3.2000,0.0280
80,0,3.2040,0.0040
80,0,3.2250,0.0210
369,0,3.2360,0.0110
67,2,3.2500,0.0140
15,0,3.2660,0.0160
55,0,3.2810,0.0150
49,0,3.2980,0.0170
469,2,3.3120,0.0140
80,0,3.3140,0.0020
80,2,3.3600,0.0460
24,0,3.3910,0.0310
466,2,3.4220,0.0310
15,0,3.4470,0.0250
112,0,3.4880,0.0410
49,0,3.5000,0.0120
28,2,3.5160,0.0160
369,0,3.5310,0.0150
15,0,3.5480,0.0170
15,0,3.5480,0.0170
24,0,3.5640,0.0160
466,2,3.5780,0.0140
24,2,3.6110,0.0330
40,0,3.6250,0.0140
80,0,3.6410,0.0160
80,3,3.6570,0.0160
469,2,3.6720,0.0150
466,0,3.6880,0.0160
469,4,3.7040,0.0160

49,0,3.7230,0.0190
49,0,3.7350,0.0120
49,0,3.7540,0.0190
49,0,3.7660,0.0120
369,0,3.7840,0.0180
49,0,3.7980,0.0140
369,0,3.8170,0.0190
80,4,3.8250,0.0080
469,2,3.8440,0.0190
469,2,3.8440,0.0190
18,0,3.8780,0.0340
469,3,3.8910,0.0130
51,0,3.9090,0.0180
24,0,3.9230,0.0140
369,0,3.9530,0.0300
51,3,3.9690,0.0160
49,3,3.9840,0.0150
356,2,4.0000,0.0160
356,2,4.0170,0.0170
18,2,4.0320,0.0150
369,3,4.0790,0.0470
15,3,4.0940,0.0150
15,3,4.1100,0.0160
469,3,4.1250,0.0150
61,2,4.1420,0.0170
51,2,4.1560,0.0140
51,0,4.2220,0.0660
76,0,4.2360,0.0140
51,0,4.2670,0.0310
76,0,4.2830,0.0160
76,0,4.2990,0.0160
76,0,4.3130,0.0140
76,0,4.3320,0.0190
416,0,4.3610,0.0290
24,0,4.4690,0.1080
73,0,4.6440,0.1750
73,0,4.6560,0.0120
18,0,4.7990,0.1430
23,0,4.8320,0.0330
24,0,4.8790,0.0470
24,0,4.8910,0.0120
35,0,4.9060,0.0150
416,0,4.9530,0.0470
416,0,4.9840,0.0310
453,0,5.0000,0.0160
453,0,5.0160,0.0160
72,0,5.0380,0.0220
51,0,5.0500,0.0120
7,0,5.0630,0.0130
453,0,5.1560,0.0930
24,0,5.2500,0.0940
453,0,5.3120,0.0620
416,0,5.3280,0.0160
453,0,5.3660,0.0380
453,0,5.3780,0.0120
35,0,5.4710,0.0930
35,0,5.4870,0.0160
35,0,5.5020,0.0150
35,0,5.5190,0.0170
35,0,5.5350,0.0160
35,0,5.5510,0.0160
24,0,5.5820,0.0310
73,0,5.5980,0.0160
35,0,5.6560,0.0580
24,0,5.7060,0.0500
24,0,5.7240,0.0180
416,0,5.7550,0.0310
35,0,5.8480,0.0930
35,0,5.8630,0.0150
35,0,5.8770,0.0140
416,0,6.2680,0.3910
54,0,6.2860,0.0180
140,0,6.3010,0.0150
25,0,6.3290,0.0280
18,0,6.3510,0.0220
18,0,6.3620,0.0110
18,0,6.3940,0.0320
18,0,6.4090,0.0150
37,0,6.4240,0.0150
80,0,6.4550,0.0310
247,0,6.5670,0.1120
33,0,6.6150,0.0480
18,0,6.6270,0.0120
19,0,6.7060,0.0790
33,0,6.7240,0.0180
23,0,6.7370,0.0130
15,0,6.7560,0.0190
18,0,6.7680,0.0120
35,0,7.0480,0.2800
4101,0,7.0680,0.0200
80,0,7.0820,0.0140
66,0,7.0990,0.0170
0,0,7.1450,0.0460
289,0,7.1730,0.0280
22,0,7.1920,0.0190
23,0,7.2220,0.0300
28,0,7.2390,0.0170
18,0,7.2530,0.0140
5349,0,7.2670,0.0140
416,0,7.3310,0.0640
35,0,7.3460,0.0150
4151,0,7.3750,0.0290
453,0,7.4060,0.0310
51,0,7.5070,0.1010
33,0,7.5210,0.0140
18,0,7.5370,0.0160
17,0,7.5530,0.0160
73,0,7.5580,0.0050
140,0,7.5940,0.0360
105,0,7.6250,0.0310
105,0,7.6410,0.0160
4162,0,7.6570,0.0160
35,0,7.6730,0.0160
25,0,7.6880,0.0150
14,0,7.7370,0.0490
417,0,7.7680,0.0310
35,0,7.7970,0.0290
72,0,7.9100,0.1130
51,0,8.0010,0.0910
340,0,8.0170,0.0160
33,0,8.0790,0.0620
18,0,8.0970,0.0180
24,0,8.1110,0.0140
341,0,8.1250,0.0140
23,0,8.1420,0.0170
23,0,8.1560,0.0140
18,0,8.2050,0.0490
18,0,8.2190,0.0140
23,0,8.2520,0.0330
85,0,8.2990,0.0470
74,0,8.3150,0.0160
40,0,8.3300,0.0150
23,0,8.3460,0.0160
4,0,8.4080,0.0620
4,0,8.4720,0.0640
80,0,8.5180,0.0460
51,0,8.5360,0.0180
85,0,8.5490,0.0130
85,0,8.5810,0.0320
51,0,8.6300,0.0490
51,0,8.6590,0.0290
73,0,8.6760,0.0170
51,0,8.6910,0.0150
73,0,8.7060,0.0150
51,0,8.7220,0.0160
37,0,8.7510,0.0290
61,0,8.7670,0.0160
49,0,8.7820,0.0150
369,0,8.8010,0.0190
80,0,8.8140,0.0130
61,4,8.8290,0.0150
369,4,8.8470,0.0180
49,4,8.8600,0.0130
49,4,8.8600,0.0130
469,4,8.8750,0.0150
22,0,8.9700,0.0950
23,0,8.9880,0.0180
356,0,9.0640,0.0760
444,0,9.0990,0.0350
356,0,9.1450,0.0460
33,0,9.1940,0.0490
22,0,9.2070,0.0130
22,0,9.2240,0.0170
18,0,9.2320,0.0080
22,0,9.2360,0.0040
22,0,9.2520,0.0160
282,0,9.2680,0.0160
36,0,9.2810,0.0130
22,0,9.3470,0.0660
453,0,9.3640,0.0170
72,0,9.3800,0.0160
64,0,9.3930,0.0130
453,0,9.4100,0.0170
416,0,9.4240,0.0140
61,0,9.4850,0.0610
42,0,9.5030,0.0180
22,0,9.5470,0.0440
192,0,9.5950,0.0480
192,0,9.6120,0.0170
416,0,9.6590,0.0470
453,0,9.6880,0.0290
416,0,9.7040,0.0160
453,0,9.7670,0.0630
453,0,9.7840,0.0170
453,0,9.8170,0.0330
61,0,9.8300,0.0130
51,0,9.8460,0.0160
24,0,9.8640,0.0180
4,0,9.8940,0.0300
61,0,9.9720,0.0780
24,0,9.9880,0.0160
24,0,10.0030,0.0150
24,0,10.0160,0.0130
5254,0,10.2060,0.1900
8,0,10.2230,0.0170
5254,0,10.2850,0.0620
5254,0,10.3010,0.0160
39,0,10.3310,0.0300
51,0,10.3470,0.0160
5254,0,10.3630,0.0160
5254,0,10.3800,0.0170
5254,0,10.3950,0.0150
5254,0,10.4080,0.0130
5254,0,10.4260,0.0180
5254,0,10.4390,0.0130
5254,0,10.4560,0.0170
5254,0,10.4720,0.0160
5254,0,10.4870,0.0150
5254,0,10.5000,0.0130
5254,0,10.5160,0.0160
5254,0,10.5360,0.0200
5254,0,10.5490,0.0130
5254,0,10.5660,0.0170
5254,0,10.5790,0.0130
5254,0,10.5990,0.0200
5254,0,10.6130,0.0140
5254,0,10.6290,0.0160
5254,0,10.6440,0.0150
5254,0,10.6600,0.0160
5254,0,10.6760,0.0160
5254,0,10.6890,0.0130
5254,0,10.7200,0.0310
5254,0,10.7520,0.0320
5254,0,10.7700,0.0180
5254,0,10.7850,0.0150
5254,0,10.7990,0.0140
5254,0,10.8160,0.0170
5254,0,10.8280,0.0120
5254,0,10.8440,0.0160
5254,0,10.8640,0.0200
5254,0,10.8770,0.0130
5254,0,10.8940,0.0170
5254,0,10.9090,0.0150
5254,0,10.9410,0.0320
5254,0,10.9560,0.0150
5254,0,10.9720,0.0160
5254,0,10.9890,0.0170
5254,0,11.0020,0.0130
5254,0,11.0210,0.0190
5254,0,11.0330,0.0120
5254,0,11.0510,0.0180
5254,0,11.0670,0.0160
5254,0,11.0810,0.0140
5254,0,11.0990,0.0180
5254,0,11.1140,0.0150
5254,0,11.1280,0.0140
5254,0,11.1440,0.0160
5254,0,11.1590,0.0150
5254,0,11.1770,0.0180
5254,0,11.1910,0.0140
5254,0,11.2080,0.0170
5254,0,11.2220,0.0140
5254,0,11.2390,0.0170
5254,0,11.2500,0.0110
5254,0,11.2730,0.0230
5254,0,11.2820,0.0090
5254,0,11.3010,0.0190
5254,0,11.3160,0.0150
5254,0,11.3320,0.0160
5254,0,11.3470,0.0150
5254,0,11.3620,0.0150
5254,0,11.3790,0.0170
5254,0,11.3940,0.0150
5254,0,11.4100,0.0160
5254,0,11.4260,0.0160
5254,0,11.4400,0.0140
5254,0,11.4580,0.0180
5254,0,11.4720,0.0140
5254,0,11.4860,0.0140
5254,0,11.5030,0.0170
5254,0,11.5200,0.0170
5254,0,11.5340,0.0140
5254,0,11.5500,0.0160
5254,0,11.5670,0.0170
5254,0,11.5790,0.0120
5254,0,11.6000,0.0210
5254,0,11.6110,0.0110
5254,0,11.6270,0.0160
5254,0,11.6450,0.0180
5254,0,11.6600,0.0150
5254,0,11.6760,0.0160
5254,0,11.6910,0.0150
5254,0,11.7060,0.0150
5254,0,11.7190,0.0130
5254,0,11.7520,0.0330
5254,0,11.7690,0.0170
5254,0,11.7820,0.0130
5254,0,11.7970,0.0150
5254,0,11.8130,0.0160
5254,0,11.8280,0.0150
5254,0,11.8500,0.0220
5254,0,11.8610,0.0110
5254,0,11.8780,0.0170
5254,0,11.8920,0.0140
5254,0,11.9220,0.0300
5254,0,11.9380,0.0160
5254,0,11.9620,0.0240
5254,0,11.9700,0.0080
5254,0,11.9900,0.0200
30,0,12.0020,0.0120
30,0,12.0190,0.0170
30,0,12.0360,0.0170
24,0,12.0530,0.0170
23,0,12.0650,0.0120
61,0,12.1250,0.0600
22,0,12.1790,0.0540
23,0,12.1900,0.0110
40,0,12.2030,0.0130
49,0,12.2230,0.0200
80,2,12.2230,0.0200
49,0,12.2350,0.0120
49,0,12.2520,0.0170
22,0,12.3310,0.0790
4151,0,12.4570,0.1260
80,0,12.4720,0.0150
54,0,12.4860,0.0140
416,0,12.5180,0.0320
340,0,12.5350,0.0170
416,0,12.5660,0.0310
453,0,12.6110,0.0450
453,0,12.6300,0.0190
72,0,12.7210,0.0910
72,0,12.7370,0.0160
416,0,12.7530,0.0160
453,0,12.7850,0.0320
416,0,12.8000,0.0150
22,0,12.8180,0.0180
15,0,12.8300,0.0120
80,0,12.9850,0.1550
15,0,13.0000,0.0150
80,0,13.0830,0.0830
13,0,13.0940,0.0110
91,0,13.1120,0.0180
15,0,13.1440,0.0320
15,0,13.1600,0.0160
15,0,13.2190,0.0590
4275,0,13.2510,0.0320
80,0,13.2810,0.0300
96,0,13.3150,0.0340
15,0,13.3300,0.0150
61,0,13.4380,0.1080
61,0,13.4530,0.0150
80,0,13.4690,0.0160
18,0,13.5470,0.0780
18,0,13.5640,0.0170
18,0,13.5840,0.0200
15,0,13.5950,0.0110
33,0,13.6770,0.0820
33,0,13.6920,0.0150
23,0,13.7090,0.0170
25,0,13.7580,0.0490
140,0,13.7970,0.0390
85,0,13.8290,0.0320
85,0,13.8600,0.0310
35,0,13.8910,0.0310
17,0,13.9230,0.0320
42,0,13.9550,0.0320
340,0,14.0170,0.0620
85,0,14.0470,0.0300
15,0,14.1250,0.0780
58,0,14.1410,0.0160
15,0,14.1560,0.0150
4,0,14.1720,0.0160
61,0,14.1880,0.0160
25,0,14.2040,0.0160
51,0,14.2400,0.0360
15,0,14.2540,0.0140
51,0,14.2680,0.0140
25,0,14.2840,0.0160
51,0,14.3000,0.0160
15,0,14.3160,0.0160
51,0,14.3320,0.0160
