SysID,Thread ID,time,inetrval
14,0,0.2200,0.2200
80,0,0.5470,0.3270
80,0,0.5670,0.0200
80,0,0.5780,0.0110
80,0,0.5940,0.0160
18,0,0.6410,0.0470
18,0,0.7570,0.1160
15,0,0.7660,0.0090
37,0,0.9410,0.1750
55,0,0.9720,0.0310
61,0,1.0030,0.0310
51,0,1.0320,0.0290
40,0,1.0520,0.0200
49,0,1.1260,0.0740
80,0,1.1440,0.0180
347,0,1.1880,0.0440
80,0,1.2810,0.0930
80,0,1.4690,0.1880
15,0,1.5000,0.0310
76,0,1.5320,0.0320
416,0,1.5630,0.0310
453,0,1.5950,0.0320
453,0,1.6260,0.0310
453,0,1.6410,0.0150
18,0,1.7870,0.1460
453,0,1.8150,0.0280
453,0,1.8890,0.0740
24,0,1.8910,0.0020
24,0,2.0030,0.1120
80,0,2.0330,0.0300
453,0,2.0480,0.0150
453,0,2.0660,0.0180
18,0,2.0940,0.0280
15,0,2.1090,0.0150
51,0,2.2500,0.1410
51,0,2.2810,0.0310
51,0,2.3120,0.0310
24,0,2.4100,0.0980
85,0,2.4220,0.0120
17,0,2.4380,0.0160
54,0,2.5210,0.0830
340,0,2.5470,0.0260
356,0,2.6250,0.0780
453,0,2.7510,0.1260
15,0,2.7670,0.0160
38,0,2.7820,0.0150
297,0,2.7990,0.0170
15,0,2.8280,0.0290
85,0,2.8450,0.0170
33,0,2.8600,0.0150
15,0,2.8910,0.0310
76,0,2.9100,0.0190
293,0,2.9540,0.0440
24,0,3.1720,0.2180
15,0,3.2340,0.0620
37,0,3.3930,0.1590
354,0,3.4060,0.0130
417,0,3.4300,0.0240
196,0,3.4420,0.0120
80,0,3.4610,0.0190
55,0,3.4690,0.0080
49,0,3.4880,0.0190
80,0,3.5030,0.0150
49,0,3.5160,0.0130
55,0,3.5330,0.0170
49,0,3.5470,0.0140
55,0,3.5660,0.0190
49,0,3.5790,0.0130
18,0,3.6110,0.0320
24,0,3.6300,0.0190
55,0,3.6440,0.0140
40,0,3.6640,0.0200
49,0,3.6730,0.0090
24,0,3.6900,0.0170
40,0,3.7360,0.0460
49,0,3.7700,0.0340
369,0,3.8030,0.0330
15,0,3.8130,0.0100
15,0,3.8460,0.0330
469,2,3.8590,0.0130
369,2,3.8920,0.0330
67,3,3.9080,0.0160
1,4,3.9220,0.0140
80,4,3.9530,0.0310
469,4,3.9700,0.0170
18,0,3.9840,0.0140
80,3,4.0010,0.0170
14,3,4.0160,0.0150
369,0,4.0640,0.0480
61,0,4.0790,0.0150
80,0,4.0960,0.0170
80,0,4.1100,0.0140
51,0,4.1610,0.0510
51,0,4.1880,0.0270
76,0,4.2040,0.0160
76,0,4.2210,0.0170
416,0,4.2360,0.0150
35,0,4.3460,0.1100
35,0,4.3790,0.0330
35,0,4.3940,0.0150
35,0,4.4260,0.0320
35,0,4.4390,0.0130
24,0,4.4560,0.0170
24,0,4.4690,0.0130
73,0,4.5030,0.0340
35,0,4.6100,0.1070
18,0,4.6570,0.0470
23,0,4.6890,0.0320
24,0,4.7860,0.0970
416,0,4.8310,0.0450
24,0,4.8900,0.0590
35,0,4.9220,0.0320
35,0,4.9370,0.0150
24,0,5.0310,0.0940
24,0,5.2660,0.2350
416,0,5.3590,0.0930
24,0,5.3900,0.0310
416,0,5.4220,0.0320
25,0,5.4370,0.0150
35,0,5.4530,0.0160
80,0,5.4690,0.0160
140,0,5.4840,0.0150
25,0,5.5150,0.0310
18,0,5.5310,0.0160
18,0,5.5470,0.0160
18,0,5.5780,0.0310
18,0,5.5940,0.0160
37,0,5.6090,0.0150
80,0,5.6410,0.0320
247,0,5.7340,0.0930
33,0,5.7970,0.0630
18,0,5.8180,0.0210
19,0,5.8320,0.0140
19,0,5.8950,0.0630
18,0,5.9230,0.0280
15,0,5.9530,0.0300
18,0,5.9730,0.0200
35,0,6.2530,0.2800
4101,0,6.2690,0.0160
297,0,6.3080,0.0390
66,0,6.3140,0.0060
0,0,6.3460,0.0320
15,0,6.3670,0.0210
289,0,6.3760,0.0090
22,0,6.4070,0.0310
23,0,6.4380,0.0310
28,0,6.4680,0.0300
5349,0,6.5020,0.0340
24,0,6.5340,0.0320
73,0,6.6590,0.1250
73,0,6.6740,0.0150
24,0,6.8140,0.1400
35,0,6.8440,0.0300
25,0,6.8630,0.0190
24,0,6.8760,0.0130
51,0,6.8930,0.0170
15,0,6.9080,0.0150
51,0,6.9220,0.0140
14,0,6.9880,0.0660
417,0,7.0010,0.0130
35,0,7.0210,0.0200
35,0,7.0370,0.0160
340,0,7.0810,0.0440
37,0,7.1420,0.0610
356,0,7.1750,0.0330
356,0,7.1940,0.0190
18,0,7.2090,0.0150
61,0,7.2710,0.0620
61,0,7.2860,0.0150
61,0,7.3000,0.0140
76,0,7.3160,0.0160
14,0,7.3450,0.0290
44,0,7.3750,0.0300
15,0,7.4700,0.0950
15,0,7.4890,0.0190
13,0,7.5010,0.0120
13,0,7.5190,0.0180
15,0,7.6590,0.1400
15,0,7.6870,0.0280
15,0,7.7060,0.0190
