SysID,Thread ID,time,inetrval
14,0,0.2240,0.2240
80,0,0.5470,0.3230
80,0,0.5630,0.0160
18,0,0.5830,0.0200
18,0,0.6420,0.0590
18,0,0.7530,0.1110
37,0,0.9430,0.1900
55,0,0.9730,0.0300
61,0,1.0040,0.0310
51,0,1.0180,0.0140
74,0,1.0360,0.0180
49,0,1.1140,0.0780
80,0,1.1280,0.0140
347,0,1.1610,0.0330
80,0,1.2660,0.1050
80,0,1.4230,0.1570
15,0,1.4390,0.0160
76,0,1.4880,0.0490
416,0,1.5010,0.0130
453,0,1.5480,0.0470
453,0,1.5660,0.0180
453,0,1.6100,0.0440
18,0,1.7590,0.1490
23,0,1.7720,0.0130
453,0,1.7840,0.0120
453,0,1.8130,0.0290
24,0,1.8280,0.0150
24,0,1.9070,0.0790
80,0,1.9390,0.0320
80,0,1.9570,0.0180
453,0,1.9700,0.0130
18,0,2.0000,0.0300
51,0,2.1420,0.1420
15,0,2.1620,0.0200
51,0,2.1880,0.0260
24,0,2.2980,0.1100
17,0,2.3130,0.0150
54,0,2.3750,0.0620
340,0,2.4060,0.0310
356,0,2.4850,0.0790
453,0,2.5940,0.1090
15,0,2.6130,0.0190
38,0,2.6410,0.0280
15,0,2.6720,0.0310
33,0,2.7040,0.0320
15,0,2.7230,0.0190
76,0,2.7370,0.0140
15,0,2.7550,0.0180
293,0,2.8000,0.0450
24,0,2.9990,0.1990
15,0,3.0530,0.0540
37,0,3.1600,0.1070
354,0,3.1780,0.0180
173,0,3.1920,0.0140
144,0,3.2130,0.0210
417,0,3.2190,0.0060
80,0,3.2500,0.0310
40,0,3.2660,0.0160
49,0,3.2820,0.0160
49,0,3.2970,0.0150
369,0,3.3240,0.0270
67,2,3.3460,0.0220
1,2,3.3600,0.0140
469,2,3.3750,0.0150
40,0,3.4240,0.0490
80,2,3.4380,0.0140
80,0,3.4560,0.0180
80,0,3.4700,0.0140
24,2,3.4860,0.0160
18,2,3.5160,0.0300
466,0,3.5320,0.0160
24,2,3.5490,0.0170
112,2,3.5790,0.0300
55,0,3.6100,0.0310
469,2,3.6410,0.0310
24,0,3.6720,0.0310
24,2,3.6890,0.0170
40,0,3.7200,0.0310
80,2,3.7350,0.0150
469,3,3.7500,0.0150
369,0,3.7660,0.0160
80,0,3.7810,0.0150
55,0,3.7820,0.0010
80,0,3.7990,0.0170
49,0,3.8140,0.0150
49,0,3.8300,0.0160
49,0,3.8450,0.0150
15,0,3.8700,0.0250
369,0,3.8730,0.0030
80,3,3.8750,0.0020
369,0,3.8990,0.0240
469,4,3.9020,0.0030
80,3,3.9070,0.0050
469,3,3.9250,0.0180
18,0,3.9390,0.0140
14,2,3.9530,0.0140
24,0,3.9900,0.0370
369,0,4.0030,0.0130
55,0,4.0200,0.0170
4,0,4.0480,0.0280
51,2,4.0630,0.0150
49,2,4.0780,0.0150
18,4,4.1090,0.0310
369,2,4.1410,0.0320
15,2,4.1570,0.0160
15,2,4.1570,0.0160
80,3,4.1720,0.0150
61,4,4.2060,0.0340
49,4,4.2230,0.0170
14,3,4.2350,0.0120

14,3,4.2350,0.0120
51,0,4.2870,0.0520
76,0,4.3040,0.0170
76,0,4.3170,0.0130
51,0,4.3300,0.0130
51,0,4.3530,0.0230
51,0,4.3640,0.0110
76,0,4.3810,0.0170
76,0,4.3980,0.0170
416,0,4.4110,0.0130
24,0,4.4850,0.0740
73,0,4.6740,0.1890
24,0,4.6900,0.0160
18,0,4.8140,0.1240
23,0,4.8300,0.0160
23,0,4.8590,0.0290
24,0,4.8910,0.0320
24,0,4.9130,0.0220
35,0,4.9270,0.0140
416,0,4.9880,0.0610
416,0,5.0010,0.0130
453,0,5.0240,0.0230
453,0,5.0330,0.0090
72,0,5.0570,0.0240
51,0,5.0660,0.0090
7,0,5.0880,0.0220
35,0,5.0950,0.0070
453,0,5.1780,0.0830
24,0,5.2740,0.0960
453,0,5.3440,0.0700
453,0,5.3750,0.0310
453,0,5.3990,0.0240
416,0,5.4040,0.0050
416,0,5.4050,0.0010
35,0,5.4900,0.0850
35,0,5.5250,0.0350
35,0,5.5330,0.0080
35,0,5.5550,0.0220
35,0,5.5620,0.0070
24,0,5.5820,0.0200
73,0,5.5980,0.0160
73,0,5.6100,0.0120
35,0,5.6670,0.0570
24,0,5.7340,0.0670
416,0,5.7700,0.0360
35,0,5.8290,0.0590
35,0,5.8560,0.0270
35,0,5.8600,0.0040
24,0,6.2080,0.3480
416,0,6.2720,0.0640
54,0,6.2970,0.0250
140,0,6.3130,0.0160
25,0,6.3440,0.0310
453,0,6.3600,0.0160
18,0,6.3750,0.0150
18,0,6.4060,0.0310
18,0,6.4220,0.0160
18,0,6.4380,0.0160
37,0,6.4530,0.0150
80,0,6.4690,0.0160
247,0,6.5790,0.1100
247,0,6.5950,0.0160
33,0,6.6420,0.0470
18,0,6.6570,0.0150
19,0,6.7200,0.0630
15,0,6.7350,0.0150
18,0,6.7510,0.0160
23,0,6.7670,0.0160
15,0,6.7810,0.0140
15,0,6.7970,0.0160
35,0,7.0630,0.2660
37,0,7.0780,0.0150
5169,0,7.0940,0.0160
0,0,7.1410,0.0470
25,0,7.1570,0.0160
289,0,7.1720,0.0150
22,0,7.1880,0.0160
23,0,7.2190,0.0310
28,0,7.2340,0.0150
5,0,7.2500,0.0160
5349,0,7.2660,0.0160
416,0,7.2820,0.0160
416,0,7.3350,0.0530
35,0,7.3470,0.0120
4151,0,7.3790,0.0320
4151,0,7.3950,0.0160
51,0,7.4870,0.0920
33,0,7.5050,0.0180
18,0,7.5190,0.0140
17,0,7.5340,0.0150
73,0,7.5500,0.0160
140,0,7.5670,0.0170
15,0,7.5800,0.0130
105,0,7.6120,0.0320
4162,0,7.6410,0.0290
35,0,7.6600,0.0190
14,0,7.6940,0.0340
417,0,7.7190,0.0250
35,0,7.7340,0.0150
35,0,7.7500,0.0160
21,0,7.8280,0.0780
21,0,7.8440,0.0160
72,0,7.8590,0.0150
51,0,7.9220,0.0630
340,0,7.9690,0.0470
21,0,7.9880,0.0190
33,0,8.0050,0.0170
33,0,8.0170,0.0120
282,0,8.0360,0.0190
24,0,8.0470,0.0110
23,0,8.0640,0.0170
18,0,8.0850,0.0210
18,0,8.1120,0.0270
23,0,8.1640,0.0520
85,0,8.2060,0.0420
40,0,8.2290,0.0230
15,0,8.2350,0.0060
23,0,8.2580,0.0230
4098,0,8.3830,0.1250
4353,0,8.4240,0.0410
4188,0,8.4370,0.0130
80,0,8.4690,0.0320
4328,0,8.4970,0.0280
4211,0,8.5010,0.0040
4,0,8.5340,0.0330
4,0,8.5560,0.0220
24,0,8.5630,0.0070
4,0,8.5860,0.0230
4,0,8.5970,0.0110
4819,0,8.6550,0.0580
4802,0,8.6580,0.0030
4200,0,8.6820,0.0240
80,0,8.7200,0.0380
4156,0,8.7520,0.0320
4819,0,8.7810,0.0290
4819,0,8.8080,0.0270
80,0,8.8390,0.0310
4173,0,8.8460,0.0070
80,0,8.8750,0.0290
4128,0,8.9070,0.0320
4483,0,8.9380,0.0310
37,0,9.0050,0.0670
80,0,9.0150,0.0100
369,0,9.0160,0.0010
14,0,9.0530,0.0370
80,0,9.1130,0.0600
4159,0,9.1310,0.0180
4149,0,9.1750,0.0440
4267,0,9.1970,0.0220
4819,0,9.2030,0.0060
4298,0,9.2350,0.0320
22,0,9.2570,0.0220
22,0,9.2700,0.0130
4106,0,9.2990,0.0290
4188,0,9.3320,0.0330
4131,0,9.3520,0.0200
4221,0,9.3620,0.0100
19,0,9.3820,0.0200
15,0,9.3900,0.0080
5292,0,9.3910,0.0010
4298,0,9.4380,0.0470
4,0,9.5080,0.0700
22,0,9.5200,0.0120
15,0,9.5680,0.0480
74,0,9.5820,0.0140
4298,0,9.6140,0.0320
4298,0,9.6310,0.0170
4298,0,9.6380,0.0070
24,0,9.6390,0.0010
24,0,9.6410,0.0020
356,0,9.7380,0.0970
444,0,9.7570,0.0190
356,0,9.7700,0.0130
356,0,9.8130,0.0430
180,0,9.9380,0.1250
300,0,9.9610,0.0230
4,0,9.9740,0.0130
4,0,9.9890,0.0150
15,0,10.0030,0.0140
30,0,10.3610,0.3580
30,0,10.3790,0.0180
4787,0,10.4100,0.0310
4781,0,10.4250,0.0150
4328,0,10.4910,0.0660
22,0,10.5010,0.0100
23,0,10.5640,0.0630
23,0,10.5790,0.0150
22,0,10.6000,0.0210
50,0,10.6120,0.0120
50,0,10.6250,0.0130
22,0,10.6430,0.0180
356,0,10.8750,0.2320
356,0,10.8960,0.0210
180,0,11.0030,0.1070
300,0,11.0190,0.0160
4781,0,11.2210,0.2020
4781,0,11.2370,0.0160
4159,0,11.3790,0.1420
4159,0,11.4110,0.0320
4159,0,11.4210,0.0100
4159,0,11.4230,0.0020
4142,0,11.4410,0.0180
4139,0,11.4550,0.0140
4131,0,11.4700,0.0150
4158,0,11.5360,0.0660
4156,0,11.5650,0.0290
4180,0,11.5800,0.0150
4131,0,11.5940,0.0140
4258,0,11.6650,0.0710
4212,0,11.6760,0.0110
4264,0,11.7000,0.0240
4212,0,11.7060,0.0060
4242,0,11.7380,0.0320
4103,0,11.7520,0.0140
5,0,11.7660,0.0140
5,0,11.7840,0.0180
18,0,11.8330,0.0490
23,0,11.8490,0.0160
51,0,11.8630,0.0140
35,0,11.8820,0.0190
35,0,11.8910,0.0090
4245,0,11.9170,0.0260
5,0,11.9250,0.0080
4258,0,11.9690,0.0440
4212,0,11.9840,0.0150
4,0,12.0000,0.0160
4158,0,12.0310,0.0310
4264,0,12.0640,0.0330
4212,0,12.0780,0.0140
5230,0,12.1090,0.0310
5412,0,12.1560,0.0470
4103,0,12.1720,0.0160
37,0,12.1870,0.0150
49,0,12.2050,0.0180
80,3,12.2190,0.0140
22,0,12.3280,0.1090
356,0,12.4100,0.0820
356,0,12.4610,0.0510
33,0,12.5000,0.0390
22,0,12.5280,0.0280
22,0,12.5320,0.0040
282,0,12.5550,0.0230
36,0,12.5660,0.0110
22,0,12.5820,0.0160
22,0,12.6260,0.0440
453,0,12.6460,0.0200
72,0,12.6620,0.0160
64,0,12.6780,0.0160
453,0,12.6880,0.0100
416,0,12.7060,0.0180
453,0,12.7530,0.0470
14,0,12.8000,0.0470
80,0,12.8150,0.0150
4172,0,12.8330,0.0180
4166,0,12.8470,0.0140
5225,0,12.8630,0.0160
4211,0,12.8780,0.0150
4103,0,12.9090,0.0310
5,0,12.9230,0.0140
4258,0,12.9420,0.0190
4,0,12.9610,0.0190
5230,0,12.9750,0.0140
4162,0,12.9920,0.0170
4158,0,13.0020,0.0100
51,0,13.0260,0.0240
4158,0,13.0330,0.0070
61,0,13.0940,0.0610
15,0,13.1200,0.0260
15,0,13.1260,0.0060
4158,0,13.1580,0.0320
35,0,13.1880,0.0300
4180,0,13.2500,0.0620
4203,0,13.2660,0.0160
80,0,13.2970,0.0310
4252,0,13.3280,0.0310
4248,0,13.3440,0.0160
4155,0,13.3590,0.0150
4137,0,13.3750,0.0160
4154,0,13.3960,0.0210
4107,0,13.4060,0.0100
4106,0,13.4380,0.0320
4180,0,13.4550,0.0170
4131,0,13.4800,0.0250
5052,0,13.4850,0.0050
4175,0,13.5150,0.0300
4178,0,13.5160,0.0010
4132,0,13.5470,0.0310
5,0,13.5670,0.0200
5,0,13.5810,0.0140
5412,0,13.5940,0.0130
4177,0,13.6090,0.0150
4192,0,13.6250,0.0160
4097,0,13.6410,0.0160
4129,0,13.6570,0.0160
