SysID,Thread ID,time,inetrval
14,0,0.2190,0.2190
80,0,0.5620,0.3430
80,0,0.5780,0.0160
33,0,0.5970,0.0190
18,0,0.6410,0.0440
18,0,0.7370,0.0960
37,0,0.9100,0.1730
55,0,0.9370,0.0270
61,0,0.9710,0.0340
51,0,1.0000,0.0290
40,0,1.0160,0.0160
49,0,1.0780,0.0620
80,0,1.1000,0.0220
80,0,1.1100,0.0100
347,0,1.1310,0.0210
347,0,1.1390,0.0080
80,0,1.2350,0.0960
80,0,1.3760,0.1410
15,0,1.3910,0.0150
76,0,1.4380,0.0470
416,0,1.4540,0.0160
453,0,1.4840,0.0300
453,0,1.5150,0.0310
453,0,1.5310,0.0160
18,0,1.6570,0.1260
15,0,1.6730,0.0160
453,0,1.6880,0.0150
453,0,1.7190,0.0310
24,0,1.7350,0.0160
24,0,1.8130,0.0780
80,0,1.8440,0.0310
453,0,1.8600,0.0160
453,0,1.8800,0.0200
18,0,1.9080,0.0280
51,0,2.0630,0.1550
15,0,2.0790,0.0160
51,0,2.1100,0.0310
51,0,2.1260,0.0160
24,0,2.2030,0.0770
85,0,2.2190,0.0160
74,0,2.2350,0.0160
54,0,2.3140,0.0790
340,0,2.3280,0.0140
356,0,2.3900,0.0620
453,0,2.5060,0.1160
15,0,2.5230,0.0170
38,0,2.5370,0.0140
297,0,2.5530,0.0160
33,0,2.5590,0.0060
24,0,2.5630,0.0040
15,0,2.5790,0.0160
85,0,2.5950,0.0160
33,0,2.6280,0.0330
15,0,2.6470,0.0190
76,0,2.6590,0.0120
85,0,2.6750,0.0160
293,0,2.7350,0.0600
24,0,2.9410,0.2060
15,0,3.0010,0.0600
37,0,3.1250,0.1240
354,0,3.1410,0.0160
417,0,3.1580,0.0170
417,0,3.1750,0.0170
80,0,3.1890,0.0140
40,0,3.2050,0.0160
49,0,3.2190,0.0140
49,0,3.2360,0.0170
55,0,3.2680,0.0320
49,0,3.2820,0.0140
49,0,3.2970,0.0150
24,0,3.3190,0.0220
18,0,3.3280,0.0090
55,0,3.3590,0.0310
49,0,3.3960,0.0370
24,0,3.4120,0.0160
40,0,3.4420,0.0300
49,0,3.4690,0.0270
369,0,3.5020,0.0330
67,2,3.5170,0.0150
1,2,3.5310,0.0140
24,2,3.5470,0.0160
369,2,3.5950,0.0480
1,3,3.6090,0.0140
469,2,3.6410,0.0320
80,4,3.6640,0.0230
49,0,3.6760,0.0120
40,0,3.6900,0.0140
28,3,3.7190,0.0290
49,0,3.7350,0.0160
80,3,3.7500,0.0150
80,2,3.7660,0.0160
18,0,3.7970,0.0310
51,0,3.8160,0.0190
24,0,3.8610,0.0450
369,0,3.8780,0.0170
51,2,3.8900,0.0120
61,3,3.9100,0.0200
80,2,3.9180,0.0080
74,3,3.9180,0.0080
466,3,3.9220,0.0040
112,3,3.9380,0.0160
51,0,4.0010,0.0630
51,0,4.0330,0.0320
51,0,4.0560,0.0230
76,0,4.0640,0.0080
76,0,4.0840,0.0200
76,0,4.0940,0.0100
416,0,4.1160,0.0220
35,0,4.2050,0.0890
35,0,4.2240,0.0190
35,0,4.2410,0.0170
35,0,4.2560,0.0150
35,0,4.2860,0.0300
35,0,4.3600,0.0740
35,0,4.3790,0.0190
35,0,4.4060,0.0270
24,0,4.4450,0.0390
24,0,4.4690,0.0240
73,0,4.4840,0.0150
73,0,4.5000,0.0160
35,0,4.5780,0.0780
18,0,4.5940,0.0160
23,0,4.6280,0.0340
24,0,4.7360,0.1080
24,0,4.7550,0.0190
416,0,4.7690,0.0140
35,0,4.8460,0.0770
35,0,4.8670,0.0210
35,0,4.8760,0.0090
416,0,5.3000,0.4240
416,0,5.3750,0.0750
35,0,5.3910,0.0160
54,0,5.4060,0.0150
140,0,5.4220,0.0160
25,0,5.4530,0.0310
453,0,5.4680,0.0150
18,0,5.4840,0.0160
18,0,5.5160,0.0320
18,0,5.5310,0.0150
18,0,5.5470,0.0160
37,0,5.5630,0.0160
80,0,5.5780,0.0150
51,0,5.7210,0.1430
35,0,5.7670,0.0460
4101,0,5.7810,0.0140
297,0,5.8010,0.0200
0,0,5.8450,0.0440
25,0,5.8620,0.0170
289,0,5.8760,0.0140
22,0,5.8910,0.0150
23,0,5.9240,0.0330
28,0,5.9550,0.0310
5,0,5.9720,0.0170
5349,0,5.9880,0.0160
416,0,6.0030,0.0150
24,0,6.0350,0.0320
73,0,6.1440,0.1090
24,0,6.2550,0.1110
24,0,6.2680,0.0130
35,0,6.2940,0.0260
416,0,6.3310,0.0370
416,0,6.3590,0.0280
453,0,6.3750,0.0160
192,0,6.3910,0.0160
72,0,6.4060,0.0150
51,0,6.4220,0.0160
35,0,6.4370,0.0150
453,0,6.5150,0.0780
24,0,6.6250,0.1100
453,0,6.6720,0.0470
453,0,6.7190,0.0470
24,0,6.7400,0.0210
73,0,6.8150,0.0750
24,0,6.9550,0.1400
35,0,6.9850,0.0300
25,0,7.0000,0.0150
51,0,7.0340,0.0340
51,0,7.0660,0.0320
416,0,7.1250,0.0590
4151,0,7.1560,0.0310
247,0,7.2350,0.0790
33,0,7.2970,0.0620
18,0,7.3210,0.0240
19,0,7.3900,0.0690
18,0,7.4110,0.0210
33,0,7.4240,0.0130
15,0,7.4540,0.0300
15,0,7.4710,0.0170
51,0,7.6880,0.2170
33,0,7.7140,0.0260
18,0,7.7210,0.0070
17,0,7.7460,0.0250
73,0,7.7500,0.0040
140,0,7.7840,0.0340
105,0,7.8340,0.0500
4162,0,7.8490,0.0150
35,0,7.8750,0.0260
417,0,7.9090,0.0340
35,0,7.9290,0.0200
24,0,7.9740,0.0450
54,0,8.0310,0.0570
22,0,8.0630,0.0320
23,0,8.0960,0.0330
72,0,8.1170,0.0210
18,0,8.1920,0.0750
18,0,8.2070,0.0150
33,0,8.2230,0.0160
88,0,8.2370,0.0140
33,0,8.2590,0.0220
33,0,8.2680,0.0090
33,0,8.4250,0.1570
15,0,8.4870,0.0620
18,0,8.5050,0.0180
453,0,8.5190,0.0140
453,0,8.5340,0.0150
72,0,8.5500,0.0160
60,0,8.5620,0.0120
33,0,8.7040,0.1420
140,0,8.7980,0.0940
140,0,9.0490,0.2510
140,0,9.2690,0.2200
140,0,9.2830,0.0140
354,0,9.2980,0.0150
432,0,9.3130,0.0150
297,0,9.3310,0.0180
54,0,9.3470,0.0160
21,0,9.3940,0.0470
5125,0,9.4430,0.0490
4156,0,9.4560,0.0130
4180,0,9.4710,0.0150
80,0,9.4900,0.0190
4188,0,9.5030,0.0130
4328,0,9.5500,0.0470
4211,0,9.5820,0.0320
33,0,9.5960,0.0140
33,0,9.6130,0.0170
282,0,9.6330,0.0200
341,0,9.6440,0.0110
23,0,9.6610,0.0170
18,0,9.6760,0.0150
18,0,9.7090,0.0330
4,0,9.7190,0.0100
4,0,9.7400,0.0210
24,0,9.7540,0.0140
4,0,9.7690,0.0150
4,0,9.7810,0.0120
4819,0,9.8310,0.0500
4802,0,9.8500,0.0190
4200,0,9.8600,0.0100
4131,0,9.9060,0.0460
4258,0,9.9530,0.0470
4158,0,9.9840,0.0310
4264,0,10.0080,0.0240
5,0,10.0180,0.0100
4242,0,10.0360,0.0180
4251,0,10.0510,0.0150
5,0,10.0780,0.0270
18,0,10.1460,0.0680
51,0,10.1600,0.0140
35,0,10.1770,0.0170
35,0,10.1870,0.0100
4101,0,10.2120,0.0250
4245,0,10.2220,0.0100
4258,0,10.2740,0.0520
4212,0,10.2810,0.0070
23,0,10.3020,0.0210
85,0,10.3480,0.0460
74,0,10.3760,0.0280
18,0,10.3970,0.0210
23,0,10.4060,0.0090
4,0,10.4550,0.0490
4,0,10.4690,0.0140
4158,0,10.4850,0.0160
4264,0,10.5190,0.0340
5230,0,10.5400,0.0210
5225,0,10.5480,0.0080
5412,0,10.5650,0.0170
356,0,10.5970,0.0320
356,0,10.6120,0.0150
18,0,10.6430,0.0310
61,0,10.7050,0.0620
51,0,10.7220,0.0170
49,0,10.7340,0.0120
4,0,10.7510,0.0170
22,0,10.8590,0.1080
22,0,10.8750,0.0160
356,0,10.9380,0.0630
444,0,10.9700,0.0320
356,0,10.9840,0.0140
356,0,11.0160,0.0320
33,0,11.0470,0.0310
22,0,11.0790,0.0320
22,0,11.1100,0.0310
36,0,11.1350,0.0250
22,0,11.1430,0.0080
22,0,11.1970,0.0540
453,0,11.2050,0.0080
72,0,11.2260,0.0210
72,0,11.2310,0.0050
64,0,11.2360,0.0050
453,0,11.2570,0.0210
416,0,11.2700,0.0130
24,0,11.3230,0.0530
24,0,11.3280,0.0050
14,0,11.3600,0.0320
80,0,11.3910,0.0310
4162,0,11.4220,0.0310
4258,0,11.4530,0.0310
4158,0,11.4720,0.0190
5412,0,11.5020,0.0300
4103,0,11.5170,0.0150
5230,0,11.5320,0.0150
4188,0,11.5440,0.0120
4211,0,11.5470,0.0030
5292,0,11.5660,0.0190
4131,0,11.5780,0.0120
4103,0,11.5940,0.0160
5,0,11.6090,0.0150
5,0,11.6320,0.0230
4187,0,11.6430,0.0110
4103,0,11.6720,0.0290
4177,0,11.6870,0.0150
4187,0,11.7190,0.0320
4097,0,11.7380,0.0190
4108,0,11.7510,0.0130
14,5,39.3640,27.6130
432,5,39.3950,0.0310
72,5,39.4290,0.0340
15,5,39.4580,0.0290
148,5,39.4740,0.0160
14,6,39.4890,0.0150
417,5,39.5070,0.0180
