SysID,Thread ID,time,inetrval
14,0,0.2220,0.2220
80,0,0.5310,0.3090
80,0,0.5470,0.0160
18,0,0.5630,0.0160
18,0,0.6100,0.0470
18,0,0.7030,0.0930
37,0,0.8910,0.1880
55,0,0.9220,0.0310
61,0,0.9380,0.0160
51,0,0.9690,0.0310
49,0,1.0400,0.0710
80,0,1.0520,0.0120
80,0,1.0680,0.0160
347,0,1.0820,0.0140
80,0,1.1720,0.0900
80,0,1.3280,0.1560
76,0,1.3750,0.0470
416,0,1.3910,0.0160
453,0,1.4220,0.0310
453,0,1.4570,0.0350
453,0,1.4690,0.0120
18,0,1.5940,0.1250
15,0,1.6100,0.0160
453,0,1.6420,0.0320
24,0,1.6700,0.0280
24,0,1.7520,0.0820
80,0,1.7840,0.0320
453,0,1.7980,0.0140
453,0,1.8150,0.0170
18,0,1.8440,0.0290
51,0,1.9690,0.1250
348,0,1.9850,0.0160
51,0,2.0160,0.0310
24,0,2.0970,0.0810
85,0,2.1120,0.0150
54,0,2.1720,0.0600
340,0,2.2010,0.0290
356,0,2.2830,0.0820
453,0,2.3910,0.1080
38,0,2.4230,0.0320
33,0,2.4390,0.0160
15,0,2.4540,0.0150
85,0,2.4730,0.0190
33,0,2.4840,0.0110
18,0,2.5050,0.0210
76,0,2.5200,0.0150
76,0,2.5360,0.0160
293,0,2.5810,0.0450
24,0,2.7850,0.2040
15,0,2.8310,0.0460
42,0,2.8470,0.0160
37,0,2.9380,0.0910
354,0,2.9670,0.0290
173,0,2.9690,0.0020
196,0,2.9900,0.0210
80,0,3.0030,0.0130
55,0,3.0190,0.0160
40,0,3.0310,0.0120
49,0,3.0620,0.0310
55,0,3.0890,0.0270
49,0,3.0940,0.0050
49,0,3.1270,0.0330
18,0,3.1610,0.0340
55,0,3.1890,0.0280
49,0,3.2030,0.0140
24,0,3.2350,0.0320
55,0,3.2970,0.0620
49,0,3.3160,0.0190
369,0,3.3300,0.0140
67,2,3.3590,0.0290
15,0,3.3760,0.0170
24,2,3.3910,0.0150
369,2,3.4380,0.0470
67,3,3.4530,0.0150
67,4,3.4690,0.0160
469,3,3.4840,0.0150
469,3,3.5020,0.0180469,3,3.5020,0.0180
49,0,3.5180,0.0160
49,0,3.5290,0.0110
80,0,3.5320,0.0030
28,4,3.5500,0.0180
80,0,3.5630,0.0130
24,0,3.5810,0.0180
369,0,3.5910,0.0100
15,0,3.5940,0.0030
356,3,3.6250,0.0310
4,0,3.6410,0.0160
18,3,3.6730,0.0320
61,3,3.7350,0.0620
51,3,3.7510,0.0160
80,3,3.7670,0.0160
51,0,3.8170,0.0500
51,0,3.8480,0.0310
76,0,3.8630,0.0150
76,0,3.8780,0.0150
14,0,3.8950,0.0170
416,0,3.9080,0.0130
35,0,4.0020,0.0940
35,0,4.0360,0.0340
35,0,4.0540,0.0180
35,0,4.0680,0.0140
35,0,4.0860,0.0180
35,0,4.0960,0.0100
24,0,4.1250,0.0290
73,0,4.1570,0.0320
35,0,4.2370,0.0800
18,0,4.2670,0.0300
23,0,4.3020,0.0350
24,0,4.4350,0.1330
416,0,4.4380,0.0030
35,0,4.5630,0.1250
35,0,4.5790,0.0160
35,0,4.5950,0.0160
24,0,4.7700,0.1750
24,0,4.9070,0.1370
416,0,5.0040,0.0970
416,0,5.0720,0.0680
25,0,5.0790,0.0070
54,0,5.1020,0.0230
80,0,5.1120,0.0100
140,0,5.1360,0.0240
25,0,5.1420,0.0060
453,0,5.1660,0.0240
18,0,5.1730,0.0070
18,0,5.2040,0.0310
18,0,5.2290,0.0250
18,0,5.2380,0.0090
37,0,5.2570,0.0190
80,0,5.2850,0.0280
247,0,5.3810,0.0960
33,0,5.4420,0.0610
18,0,5.4620,0.0200
19,0,5.5340,0.0720
18,0,5.5570,0.0230
23,0,5.5650,0.0080
15,0,5.5860,0.0210
18,0,5.5980,0.0120
35,0,5.8770,0.2790
35,0,5.8940,0.0170
37,0,5.9080,0.0140
66,0,5.9260,0.0180
0,0,5.9740,0.0480
289,0,5.9890,0.0150
22,0,6.0170,0.0280
23,0,6.0540,0.0370
28,0,6.0860,0.0320
18,0,6.0990,0.0130
5349,0,6.1170,0.0180
24,0,6.1460,0.0290
24,0,6.1650,0.0190
73,0,6.2520,0.0870
73,0,6.2750,0.0230
24,0,6.3840,0.1090
24,0,6.3910,0.0070
24,0,6.4060,0.0150
416,0,6.4530,0.0470
416,0,6.4850,0.0320
453,0,6.5000,0.0150
192,0,6.5160,0.0160
72,0,6.5310,0.0150
51,0,6.5470,0.0160
35,0,6.5620,0.0150
453,0,6.6410,0.0790
24,0,6.7500,0.1090
453,0,6.7970,0.0470
416,0,6.8130,0.0160
453,0,6.8440,0.0310
453,0,6.8600,0.0160
14,0,6.8750,0.0150
417,0,6.8910,0.0160
340,0,6.9220,0.0310
24,0,6.9380,0.0160
73,0,6.9690,0.0310
73,0,6.9850,0.0160
24,0,7.0780,0.0930
24,0,7.0940,0.0160
22,0,7.1250,0.0310
22,0,7.1410,0.0160
24,0,7.1560,0.0150
44,0,7.1880,0.0320
15,0,7.2690,0.0810
15,0,7.3010,0.0320
15,0,7.3160,0.0150
15,0,7.3330,0.0170
15,0,7.3940,0.0610
15,0,7.4100,0.0160
13,0,7.4250,0.0150
13,0,7.4410,0.0160
15,0,7.5660,0.1250
15,0,7.5970,0.0310
15,0,7.6170,0.0200
