SysID,Thread ID,time,inetrval
14,0,0.2180,0.2180
80,0,0.5310,0.3130
80,0,0.5460,0.0150
80,0,0.5650,0.0190
18,0,0.5780,0.0130
18,0,0.6400,0.0620
18,0,0.7340,0.0940
37,0,0.9230,0.1890
55,0,0.9570,0.0340
61,0,0.9880,0.0310
51,0,1.0160,0.0280
49,0,1.1560,0.1400
80,0,1.1720,0.0160
347,0,1.2200,0.0480
80,0,1.3130,0.0930
80,0,1.6570,0.3440
76,0,1.7390,0.0820
416,0,1.7500,0.0110
453,0,1.7970,0.0470
453,0,1.8600,0.0630
453,0,1.8900,0.0300
18,0,2.0160,0.1260
453,0,2.0750,0.0590
453,0,2.0940,0.0190
24,0,2.1140,0.0200
24,0,2.2030,0.0890
80,0,2.2360,0.0330
453,0,2.2560,0.0200
453,0,2.2660,0.0100
18,0,2.2980,0.0320
51,0,2.5150,0.2170
15,0,2.5310,0.0160
51,0,2.6090,0.0780
24,0,2.7030,0.0940
85,0,2.7340,0.0310
17,0,2.7490,0.0150
54,0,2.8120,0.0630
340,0,2.8290,0.0170
356,0,2.8930,0.0640
453,0,3.0000,0.1070
15,0,3.0240,0.0240
38,0,3.0360,0.0120
297,0,3.0530,0.0170
33,0,3.0620,0.0090
15,0,3.0850,0.0230
85,0,3.0930,0.0080
33,0,3.1270,0.0340
76,0,3.1490,0.0220
76,0,3.1610,0.0120
293,0,3.2070,0.0460
24,0,3.4370,0.2300
15,0,3.5010,0.0640
42,0,3.5160,0.0150
37,0,3.6250,0.1090
354,0,3.6410,0.0160
196,0,3.6670,0.0260
417,0,3.6720,0.0050
80,0,3.6910,0.0190
40,0,3.7080,0.0170
49,0,3.7200,0.0120
49,0,3.7350,0.0150
369,0,3.7580,0.0230
67,2,3.7810,0.0230
1,2,3.7970,0.0160
55,0,3.8120,0.0150
49,0,3.8290,0.0170
80,0,3.8750,0.0460
80,0,3.8910,0.0160
466,2,3.9530,0.0620
18,0,3.9900,0.0370
112,0,4.0320,0.0420
28,2,4.0470,0.0150
80,0,4.0650,0.0180
469,2,4.0930,0.0280
14,2,4.1110,0.0180
469,2,4.1300,0.0190
40,0,4.1600,0.0300
49,0,4.1790,0.0190
15,0,4.1860,0.0070
369,2,4.1870,0.0010
466,3,4.2080,0.0210
80,2,4.2180,0.0100
369,0,4.2650,0.0470
55,0,4.2800,0.0150
49,0,4.2810,0.0010
80,0,4.2970,0.0160
49,0,4.3300,0.0330
49,0,4.3460,0.0160
80,0,4.3610,0.0150
49,0,4.3750,0.0140
80,2,4.3950,0.0200
49,0,4.4070,0.0120
369,0,4.4310,0.0240
469,4,4.4370,0.0060
469,2,4.4530,0.0160
18,0,4.4680,0.0150
51,0,4.4880,0.0200
24,0,4.5180,0.0300
369,0,4.5460,0.0280
112,0,4.5660,0.0200
356,2,4.5960,0.0300
74,3,4.6090,0.0130
18,2,4.6400,0.0310
80,3,4.6560,0.0160
369,3,4.6730,0.0170
15,3,4.6870,0.0140
28,4,4.7020,0.0150
51,2,4.7180,0.0160
80,4,4.7530,0.0350
369,2,4.7690,0.0160
469,4,4.7880,0.0190
51,0,4.8750,0.0870
76,0,4.8910,0.0160
51,0,4.9220,0.0310
76,0,4.9380,0.0160
76,0,4.9530,0.0150
76,0,4.9720,0.0190
416,0,4.9860,0.0140
24,0,5.0320,0.0460
24,0,5.0470,0.0150
73,0,5.1890,0.1420
73,0,5.2110,0.0220
18,0,5.3460,0.1350
23,0,5.3600,0.0140
24,0,5.4240,0.0640
35,0,5.4570,0.0330
416,0,5.5150,0.0580
416,0,5.5330,0.0180
453,0,5.5470,0.0140
453,0,5.5660,0.0190
192,0,5.5780,0.0120
51,0,5.5950,0.0170
35,0,5.6180,0.0230
416,0,5.6260,0.0080
453,0,5.7030,0.0770
24,0,5.7810,0.0780
453,0,5.8750,0.0940
453,0,5.9060,0.0310
453,0,5.9320,0.0260
416,0,5.9380,0.0060
35,0,6.0150,0.0770
35,0,6.0370,0.0220
35,0,6.0630,0.0260
35,0,6.0880,0.0250
35,0,6.0930,0.0050
24,0,6.1320,0.0390
73,0,6.1400,0.0080
35,0,6.2030,0.0630
24,0,6.2510,0.0480
24,0,6.2660,0.0150
416,0,6.2980,0.0320
35,0,6.3780,0.0800
35,0,6.3970,0.0190
35,0,6.4120,0.0150
416,0,6.8080,0.3960
54,0,6.8150,0.0070
140,0,6.8480,0.0330
25,0,6.8680,0.0200
18,0,6.8780,0.0100
18,0,6.9080,0.0300
18,0,6.9410,0.0330
18,0,6.9580,0.0170
18,0,6.9700,0.0120
24,0,6.9920,0.0220
80,0,7.0030,0.0110
247,0,7.1120,0.1090
247,0,7.1260,0.0140
33,0,7.1740,0.0480
18,0,7.1880,0.0140
19,0,7.2660,0.0780
18,0,7.2810,0.0150
23,0,7.2970,0.0160
15,0,7.3120,0.0150
18,0,7.3280,0.0160
35,0,7.6100,0.2820
37,0,7.6410,0.0310
0,0,7.7030,0.0620
289,0,7.7340,0.0310
289,0,7.7760,0.0420
23,0,7.8330,0.0570
15,0,7.8560,0.0230
5,0,7.8590,0.0030
5349,0,7.8780,0.0190
416,0,7.8920,0.0140
416,0,7.9540,0.0620
4151,0,8.0060,0.0520
4151,0,8.0150,0.0090
51,0,8.0930,0.0780
74,0,8.1240,0.0310
18,0,8.1600,0.0360
73,0,8.1790,0.0190
140,0,8.1910,0.0120
15,0,8.2090,0.0180
105,0,8.2510,0.0420
4162,0,8.2740,0.0230
35,0,8.2810,0.0070
416,0,8.2980,0.0170
14,0,8.3170,0.0190
417,0,8.3430,0.0260
35,0,8.3680,0.0250
35,0,8.3770,0.0090
21,0,8.4620,0.0850
21,0,8.4710,0.0090
72,0,8.4910,0.0200
21,0,8.4990,0.0080
51,0,8.5310,0.0320
340,0,8.5630,0.0320
21,0,8.5850,0.0220
21,0,8.5970,0.0120
33,0,8.6130,0.0160
18,0,8.6300,0.0170
341,0,8.6460,0.0160
23,0,8.6590,0.0130
18,0,8.6750,0.0160
18,0,8.7190,0.0440
23,0,8.7520,0.0330
85,0,8.8060,0.0540
74,0,8.8140,0.0080
40,0,8.8360,0.0220
18,0,8.8470,0.0110
21,0,8.9060,0.0590
21,0,8.9240,0.0180
4,0,8.9700,0.0460
80,0,9.0200,0.0500
51,0,9.0310,0.0110
61,0,9.0500,0.0190
85,0,9.0630,0.0130
85,0,9.0800,0.0170
51,0,9.1260,0.0460
51,0,9.1590,0.0330
51,0,9.1750,0.0160
73,0,9.1910,0.0160
51,0,9.2060,0.0150
37,0,9.2340,0.0280
61,0,9.2540,0.0200
80,0,9.2630,0.0090
24,0,9.2650,0.0020
55,0,9.2820,0.0170
80,0,9.2950,0.0130
369,0,9.2970,0.0020
80,4,9.3110,0.0140
4,0,9.3110,0.0140

4,0,9.3110,0.0140
80,2,9.3120,0.0010
49,3,9.3280,0.0160
80,3,9.3430,0.0150
22,0,9.4410,0.0980
22,0,9.4580,0.0170
356,0,9.5370,0.0790
444,0,9.5510,0.0140
356,0,9.5720,0.0210
356,0,9.6120,0.0400
33,0,9.6450,0.0330
22,0,9.6600,0.0150
22,0,9.6790,0.0190
18,0,9.6930,0.0140
22,0,9.7070,0.0140
282,0,9.7240,0.0170
36,0,9.7290,0.0050
33,0,9.7380,0.0090
22,0,9.8030,0.0650
453,0,9.8160,0.0130
72,0,9.8320,0.0160
64,0,9.8500,0.0180
453,0,9.8620,0.0120
416,0,9.8820,0.0200
61,0,9.9380,0.0560
22,0,9.9680,0.0300
416,0,10.0000,0.0320
192,0,10.0370,0.0370
192,0,10.0660,0.0290
416,0,10.1090,0.0430
453,0,10.1410,0.0320
453,0,10.2300,0.0890
416,0,10.2350,0.0050
453,0,10.2560,0.0210
14,0,10.2700,0.0140
61,0,10.2860,0.0160
15,0,10.3000,0.0140
4,0,10.3160,0.0160
4,0,10.3280,0.0120
61,0,10.4060,0.0780
24,0,10.4290,0.0230
24,0,10.4390,0.0100
5254,0,10.6600,0.2210
5254,0,10.7520,0.0920
5254,0,10.7680,0.0160
5254,0,10.8010,0.0330
5254,0,10.8310,0.0300
5254,0,10.8590,0.0280
5254,0,10.8900,0.0310
5254,0,10.9210,0.0310
5254,0,10.9370,0.0160
5254,0,10.9680,0.0310
5254,0,11.0000,0.0320
5254,0,11.0150,0.0150
5254,0,11.0460,0.0310
5254,0,11.0620,0.0160
5254,0,11.0930,0.0310
5254,0,11.1240,0.0310
5254,0,11.1400,0.0160
5254,0,11.1710,0.0310
39,0,11.2030,0.0320
51,0,11.2180,0.0150
5254,0,11.2500,0.0320
5254,0,11.2810,0.0310
5254,0,11.3030,0.0220
5254,0,11.3150,0.0120
5254,0,11.3450,0.0300
5254,0,11.3750,0.0300
5254,0,11.4070,0.0320
5254,0,11.4220,0.0150
5254,0,11.4530,0.0310
5254,0,11.4840,0.0310
5254,0,11.5020,0.0180
5254,0,11.5350,0.0330
5254,0,11.5490,0.0140
5254,0,11.5780,0.0290
5254,0,11.6120,0.0340
5254,0,11.6270,0.0150
5254,0,11.6560,0.0290
5254,0,11.6710,0.0150
5254,0,11.7030,0.0320
5254,0,11.7240,0.0210
5254,0,11.7610,0.0370
5254,0,11.7810,0.0200
5254,0,11.7960,0.0150
5254,0,11.8120,0.0160
5254,0,11.8280,0.0160
5254,0,11.8600,0.0320
5254,0,11.8760,0.0160
5254,0,11.9070,0.0310
5254,0,11.9230,0.0160
5254,0,11.9530,0.0300
5254,0,11.9850,0.0320
5254,0,12.0150,0.0300
5254,0,12.0460,0.0310
5254,0,12.0780,0.0320
5254,0,12.1090,0.0310
5254,0,12.1400,0.0310
5254,0,12.1710,0.0310
5254,0,12.2030,0.0320
5254,0,12.2180,0.0150
5254,0,12.2500,0.0320
5254,0,12.2810,0.0310
5254,0,12.3120,0.0310
5254,0,12.3430,0.0310
5254,0,12.3750,0.0320
5254,0,12.3900,0.0150
5254,0,12.4210,0.0310
5254,0,12.4530,0.0320
5254,0,12.4860,0.0330
5254,0,12.5210,0.0350
5254,0,12.5520,0.0310
5254,0,12.5630,0.0110
30,0,12.5840,0.0210
30,0,12.5950,0.0110
30,0,12.6130,0.0180
22,0,12.6290,0.0160
23,0,12.6410,0.0120
61,0,12.7050,0.0640
22,0,12.7380,0.0330
23,0,12.7510,0.0130
40,0,12.7680,0.0170
80,0,12.7800,0.0120
369,0,12.7810,0.0010
49,0,12.7970,0.0160
80,3,12.8120,0.0150
80,3,12.8280,0.0160
22,0,12.8920,0.0640
4151,0,13.0350,0.1430
80,0,13.0550,0.0200
54,0,13.0640,0.0090
416,0,13.0930,0.0290
85,0,13.1090,0.0160
340,0,13.1250,0.0160
416,0,13.1560,0.0310
453,0,13.1880,0.0320
453,0,13.2150,0.0270
453,0,13.2180,0.0030
72,0,13.3140,0.0960
416,0,13.3290,0.0150
453,0,13.3590,0.0300
416,0,13.3770,0.0180
22,0,13.4070,0.0300
80,0,13.5930,0.1860
15,0,13.6090,0.0160
80,0,13.7030,0.0940
91,0,13.7360,0.0330
15,0,13.7690,0.0330
15,0,13.8440,0.0750
80,0,13.8580,0.0140
80,0,13.8600,0.0020
4275,0,13.8800,0.0200
15,0,13.8960,0.0160
80,0,13.9090,0.0130
42,0,13.9230,0.0140
96,0,13.9430,0.0200
15,0,13.9570,0.0140
61,0,14.0620,0.1050
80,0,14.0780,0.0160
18,0,14.1590,0.0810
201,0,14.1750,0.0160
18,0,14.1880,0.0130
23,0,14.2120,0.0240
15,0,14.2210,0.0090
33,0,14.2810,0.0600
23,0,14.3060,0.0250
33,0,14.3170,0.0110
23,0,14.3290,0.0120
25,0,14.3750,0.0460
140,0,14.4230,0.0480
23,0,14.4420,0.0190
85,0,14.4550,0.0130
61,0,14.4730,0.0180
85,0,14.4840,0.0110
35,0,14.5070,0.0230
51,0,14.5350,0.0280
17,0,14.5670,0.0320
42,0,14.5930,0.0260
340,0,14.6560,0.0630
85,0,14.6870,0.0310
17,0,14.7030,0.0160
15,0,14.7650,0.0620
24,0,14.7810,0.0160
15,0,14.7970,0.0160
4,0,14.8120,0.0150
25,0,18.9840,4.1720
22,0,18.9920,0.0080
61,0,19.0030,0.0110
61,0,19.0060,0.0030
25,0,19.0210,0.0150
28,0,19.0240,0.0030
51,0,19.0530,0.0290
323,0,19.0570,0.0040
15,0,19.0690,0.0120
51,0,19.0790,0.0100
51,0,19.0820,0.0030
51,0,19.0830,0.0010
18,0,19.0960,0.0130
25,0,19.0990,0.0030
25,0,19.1080,0.0090
85,0,19.1140,0.0060
51,0,19.1240,0.0100
51,0,19.1370,0.0130
15,0,19.1450,0.0080
85,0,19.1490,0.0040
15,0,19.1540,0.0050
