SysID,Thread ID,time,inetrval
14,0,0.2490,0.2490
80,0,0.5770,0.3280
80,0,0.5920,0.0150
80,0,0.6100,0.0180
15,0,0.6260,0.0160
18,0,0.6720,0.0460
18,0,0.7660,0.0940
23,0,0.7850,0.0190
37,0,0.9520,0.1670
55,0,0.9910,0.0390
61,0,1.0240,0.0330
51,0,1.0510,0.0270
74,0,1.0610,0.0100
49,0,1.1400,0.0790
80,0,1.1560,0.0160
80,0,1.1720,0.0160
347,0,1.2030,0.0310
80,0,1.3120,0.1090
80,0,1.4680,0.1560
76,0,1.5140,0.0460
416,0,1.5470,0.0330
453,0,1.5780,0.0310
453,0,1.6090,0.0310
453,0,1.6250,0.0160
18,0,1.7350,0.1100
23,0,1.7520,0.0170
453,0,1.7650,0.0130
453,0,1.7980,0.0330
24,0,1.8190,0.0210
24,0,1.8930,0.0740
80,0,1.9290,0.0360
80,0,1.9390,0.0100
453,0,1.9630,0.0240
18,0,1.9830,0.0200
51,0,2.1550,0.1720
15,0,2.1730,0.0180
51,0,2.1860,0.0130
51,0,2.2030,0.0170
24,0,2.2800,0.0770
85,0,2.2960,0.0160
17,0,2.3110,0.0150
54,0,2.3780,0.0670
356,0,2.4400,0.0620
453,0,2.5810,0.1410
15,0,2.5950,0.0140
38,0,2.6310,0.0360
33,0,2.6420,0.0110
15,0,2.6650,0.0230
85,0,2.6730,0.0080
33,0,2.7070,0.0340
15,0,2.7200,0.0130
76,0,2.7380,0.0180
293,0,2.7800,0.0420
24,0,2.9830,0.2030
15,0,3.0300,0.0470
15,0,3.0460,0.0160
37,0,3.1880,0.1420
354,0,3.2030,0.0150
417,0,3.2190,0.0160
417,0,3.2340,0.0150
80,0,3.2500,0.0160
55,0,3.2650,0.0150
49,0,3.2810,0.0160
49,0,3.3130,0.0320
369,0,3.3350,0.0220
15,0,3.3420,0.0070
67,2,3.3590,0.0170
40,0,3.3750,0.0160
49,0,3.3900,0.0150
80,0,3.4060,0.0160
80,0,3.4520,0.0460
24,0,3.5000,0.0480
466,2,3.5150,0.0150
18,0,3.5300,0.0150
24,0,3.5550,0.0250
112,0,3.5810,0.0260
40,0,3.5960,0.0150
28,2,3.6090,0.0130
14,2,3.6240,0.0150
80,0,3.6400,0.0160
369,0,3.6580,0.0180
80,2,3.6710,0.0130
40,0,3.7210,0.0500
49,0,3.7330,0.0120
24,3,3.7490,0.0160
469,3,3.7660,0.0170
15,0,3.7970,0.0310
55,0,3.8120,0.0150
80,3,3.8280,0.0160
49,0,3.8440,0.0160
15,0,3.8650,0.0210
49,0,3.8740,0.0090
49,0,3.8930,0.0190
49,0,3.9260,0.0330
80,2,3.9330,0.0070
80,2,3.9370,0.0040
49,0,3.9560,0.0190
369,0,3.9660,0.0100
80,4,3.9680,0.0020
80,3,3.9850,0.0170
469,3,3.9980,0.0130
18,0,3.9990,0.0010
51,0,4.0200,0.0210
24,0,4.0580,0.0380
369,0,4.0630,0.0050
55,0,4.0820,0.0190
51,2,4.0910,0.0090
4,0,4.0930,0.0020
4,0,4.1080,0.0150
356,3,4.1240,0.0160
356,3,4.1400,0.0160
18,3,4.1560,0.0160
23,3,4.1710,0.0150
24,2,4.2020,0.0310
61,3,4.2340,0.0320
80,4,4.2500,0.0160
369,3,4.2650,0.0150
51,0,4.3740,0.1090
76,0,4.3910,0.0170
51,0,4.4370,0.0460
76,0,4.4530,0.0160
76,0,4.4680,0.0150
76,0,4.4840,0.0160
416,0,4.5020,0.0180
24,0,4.5640,0.0620
73,0,4.7190,0.1550
24,0,4.7350,0.0160
18,0,4.8590,0.1240
23,0,4.8810,0.0220
23,0,4.8940,0.0130
24,0,4.9560,0.0620
24,0,4.9720,0.0160
35,0,4.9870,0.0150
416,0,5.0390,0.0520
416,0,5.0470,0.0080
453,0,5.0800,0.0330
192,0,5.1010,0.0210
72,0,5.1100,0.0090
51,0,5.1340,0.0240
7,0,5.1420,0.0080
453,0,5.2290,0.0870
24,0,5.3170,0.0880
453,0,5.3990,0.0820
453,0,5.4410,0.0420
453,0,5.4550,0.0140
35,0,5.5490,0.0940
35,0,5.5770,0.0280
35,0,5.6090,0.0320
35,0,5.6250,0.0160
24,0,5.6400,0.0150
73,0,5.6590,0.0190
35,0,5.7360,0.0770
24,0,5.7960,0.0600
416,0,5.8310,0.0350
35,0,5.9080,0.0770
35,0,5.9310,0.0230
35,0,5.9370,0.0060
416,0,6.3580,0.4210
54,0,6.3740,0.0160
140,0,6.4050,0.0310
25,0,6.4210,0.0160
453,0,6.4370,0.0160
18,0,6.4520,0.0150
18,0,6.4670,0.0150
18,0,6.4830,0.0160
18,0,6.4990,0.0160
23,0,6.5150,0.0160
37,0,6.5300,0.0150
80,0,6.5610,0.0310
247,0,6.6550,0.0940
247,0,6.6710,0.0160
33,0,6.7170,0.0460
18,0,6.7340,0.0170
19,0,6.7490,0.0150
19,0,6.8110,0.0620
18,0,6.8270,0.0160
18,0,6.8430,0.0160
15,0,6.8740,0.0310
24,0,6.9680,0.0940
35,0,7.1710,0.2030
37,0,7.1870,0.0160
4098,0,7.2020,0.0150
0,0,7.2490,0.0470
15,0,7.2650,0.0160
289,0,7.2800,0.0150
22,0,7.2960,0.0160
23,0,7.3270,0.0310
28,0,7.3500,0.0230
5,0,7.3600,0.0100
5349,0,7.3790,0.0190
416,0,7.3930,0.0140
416,0,7.4390,0.0460
25,0,7.4530,0.0140
4151,0,7.4850,0.0320
4151,0,7.5030,0.0180
453,0,7.5170,0.0140
51,0,7.6100,0.0930
33,0,7.6280,0.0180
18,0,7.6420,0.0140
17,0,7.6550,0.0130
140,0,7.7020,0.0470
105,0,7.7350,0.0330
4162,0,7.7660,0.0310
35,0,7.7810,0.0150
14,0,7.8210,0.0400
417,0,7.8270,0.0060
450,0,7.8490,0.0220
35,0,7.8600,0.0110
72,0,7.9840,0.1240
51,0,8.0480,0.0640
340,0,8.0650,0.0170
33,0,8.0950,0.0300
33,0,8.1120,0.0170
18,0,8.1280,0.0160
24,0,8.1420,0.0140
23,0,8.1610,0.0190
23,0,8.1730,0.0120
18,0,8.2050,0.0320
23,0,8.2520,0.0470
85,0,8.2990,0.0470
74,0,8.3150,0.0160
18,0,8.3330,0.0180
23,0,8.3440,0.0110
4,0,8.3930,0.0490
4,0,8.4560,0.0630
80,0,8.5030,0.0470
51,0,8.5190,0.0160
85,0,8.5340,0.0150
15,0,8.5480,0.0140
85,0,8.5650,0.0170
51,0,8.5970,0.0320
15,0,8.6110,0.0140
51,0,8.6440,0.0330
51,0,8.6580,0.0140
17,0,8.6750,0.0170
15,0,8.6890,0.0140
15,0,8.7050,0.0160
37,0,8.7360,0.0310
40,0,8.7510,0.0150
49,0,8.7650,0.0140
40,0,8.7830,0.0180
49,0,8.7950,0.0120
28,4,8.7960,0.0010
51,3,8.8120,0.0160
80,4,8.8120,0.0160
61,4,8.8280,0.0160
49,2,8.8430,0.0150
466,4,8.8590,0.0160
80,3,8.8740,0.0150
22,0,8.9700,0.0960
15,0,8.9930,0.0230
356,0,9.0680,0.0750
444,0,9.0820,0.0140
356,0,9.0990,0.0170
356,0,9.1450,0.0460
33,0,9.1720,0.0270
33,0,9.1900,0.0180
410,0,9.2070,0.0170
18,0,9.2220,0.0150
22,0,9.2360,0.0140
282,0,9.2540,0.0180
33,0,9.2690,0.0150
22,0,9.3320,0.0630
72,0,9.3500,0.0180
64,0,9.3630,0.0130
453,0,9.3820,0.0190
453,0,9.3920,0.0100
61,0,9.4410,0.0490
51,0,9.4550,0.0140
24,0,9.4700,0.0150
22,0,9.5060,0.0360
416,0,9.5180,0.0120
192,0,9.5650,0.0470
192,0,9.5840,0.0190
416,0,9.6270,0.0430
453,0,9.6600,0.0330
416,0,9.6910,0.0310
453,0,9.7500,0.0590
453,0,9.7710,0.0210
416,0,9.7770,0.0060
453,0,9.8080,0.0310
453,0,9.8110,0.0030
14,0,9.8120,0.0010
61,0,9.8280,0.0160
73,0,9.8430,0.0150
4,0,9.8590,0.0160
4,0,9.8900,0.0310
61,0,9.9520,0.0620
24,0,9.9830,0.0310
24,0,9.9990,0.0160
5254,0,10.2180,0.2190
8,0,10.2340,0.0160
5254,0,10.2650,0.0310
5254,0,10.2960,0.0310
39,0,10.3430,0.0470
51,0,10.3580,0.0150
30,0,10.3740,0.0160
30,0,10.3900,0.0160
22,0,10.4210,0.0310
15,0,10.4360,0.0150
24,0,10.4990,0.0630
22,0,10.5460,0.0470
23,0,10.5610,0.0150
49,0,10.5770,0.0160
80,2,10.5930,0.0160
369,0,10.6090,0.0160
15,0,10.6250,0.0160
22,0,10.7020,0.0770
4151,0,10.8470,0.1450
80,0,10.8630,0.0160
54,0,10.8780,0.0150
54,0,10.8920,0.0140
416,0,10.9090,0.0170
85,0,10.9230,0.0140
340,0,10.9470,0.0240
416,0,10.9860,0.0390
453,0,11.0330,0.0470
453,0,11.0500,0.0170
72,0,11.1410,0.0910
180,0,11.1570,0.0160
416,0,11.1740,0.0170
453,0,11.2030,0.0290
453,0,11.2190,0.0160
22,0,11.2510,0.0320
14,0,11.2670,0.0160
80,0,11.4090,0.1420
15,0,11.4260,0.0170
80,0,11.5140,0.0880
13,0,11.5350,0.0210
91,0,11.5460,0.0110
15,0,11.5790,0.0330
15,0,11.6580,0.0790
80,0,11.6710,0.0130
4275,0,11.6940,0.0230
15,0,11.7050,0.0110
80,0,11.7220,0.0170
14,0,11.7300,0.0080
96,0,11.7600,0.0300
15,0,11.7680,0.0080
61,0,11.8430,0.0750
61,0,11.8740,0.0310
18,0,11.9710,0.0970
18,0,11.9860,0.0150
297,0,12.0100,0.0240
33,0,12.0160,0.0060
453,0,12.0410,0.0250
33,0,12.1090,0.0680
15,0,12.1240,0.0150
18,0,12.1400,0.0160
25,0,12.1890,0.0490
140,0,12.2350,0.0460
33,0,12.2520,0.0170
85,0,12.2660,0.0140
61,0,12.2830,0.0170
85,0,12.2980,0.0150
35,0,12.3140,0.0160
51,0,12.3460,0.0320
17,0,12.3780,0.0320
6,0,12.3920,0.0140
6,0,12.4080,0.0160
42,0,12.4250,0.0170
340,0,12.4870,0.0620
85,0,12.5180,0.0310
15,0,12.5950,0.0770
28,0,12.6110,0.0160
15,0,12.6250,0.0140
4,0,12.6400,0.0150
61,0,12.6560,0.0160
4,0,12.6720,0.0160
15,0,12.6900,0.0180
51,0,12.7070,0.0170
51,0,12.7200,0.0130
4,0,12.7350,0.0150
4,0,12.7520,0.0170
15,0,12.7720,0.0200
39,0,12.7830,0.0110
215,0,12.7960,0.0130
44,0,12.8450,0.0490
15,0,12.9410,0.0960
15,0,12.9540,0.0130
13,0,12.9690,0.0150
15,0,13.0190,0.0500
13,0,13.0980,0.0790
15,0,13.1240,0.0260
15,0,13.1400,0.0160
15,0,13.1720,0.0320
13,0,13.2490,0.0770
4275,0,13.2650,0.0160
13,0,13.3120,0.0470
15,0,13.3580,0.0460
13,0,13.3740,0.0160
15,0,13.4520,0.0780
15,0,13.4680,0.0160
15,0,13.4990,0.0310
15,0,13.5460,0.0470
15,0,13.5630,0.0170
