SysID,Thread ID,time,inetrval
14,0,0.2200,0.2200
80,0,0.5470,0.3270
80,0,0.5620,0.0150
80,0,0.5780,0.0160
18,0,0.5970,0.0190
18,0,0.6450,0.0480
18,0,0.7340,0.0890
23,0,0.7550,0.0210
37,0,0.9370,0.1820
55,0,0.9690,0.0320
61,0,1.0000,0.0310
51,0,1.0150,0.0150
40,0,1.0310,0.0160
49,0,1.0940,0.0630
80,0,1.1140,0.0200
347,0,1.1430,0.0290
80,0,1.2340,0.0910
80,0,1.3930,0.1590
15,0,1.4090,0.0160
76,0,1.4370,0.0280
416,0,1.4700,0.0330
453,0,1.5010,0.0310
453,0,1.5470,0.0460
453,0,1.5630,0.0160
18,0,1.6760,0.1130
23,0,1.6860,0.0100
15,0,1.6870,0.0010
453,0,1.7200,0.0330
24,0,1.7470,0.0270
24,0,1.8300,0.0830
80,0,1.8630,0.0330
453,0,1.8750,0.0120
453,0,1.8910,0.0160
18,0,1.9210,0.0300
51,0,2.0660,0.1450
15,0,2.0780,0.0120
51,0,2.1130,0.0350
24,0,2.2350,0.1220
85,0,2.2660,0.0310
17,0,2.2820,0.0160
54,0,2.3440,0.0620
340,0,2.3590,0.0150
356,0,2.4230,0.0640
453,0,2.5320,0.1090
15,0,2.5470,0.0150
38,0,2.5780,0.0310
15,0,2.6090,0.0310
85,0,2.6250,0.0160
33,0,2.6450,0.0200
15,0,2.6570,0.0120
15,0,2.6770,0.0200
85,0,2.6830,0.0060
453,0,2.6890,0.0060
293,0,2.7350,0.0460
24,0,2.9250,0.1900
15,0,2.9840,0.0590
37,0,3.0930,0.1090
354,0,3.1090,0.0160
173,0,3.1250,0.0160
196,0,3.1400,0.0150
417,0,3.1570,0.0170
80,0,3.1730,0.0160
49,0,3.1880,0.0150
49,0,3.2090,0.0210
80,0,3.2220,0.0130
369,0,3.2370,0.0150
67,2,3.2500,0.0130
15,0,3.2660,0.0160
469,2,3.3280,0.0620
40,0,3.3450,0.0170
80,0,3.3750,0.0300
80,0,3.3930,0.0180
466,2,3.4370,0.0440
24,0,3.4550,0.0180
18,0,3.4710,0.0160
24,0,3.4860,0.0150
112,0,3.5180,0.0320
40,0,3.5310,0.0130
49,0,3.5480,0.0170
80,0,3.5620,0.0140
80,0,3.5790,0.0170
24,0,3.5980,0.0190
112,0,3.6090,0.0110
40,0,3.6410,0.0320
24,2,3.6560,0.0150
369,0,3.6710,0.0150
1,4,3.6870,0.0160
15,0,3.7030,0.0160
80,0,3.7190,0.0160
15,0,3.7380,0.0190
49,0,3.7500,0.0120
49,0,3.7670,0.0170
49,0,3.7820,0.0150
369,0,3.7980,0.0160
49,0,3.8120,0.0140
369,0,3.8300,0.0180
469,2,3.8450,0.0150
80,4,3.8600,0.0150
18,0,3.8770,0.0170
51,0,3.8950,0.0180
24,0,3.9270,0.0320
369,0,3.9410,0.0140
4,0,3.9530,0.0120
49,4,3.9700,0.0170
80,4,3.9840,0.0140
80,4,4.0030,0.0190
356,3,4.0150,0.0120
18,3,4.0470,0.0320
23,3,4.0640,0.0170
469,4,4.0780,0.0140
80,2,4.0940,0.0160
28,2,4.1400,0.0460
49,3,4.1580,0.0180
51,0,4.2060,0.0480
76,0,4.2200,0.0140
76,0,4.2320,0.0120
76,0,4.2340,0.0020
51,0,4.2700,0.0360
76,0,4.2830,0.0130
76,0,4.3010,0.0180
76,0,4.3160,0.0150
416,0,4.3310,0.0150
24,0,4.3790,0.0480
73,0,4.6250,0.2460
18,0,4.8010,0.1760
23,0,4.8310,0.0300
24,0,4.8940,0.0630
24,0,4.9100,0.0160
35,0,4.9250,0.0150
416,0,4.9840,0.0590
416,0,5.0040,0.0200
453,0,5.0200,0.0160
453,0,5.0380,0.0180
453,0,5.0490,0.0110
72,0,5.0660,0.0170
51,0,5.0960,0.0300
35,0,5.1110,0.0150
453,0,5.1890,0.0780
24,0,5.2820,0.0930
453,0,5.3620,0.0800
453,0,5.4090,0.0470
453,0,5.4220,0.0130
416,0,5.4370,0.0150
35,0,5.5320,0.0950
35,0,5.5630,0.0310
35,0,5.5800,0.0170
35,0,5.5950,0.0150
24,0,5.6260,0.0310
73,0,5.6420,0.0160
73,0,5.6520,0.0100
35,0,5.7190,0.0670
24,0,5.7840,0.0650
416,0,5.8170,0.0330
35,0,5.8930,0.0760
35,0,5.9080,0.0150
35,0,5.9240,0.0160
24,0,6.2970,0.3730
416,0,6.3630,0.0660
80,0,6.3830,0.0200
140,0,6.4060,0.0230
25,0,6.4260,0.0200
453,0,6.4390,0.0130
18,0,6.4550,0.0160
18,0,6.4870,0.0320
18,0,6.5010,0.0140
4834,0,6.5200,0.0190
80,0,6.5640,0.0440
247,0,6.6750,0.1110
33,0,6.7210,0.0460
18,0,6.7360,0.0150
18,0,6.7530,0.0170
19,0,6.8150,0.0620
18,0,6.8310,0.0160
18,0,6.8460,0.0150
23,0,6.8600,0.0140
15,0,6.8780,0.0180
15,0,6.8920,0.0140
24,0,6.9220,0.0300
35,0,7.1880,0.2660
37,0,7.2100,0.0220
4098,0,7.2240,0.0140
0,0,7.2680,0.0440
15,0,7.2810,0.0130
289,0,7.3000,0.0190
22,0,7.3140,0.0140
23,0,7.3440,0.0300
28,0,7.3650,0.0210
15,0,7.3780,0.0130
5349,0,7.4070,0.0290
416,0,7.4570,0.0500
35,0,7.4730,0.0160
4151,0,7.5050,0.0320
4151,0,7.5170,0.0120
51,0,7.6100,0.0930
33,0,7.6290,0.0190
18,0,7.6430,0.0140
73,0,7.6600,0.0170
140,0,7.6910,0.0310
15,0,7.7050,0.0140
105,0,7.7380,0.0330
4162,0,7.7540,0.0160
35,0,7.7810,0.0270
14,0,7.8040,0.0230
417,0,7.8310,0.0270
35,0,7.8480,0.0170
35,0,7.8620,0.0140
72,0,7.9560,0.0940
51,0,8.0190,0.0630
340,0,8.0480,0.0290
33,0,8.0810,0.0330
18,0,8.0970,0.0160
24,0,8.1110,0.0140
23,0,8.1280,0.0170
18,0,8.1420,0.0140
18,0,8.1750,0.0330
23,0,8.2060,0.0310
85,0,8.2530,0.0470
74,0,8.2690,0.0160
40,0,8.2850,0.0160
18,0,8.3010,0.0160
4,0,8.3640,0.0630
4,0,8.4260,0.0620
80,0,8.4720,0.0460
51,0,8.4880,0.0160
85,0,8.5040,0.0160
85,0,8.5170,0.0130
61,0,8.5350,0.0180
51,0,8.5670,0.0320
51,0,8.5940,0.0270
51,0,8.6270,0.0330
15,0,8.6450,0.0180
15,0,8.6590,0.0140
37,0,8.6760,0.0170
61,0,8.6910,0.0150
40,0,8.7030,0.0120
369,0,8.7240,0.0210
40,0,8.7310,0.0070
80,2,8.7340,0.0030
74,3,8.7500,0.0160
55,3,8.7660,0.0160
15,2,8.7810,0.0150
22,0,8.8920,0.1110
24,0,8.9560,0.0640
356,0,8.9740,0.0180
444,0,9.0030,0.0290
356,0,9.0500,0.0470
33,0,9.0810,0.0310
22,0,9.0990,0.0180
22,0,9.1120,0.0130
22,0,9.1290,0.0170
22,0,9.1430,0.0140
36,0,9.1600,0.0170
22,0,9.2220,0.0620
453,0,9.2370,0.0150
72,0,9.2530,0.0160
453,0,9.2690,0.0160
453,0,9.2850,0.0160
61,0,9.3320,0.0470
74,0,9.3470,0.0150
22,0,9.3930,0.0460
192,0,9.4260,0.0330
23,0,9.4410,0.0150
416,0,9.4570,0.0160
416,0,9.4880,0.0310
453,0,9.5190,0.0310
416,0,9.5340,0.0150
453,0,9.5960,0.0620
416,0,9.6140,0.0180
453,0,9.6450,0.0310
61,0,9.6580,0.0130
51,0,9.6760,0.0180
4,0,9.6900,0.0140
4,0,9.7210,0.0310
61,0,9.7830,0.0620
24,0,9.8000,0.0170
24,0,9.8170,0.0170
24,0,9.8310,0.0140
5254,0,10.0340,0.2030
5254,0,10.0680,0.0340
5254,0,10.1270,0.0590
5254,0,10.1560,0.0290
5254,0,10.1790,0.0230
5254,0,10.1930,0.0140
5254,0,10.2260,0.0330
5254,0,10.2580,0.0320
5254,0,10.2890,0.0310
5254,0,10.3200,0.0310
5254,0,10.3530,0.0330
5254,0,10.3610,0.0080
5254,0,10.3950,0.0340
5254,0,10.4230,0.0280
5254,0,10.4530,0.0300
39,0,10.5030,0.0500
61,0,10.5170,0.0140
5254,0,10.5340,0.0170
5254,0,10.5620,0.0280
5254,0,10.5840,0.0220
5254,0,10.6110,0.0270
5254,0,10.6260,0.0150
5254,0,10.6440,0.0180
5254,0,10.6740,0.0300
5254,0,10.6910,0.0170
5254,0,10.7210,0.0300
5254,0,10.7390,0.0180
5254,0,10.7510,0.0120
5254,0,10.7850,0.0340
5254,0,10.8000,0.0150
5254,0,10.8280,0.0280
5254,0,10.8580,0.0300
5254,0,10.8740,0.0160
5254,0,10.9060,0.0320
5254,0,10.9370,0.0310
5254,0,10.9530,0.0160
5254,0,10.9840,0.0310
5254,0,11.0160,0.0320
5254,0,11.0310,0.0150
5254,0,11.0640,0.0330
5254,0,11.0960,0.0320
5254,0,11.1290,0.0330
5254,0,11.1580,0.0290
5254,0,11.1900,0.0320
5254,0,11.2070,0.0170
5254,0,11.2360,0.0290
5254,0,11.2510,0.0150
5254,0,11.2710,0.0200
5254,0,11.2820,0.0110
5254,0,11.3030,0.0210
30,0,11.3130,0.0100
30,0,11.3320,0.0190
24,0,11.3460,0.0140
22,0,11.3610,0.0150
15,0,11.3790,0.0180
61,0,11.4230,0.0440
22,0,11.4720,0.0490
23,0,11.4860,0.0140
40,0,11.5000,0.0140
49,0,11.5170,0.0170
369,0,11.5340,0.0170
49,0,11.5470,0.0130
15,0,11.5620,0.0150
22,0,11.6260,0.0640
453,0,11.6460,0.0200
4151,0,11.7700,0.1240
80,0,11.7840,0.0140
54,0,11.7990,0.0150
416,0,11.8160,0.0170
85,0,11.8440,0.0280
416,0,11.8930,0.0490
453,0,11.9250,0.0320
453,0,11.9420,0.0170
72,0,12.0310,0.0890
72,0,12.0580,0.0270
340,0,12.0600,0.0020
54,0,12.0630,0.0030
453,0,12.0940,0.0310
22,0,12.1250,0.0310
14,0,12.1560,0.0310
80,0,12.2870,0.1310
15,0,12.3000,0.0130
80,0,12.3930,0.0930
13,0,12.4100,0.0170
91,0,12.4240,0.0140
14,0,12.4400,0.0160
15,0,12.4570,0.0170
15,0,12.4720,0.0150
15,0,12.5360,0.0640
80,0,12.5440,0.0080
80,0,12.5470,0.0030
4275,0,12.5700,0.0230
15,0,12.5800,0.0100
80,0,12.5960,0.0160
96,0,12.6330,0.0370
15,0,12.6410,0.0080
61,0,12.7370,0.0960
61,0,12.7530,0.0160
18,0,12.8480,0.0950
18,0,12.8610,0.0130
297,0,12.8770,0.0160
18,0,12.8940,0.0170
453,0,12.9080,0.0140
33,0,12.9720,0.0640
33,0,12.9880,0.0160
76,0,13.0040,0.0160
25,0,13.0470,0.0430
140,0,13.0780,0.0310
33,0,13.0930,0.0150
85,0,13.1090,0.0160
61,0,13.1240,0.0150
85,0,13.1400,0.0160
35,0,13.1710,0.0310
51,0,13.1870,0.0160
17,0,13.2180,0.0310
39,0,13.2360,0.0180
17,0,13.2560,0.0200
42,0,13.2660,0.0100
33,0,13.2860,0.0200
340,0,13.3480,0.0620
85,0,13.3770,0.0290
15,0,13.4550,0.0780
82,0,13.4720,0.0170
15,0,13.4840,0.0120
4,0,13.5000,0.0160
15,0,13.5160,0.0160
25,0,13.5330,0.0170
51,0,13.5470,0.0140
323,0,13.5630,0.0160
15,0,13.5790,0.0160
33,0,13.5970,0.0180
15,0,13.6130,0.0160
17,0,13.6310,0.0180
15,0,13.6390,0.0080
15,0,13.6410,0.0020
