SysID,Thread ID,time,inetrval
14,0,0.2350,0.2350
80,0,0.5470,0.3120
80,0,0.5630,0.0160
18,0,0.5780,0.0150
18,0,0.6280,0.0500
18,0,0.7190,0.0910
37,0,0.9060,0.1870
55,0,0.9530,0.0470
61,0,0.9850,0.0320
51,0,1.0070,0.0220
40,0,1.0170,0.0100
49,0,1.0790,0.0620
80,0,1.1090,0.0300
347,0,1.1250,0.0160
80,0,1.2210,0.0960
80,0,1.3750,0.1540
15,0,1.3920,0.0170
76,0,1.4220,0.0300
416,0,1.4530,0.0310
453,0,1.4850,0.0320
453,0,1.5160,0.0310
453,0,1.5320,0.0160
18,0,1.6570,0.1250
23,0,1.6720,0.0150
453,0,1.6890,0.0170
453,0,1.7190,0.0300
24,0,1.7500,0.0310
80,0,1.8440,0.0940
453,0,1.8600,0.0160
453,0,1.8760,0.0160
18,0,1.8990,0.0230
24,0,1.9090,0.0100
51,0,2.0390,0.1300
15,0,2.0520,0.0130
51,0,2.0780,0.0260
24,0,2.1880,0.1100
85,0,2.2040,0.0160
17,0,2.2200,0.0160
54,0,2.2810,0.0610
340,0,2.2970,0.0160
356,0,2.3770,0.0800
453,0,2.4990,0.1220
15,0,2.5000,0.0010
38,0,2.5330,0.0330
15,0,2.5630,0.0300
85,0,2.5780,0.0150
33,0,2.5940,0.0160
18,0,2.6100,0.0160
76,0,2.6410,0.0310
293,0,2.6870,0.0460
15,0,2.9590,0.2720
37,0,3.0660,0.1070
173,0,3.0820,0.0160
196,0,3.0980,0.0160
417,0,3.1110,0.0130
80,0,3.1270,0.0160
40,0,3.1440,0.0170
49,0,3.1560,0.0120
49,0,3.1880,0.0320
80,0,3.2040,0.0160
55,0,3.2190,0.0150
49,0,3.2350,0.0160
55,0,3.2500,0.0150
49,0,3.2670,0.0170
24,0,3.2830,0.0160
18,0,3.3020,0.0190
24,0,3.3140,0.0120
55,0,3.3280,0.0140
49,0,3.3630,0.0350
40,0,3.4240,0.0610
49,0,3.4380,0.0140
369,0,3.4710,0.0330
15,0,3.4870,0.0160
67,2,3.5000,0.0130
469,2,3.5160,0.0160
369,2,3.5630,0.0470
1,3,3.5780,0.0150
80,3,3.5930,0.0150
469,2,3.6090,0.0160
80,2,3.6250,0.0160
80,0,3.6420,0.0170
49,0,3.6720,0.0300
55,0,3.6900,0.0180
55,0,3.7030,0.0130
369,0,3.7220,0.0190
49,0,3.7320,0.0100
80,3,3.7350,0.0030
55,0,3.7500,0.0150
369,0,3.7660,0.0160
356,4,3.7970,0.0310
466,3,3.8130,0.0160
112,0,3.8280,0.0150
18,4,3.8590,0.0310
112,4,3.9120,0.0530
61,2,3.9220,0.0100
51,2,3.9380,0.0160
51,4,3.9540,0.0160
74,2,3.9540,0.0160
80,3,3.9690,0.0150
51,0,4.0210,0.0520
76,0,4.0310,0.0100
51,0,4.0580,0.0270
76,0,4.0610,0.0030
51,0,4.0620,0.0010
76,0,4.0900,0.0280
15,0,4.0930,0.0030
76,0,4.1220,0.0290
416,0,4.1260,0.0040
35,0,4.2200,0.0940
35,0,4.2420,0.0220
35,0,4.2740,0.0320
35,0,4.2860,0.0120
35,0,4.3120,0.0260
35,0,4.3330,0.0210
35,0,4.3400,0.0070
24,0,4.3920,0.0520
73,0,4.4220,0.0300
35,0,4.5020,0.0800
18,0,4.5180,0.0160
23,0,4.5330,0.0150
23,0,4.5540,0.0210
416,0,4.6910,0.1370
35,0,4.7850,0.0940
35,0,4.7970,0.0120
24,0,4.8910,0.0940
24,0,5.1570,0.2660
416,0,5.2390,0.0820
416,0,5.3010,0.0620
35,0,5.3200,0.0190
54,0,5.3320,0.0120
140,0,5.3610,0.0290
25,0,5.3780,0.0170
453,0,5.3970,0.0190
18,0,5.4110,0.0140
18,0,5.4270,0.0160
18,0,5.4410,0.0140
18,0,5.4610,0.0200
18,0,5.4720,0.0110
37,0,5.4890,0.0170
80,0,5.5200,0.0310
247,0,5.6430,0.1230
33,0,5.7040,0.0610
18,0,5.7220,0.0180
18,0,5.7410,0.0190
19,0,5.8130,0.0720
18,0,5.8280,0.0150
18,0,5.8440,0.0160
15,0,5.8760,0.0320
18,0,5.8900,0.0140
24,0,5.9530,0.0630
51,0,6.2190,0.2660
51,0,6.2340,0.0150
51,0,6.2500,0.0160
61,0,6.2660,0.0160
35,0,6.3120,0.0460
4101,0,6.3280,0.0160
4224,0,6.3440,0.0160
66,0,6.3600,0.0160
0,0,6.4060,0.0460
15,0,6.4220,0.0160
289,0,6.4370,0.0150
22,0,6.4530,0.0160
289,0,6.4690,0.0160
23,0,6.4840,0.0150
28,0,6.5150,0.0310
5349,0,6.5470,0.0320
24,0,6.5780,0.0310
73,0,6.6880,0.1100
24,0,6.8130,0.1250
24,0,6.8280,0.0150
35,0,6.8440,0.0160
416,0,6.8910,0.0470
416,0,6.9060,0.0150
35,0,6.9380,0.0320
22,0,7.0160,0.0780
22,0,7.0380,0.0220
35,0,7.0940,0.0560
35,0,7.1250,0.0310
444,0,7.1560,0.0310
35,0,7.1720,0.0160
35,0,7.2030,0.0310
33,0,7.2500,0.0470
22,0,7.2810,0.0310
22,0,7.2970,0.0160
22,0,7.3130,0.0160
72,0,7.3280,0.0150
282,0,7.3440,0.0160
33,0,7.3590,0.0150
35,0,7.4060,0.0470
22,0,7.4220,0.0160
453,0,7.4380,0.0160
72,0,7.4530,0.0150
453,0,7.4780,0.0250
453,0,7.4860,0.0080
416,0,7.5030,0.0170
35,0,7.5330,0.0300
22,0,7.5810,0.0480
4151,0,7.7190,0.1380
80,0,7.7340,0.0150
54,0,7.7500,0.0160
416,0,7.7810,0.0310
35,0,7.8130,0.0320
80,0,7.8280,0.0150
22,0,7.8590,0.0310
416,0,7.8900,0.0310
416,0,7.8910,0.0010
453,0,7.9530,0.0620
453,0,7.9740,0.0210
24,0,8.1720,0.1980
14,0,8.1980,0.0260
417,0,8.2060,0.0080
67,0,8.2270,0.0210
360,0,8.2680,0.0410
