SysID,Thread ID,time,inetrval
14,0,0.2790,0.2790
80,0,0.8540,0.5750
80,0,0.9040,0.0500
18,0,0.9220,0.0180
18,0,1.0100,0.0880
18,0,1.1900,0.1800
23,0,1.2120,0.0220
37,0,1.5250,0.3130
55,0,1.5570,0.0320
61,0,1.6040,0.0470
51,0,1.6350,0.0310
49,0,1.7150,0.0800
80,0,1.7440,0.0290
347,0,1.7900,0.0460
80,0,1.9460,0.1560
80,0,2.1970,0.2510
15,0,2.2350,0.0380
76,0,2.2590,0.0240
416,0,2.3480,0.0890
453,0,2.4020,0.0540
453,0,2.4470,0.0450
453,0,2.4790,0.0320
18,0,2.6850,0.2060
23,0,2.6970,0.0120
15,0,2.7120,0.0150
453,0,2.7320,0.0200
453,0,2.7940,0.0620
24,0,2.8090,0.0150
24,0,2.9800,0.1710
80,0,3.0720,0.0920
80,0,3.1050,0.0330
453,0,3.1180,0.0130
18,0,3.1660,0.0480
23,0,3.1850,0.0190
51,0,3.3550,0.1700
15,0,3.3690,0.0140
51,0,3.4010,0.0320
51,0,3.4490,0.0480
24,0,3.5740,0.1250
85,0,3.5890,0.0150
17,0,3.6060,0.0170
54,0,3.6830,0.0770
340,0,3.7280,0.0450
356,0,3.8530,0.1250
453,0,3.9930,0.1400
15,0,4.0090,0.0160
38,0,4.0250,0.0160
297,0,4.0400,0.0150
15,0,4.0720,0.0320
85,0,4.0870,0.0150
33,0,4.1180,0.0310
15,0,4.1340,0.0160
85,0,4.1500,0.0160
15,0,4.1650,0.0150
293,0,4.2120,0.0470
24,0,4.5450,0.3330
15,0,4.6370,0.0920
37,0,4.7610,0.1240
354,0,4.7740,0.0130
205,0,4.7920,0.0180
196,0,4.8080,0.0160
417,0,4.8210,0.0130
55,0,4.8400,0.0190
369,0,4.8680,0.0280
67,2,4.8850,0.0170
40,0,4.9010,0.0160
1,2,4.9150,0.0140
49,0,4.9310,0.0160
80,0,4.9470,0.0160
80,0,4.9780,0.0310
80,0,5.0090,0.0310
40,0,5.0250,0.0160
49,0,5.0680,0.0430
356,2,5.0720,0.0040
80,0,5.1030,0.0310
15,0,5.1190,0.0160
1,3,5.1650,0.0460
18,2,5.1970,0.0320
80,3,5.2280,0.0310
49,0,5.2460,0.0180
466,2,5.2590,0.0130
80,0,5.2760,0.0170
18,3,5.3090,0.0330
112,3,5.3600,0.0510
112,2,5.3850,0.0250
28,3,5.4160,0.0310
55,0,5.4620,0.0460
466,2,5.5250,0.0630
112,0,5.5940,0.0690
469,3,5.5990,0.0050
24,2,5.6340,0.0350
466,0,5.6630,0.0290
112,2,5.6650,0.0020
40,0,5.6990,0.0340
61,2,5.7120,0.0130
24,0,5.7280,0.0160
55,0,5.7590,0.0310
469,3,5.7850,0.0260
49,0,5.7980,0.0130
369,0,5.8220,0.0240
469,4,6.2660,0.4440
15,0,6.2900,0.0240
94,0,6.3380,0.0480
44,0,6.4190,0.0810
