SysID,Thread ID,time,inetrval
14,0,0.2340,0.2340
80,0,0.6070,0.3730
80,0,0.6100,0.0030
80,0,0.6280,0.0180
33,0,0.6440,0.0160
18,0,0.6880,0.0440
18,0,0.8130,0.1250
37,0,1.0160,0.2030
55,0,1.0480,0.0320
61,0,1.0790,0.0310
51,0,1.1110,0.0320
40,0,1.1250,0.0140
49,0,1.1880,0.0630
80,0,1.2180,0.0300
347,0,1.2500,0.0320
347,0,1.2660,0.0160
80,0,1.3860,0.1200
80,0,1.5310,0.1450
76,0,1.5780,0.0470
416,0,1.6470,0.0690
453,0,1.6720,0.0250
453,0,1.7070,0.0350
453,0,1.7210,0.0140
18,0,1.8440,0.1230
23,0,1.8600,0.0160
453,0,1.8760,0.0160
453,0,1.9070,0.0310
24,0,1.9220,0.0150
24,0,2.0000,0.0780
80,0,2.0320,0.0320
80,0,2.0490,0.0170
453,0,2.0650,0.0160
18,0,2.0960,0.0310
51,0,2.2500,0.1540
348,0,2.2750,0.0250
348,0,2.2810,0.0060
51,0,2.3280,0.0470
24,0,2.4220,0.0940
85,0,2.4390,0.0170
74,0,2.4580,0.0190
54,0,2.5170,0.0590
340,0,2.5730,0.0560
356,0,2.6400,0.0670
453,0,2.7810,0.1410
15,0,2.7820,0.0010
38,0,2.8400,0.0580
297,0,2.8460,0.0060
15,0,2.8620,0.0160
85,0,2.8930,0.0310
33,0,2.9080,0.0150
15,0,2.9220,0.0140
76,0,2.9400,0.0180
453,0,2.9540,0.0140
293,0,3.0010,0.0470
24,0,3.2030,0.2020
15,0,3.2700,0.0670
15,0,3.2770,0.0070
42,0,3.2810,0.0040
37,0,3.4220,0.1410
354,0,3.4420,0.0200
173,0,3.4530,0.0110
144,0,3.4700,0.0170
417,0,3.4850,0.0150
80,0,3.5000,0.0150
49,0,3.5170,0.0170
80,0,3.5310,0.0140
49,0,3.5490,0.0180
369,0,3.5640,0.0150
67,2,3.5780,0.0140
55,0,3.6090,0.0310
80,0,3.6250,0.0160
80,0,3.6410,0.0160
49,0,3.6600,0.0190
18,0,3.7200,0.0600
80,2,3.7660,0.0460
369,0,3.7810,0.0150
55,0,3.7980,0.0170
1,3,3.8300,0.0320
24,0,3.8420,0.0120
469,3,3.9530,0.1110
40,0,3.9690,0.0160
24,2,3.9830,0.0140
466,0,3.9850,0.0020
80,2,4.0320,0.0470
14,2,4.0480,0.0160
80,3,4.0640,0.0160
466,0,4.0940,0.0300
49,0,4.1100,0.0160
14,2,4.1260,0.0160
49,0,4.1410,0.0150
49,0,4.1600,0.0190
55,0,4.1740,0.0140
49,0,4.1890,0.0150
80,2,4.2030,0.0140
49,0,4.2190,0.0160
369,0,4.2340,0.0150
80,3,4.2500,0.0160
18,0,4.2660,0.0160
469,4,4.2810,0.0150
51,0,4.3000,0.0190
24,0,4.3440,0.0440
61,4,4.3590,0.0150
49,4,4.3910,0.0320
80,4,4.4100,0.0190
80,4,4.4250,0.0150
356,2,4.4380,0.0130
18,2,4.4540,0.0160
15,4,4.4700,0.0160
469,3,4.4870,0.0170
61,2,4.5310,0.0440
61,2,4.5770,0.0460
51,2,4.6330,0.0560
15,2,4.6430,0.0100
80,4,4.6560,0.0130
51,0,4.7030,0.0470
348,0,4.7230,0.0200
51,0,4.7690,0.0460
76,0,4.8050,0.0360
51,0,4.8120,0.0070
348,0,4.8280,0.0160
76,0,4.8610,0.0330
416,0,4.8750,0.0140
24,0,4.9220,0.0470
24,0,4.9370,0.0150
73,0,5.0620,0.1250
73,0,5.0780,0.0160
18,0,5.2030,0.1250
23,0,5.2210,0.0180
23,0,5.2360,0.0150
24,0,5.2840,0.0480
24,0,5.2970,0.0130
35,0,5.3300,0.0330
416,0,5.3760,0.0460
416,0,5.4070,0.0310
453,0,5.4230,0.0160
453,0,5.4390,0.0160
72,0,5.4540,0.0150
51,0,5.4690,0.0150
7,0,5.4860,0.0170
453,0,5.5790,0.0930
24,0,5.6720,0.0930
24,0,5.7030,0.0310
453,0,5.7660,0.0630
453,0,5.8120,0.0460
453,0,5.8280,0.0160
35,0,5.9220,0.0940
35,0,5.9550,0.0330
35,0,5.9680,0.0130
35,0,5.9870,0.0190
35,0,6.0010,0.0140
73,0,6.0470,0.0460
35,0,6.1110,0.0640
24,0,6.1590,0.0480
24,0,6.1730,0.0140
416,0,6.2040,0.0310
35,0,6.2980,0.0940
35,0,6.3130,0.0150
35,0,6.3290,0.0160
24,0,6.7040,0.3750
416,0,6.7340,0.0300
80,0,6.7510,0.0170
140,0,6.7660,0.0150
25,0,6.7990,0.0330
453,0,6.8130,0.0140
18,0,6.8290,0.0160
18,0,6.8600,0.0310
18,0,6.8770,0.0170
37,0,6.8930,0.0160
80,0,6.9220,0.0290
247,0,7.0340,0.1120
33,0,7.0790,0.0450
18,0,7.0960,0.0170
19,0,7.1120,0.0160
19,0,7.1740,0.0620
18,0,7.1890,0.0150
18,0,7.2060,0.0170
23,0,7.2190,0.0130
15,0,7.2350,0.0160
18,0,7.2520,0.0170
24,0,7.3150,0.0630
35,0,7.5320,0.2170
35,0,7.5490,0.0170
37,0,7.5640,0.0150
297,0,7.5790,0.0150
0,0,7.6260,0.0470
289,0,7.6600,0.0340
22,0,7.6720,0.0120
23,0,7.7060,0.0340
28,0,7.7190,0.0130
5,0,7.7380,0.0190
5349,0,7.7510,0.0130
416,0,7.7660,0.0150
416,0,7.8130,0.0470
35,0,7.8310,0.0180
4151,0,7.8620,0.0310
4151,0,7.8790,0.0170
51,0,7.9710,0.0920
74,0,7.9860,0.0150
33,0,8.0010,0.0150
18,0,8.0160,0.0150
73,0,8.0380,0.0220
140,0,8.0650,0.0270
24,0,8.0820,0.0170
105,0,8.1120,0.0300
4162,0,8.1290,0.0170
35,0,8.1460,0.0170
25,0,8.1560,0.0100
14,0,8.1780,0.0220
417,0,8.1900,0.0120
14,0,8.2060,0.0160
35,0,8.2230,0.0170
72,0,8.3300,0.1070
14,0,8.3480,0.0180
51,0,8.4080,0.0600
340,0,8.4270,0.0190
33,0,8.4560,0.0290
33,0,8.4730,0.0170
72,0,8.4880,0.0150
341,0,8.5030,0.0150
23,0,8.5190,0.0160
18,0,8.5340,0.0150
18,0,8.5640,0.0300
23,0,8.5980,0.0340
85,0,8.6430,0.0450
74,0,8.6580,0.0150
40,0,8.6730,0.0150
23,0,8.6910,0.0180
4,0,8.7540,0.0630
4,0,8.8120,0.0580
80,0,8.8630,0.0510
51,0,8.8780,0.0150
85,0,8.8930,0.0150
85,0,8.9080,0.0150
51,0,8.9550,0.0470
51,0,8.9880,0.0330
51,0,9.0190,0.0310
15,0,9.0350,0.0160
37,0,9.0680,0.0330
55,0,9.0790,0.0110
40,0,9.0960,0.0170
49,0,9.1100,0.0140
40,0,9.1280,0.0180
369,0,9.1410,0.0130
80,4,9.1560,0.0150
466,3,9.1720,0.0160
22,0,9.2660,0.0940
23,0,9.2850,0.0190
356,0,9.3470,0.0620
444,0,9.3780,0.0310
356,0,9.3930,0.0150
356,0,9.4250,0.0320
33,0,9.4720,0.0470
22,0,9.4880,0.0160
22,0,9.5030,0.0150
22,0,9.5190,0.0160
72,0,9.5350,0.0160
36,0,9.5490,0.0140
22,0,9.6120,0.0630
453,0,9.6270,0.0150
72,0,9.6430,0.0160
64,0,9.6570,0.0140
453,0,9.6760,0.0190
61,0,9.7370,0.0610
42,0,9.7520,0.0150
22,0,9.7860,0.0340
416,0,9.8000,0.0140
192,0,9.8320,0.0320
22,0,9.8460,0.0140
192,0,9.8600,0.0140
416,0,9.8930,0.0330
453,0,9.9380,0.0450
416,0,9.9550,0.0170
453,0,10.0170,0.0620
416,0,10.0370,0.0200
453,0,10.0620,0.0250
61,0,10.0830,0.0210
51,0,10.0950,0.0120
24,0,10.1140,0.0190
4,0,10.1560,0.0420
61,0,10.2210,0.0650
24,0,10.2510,0.0300
24,0,10.2680,0.0170
5254,0,10.4730,0.2050
8,0,10.4860,0.0130
5254,0,10.5170,0.0310
5254,0,10.5330,0.0160
5254,0,10.5980,0.0650
5254,0,10.6100,0.0120
5254,0,10.6280,0.0180
5254,0,10.6580,0.0300
39,0,10.6910,0.0330
39,0,10.7050,0.0140
5254,0,10.7360,0.0310
5254,0,10.7680,0.0320
5254,0,10.7920,0.0240
5254,0,10.8120,0.0200
5254,0,10.8440,0.0320
5254,0,10.8750,0.0310
5254,0,10.8950,0.0200
5254,0,10.9220,0.0270
5254,0,10.9380,0.0160
5254,0,10.9690,0.0310
5254,0,10.9840,0.0150
5254,0,11.0160,0.0320
5254,0,11.0310,0.0150
30,0,11.0470,0.0160
30,0,11.0620,0.0150
22,0,11.0780,0.0160
23,0,11.0940,0.0160
24,0,11.1870,0.0930
61,0,11.2060,0.0190
22,0,11.2360,0.0300
23,0,11.2550,0.0190
55,0,11.2690,0.0140
369,0,11.2810,0.0120
80,0,11.2960,0.0150
55,0,11.2970,0.0010
80,3,11.3120,0.0150
80,0,11.3290,0.0170
22,0,11.3910,0.0620
453,0,11.4070,0.0160
4151,0,11.5330,0.1260
80,0,11.5620,0.0290
54,0,11.5800,0.0180
416,0,11.5960,0.0160
85,0,11.6100,0.0140
340,0,11.6300,0.0200
416,0,11.6590,0.0290
453,0,11.7030,0.0440
453,0,11.7190,0.0160
72,0,11.8130,0.0940
180,0,11.8280,0.0150
416,0,11.8440,0.0160
453,0,11.8750,0.0310
416,0,11.8910,0.0160
22,0,11.9060,0.0150
15,0,11.9220,0.0160
80,0,12.0810,0.1590
80,0,12.1870,0.1060
13,0,12.2040,0.0170
91,0,12.2200,0.0160
15,0,12.2530,0.0330
15,0,12.2670,0.0140
15,0,12.3290,0.0620
80,0,12.3440,0.0150
4275,0,12.3610,0.0170
15,0,12.3780,0.0170
80,0,12.3950,0.0170
96,0,12.4240,0.0290
15,0,12.4390,0.0150
61,0,12.5320,0.0930
61,0,12.5470,0.0150
80,0,12.5790,0.0320
18,0,12.6570,0.0780
18,0,12.6740,0.0170
297,0,12.6900,0.0160
23,0,12.7060,0.0160
453,0,12.7230,0.0170
25,0,12.7810,0.0580
51,0,12.7960,0.0150
323,0,12.8120,0.0160
51,0,12.8330,0.0210
323,0,12.8430,0.0100
51,0,12.8440,0.0010
23,0,12.8590,0.0150
18,0,12.8750,0.0160
25,0,12.9220,0.0470
140,0,12.9540,0.0320
25,0,12.9870,0.0330
76,0,13.0000,0.0130
61,0,13.0340,0.0340
15,0,13.0500,0.0160
35,0,13.0640,0.0140
51,0,13.0960,0.0320
15,0,13.1110,0.0150
17,0,13.1410,0.0300
42,0,13.1720,0.0310
340,0,13.2350,0.0630
85,0,13.2830,0.0480
15,0,13.3600,0.0770
58,0,13.3760,0.0160
15,0,13.3920,0.0160
4,0,13.4100,0.0180
25,0,13.4390,0.0290
18,0,13.4560,0.0170
15,0,13.4710,0.0150
