SysID,Thread ID,time,inetrval
14,0,0.2810,0.2810
80,0,0.6710,0.3900
80,0,0.6910,0.0200
80,0,0.7020,0.0110
18,0,0.7650,0.0630
18,0,0.8660,0.1010
23,0,0.8740,0.0080
37,0,1.0460,0.1720
55,0,1.0930,0.0470
61,0,1.1240,0.0310
51,0,1.1870,0.0630
74,0,1.2070,0.0200
49,0,1.2960,0.0890
80,0,1.3120,0.0160
80,0,1.3330,0.0210
347,0,1.3430,0.0100
80,0,1.5160,0.1730
80,0,1.7580,0.2420
15,0,1.7660,0.0080
76,0,1.8440,0.0780
453,0,1.8910,0.0470
453,0,1.9370,0.0460
453,0,1.9540,0.0170
18,0,2.1090,0.1550
15,0,2.1240,0.0150
453,0,2.1580,0.0340
24,0,2.1730,0.0150
24,0,2.2510,0.0780
80,0,2.2960,0.0450
453,0,2.3230,0.0270
453,0,2.3270,0.0040
18,0,2.3590,0.0320
51,0,2.5310,0.1720
15,0,2.5470,0.0160
51,0,2.5620,0.0150
15,0,2.5770,0.0150
24,0,2.6550,0.0780
85,0,2.6710,0.0160
17,0,2.6870,0.0160
54,0,2.7490,0.0620
340,0,2.7650,0.0160
356,0,2.8270,0.0620
453,0,2.9440,0.1170
15,0,2.9520,0.0080
38,0,3.0070,0.0550
297,0,3.0150,0.0080
15,0,3.0470,0.0320
85,0,3.0630,0.0160
33,0,3.0790,0.0160
23,0,3.0940,0.0150
15,0,3.1140,0.0200
453,0,3.1260,0.0120
293,0,3.1760,0.0500
24,0,3.3810,0.2050
15,0,3.4830,0.1020
37,0,3.6080,0.1250
354,0,3.6250,0.0170
417,0,3.6410,0.0160
196,0,3.6560,0.0150
80,0,3.6710,0.0150
55,0,3.6870,0.0160
40,0,3.7020,0.0150
80,0,3.7240,0.0220
49,0,3.7340,0.0100
369,0,3.7590,0.0250
15,0,3.7810,0.0220
1,2,3.7990,0.0180
469,2,3.8430,0.0440
49,0,3.8740,0.0310
80,0,3.8890,0.0150
80,0,3.9060,0.0170
80,0,3.9210,0.0150
466,2,3.9710,0.0500
24,0,3.9830,0.0120
24,0,4.0090,0.0260
112,0,4.0390,0.0300
55,0,4.0620,0.0230
469,2,4.0930,0.0310
55,0,4.1130,0.0200
80,2,4.1240,0.0110
40,0,4.1810,0.0570
49,0,4.1840,0.0030
369,0,4.1880,0.0040
469,2,4.2020,0.0140
369,0,4.2180,0.0160
80,2,4.2370,0.0190
49,0,4.2500,0.0130
49,0,4.2660,0.0160
49,0,4.2800,0.0140
49,0,4.3170,0.0370
80,2,4.3250,0.0080
14,2,4.3270,0.0020
49,0,4.3450,0.0180
80,4,4.3550,0.0100
80,2,4.3590,0.0040
469,4,4.3750,0.0160
18,0,4.3950,0.0200
51,0,4.4080,0.0130
24,0,4.4410,0.0330
369,0,4.4580,0.0170
55,0,4.4730,0.0150
356,2,4.5020,0.0290
356,2,4.5300,0.0280
40,3,4.5460,0.0160
80,3,4.5610,0.0150
18,2,4.5620,0.0010
24,3,4.6360,0.0740
369,3,4.6400,0.0040
80,3,4.6560,0.0160
469,3,4.7000,0.0440
369,2,4.7020,0.0020
51,0,4.7960,0.0940
76,0,4.8120,0.0160
51,0,4.8590,0.0470
76,0,4.8980,0.0390
76,0,4.9050,0.0070
416,0,4.9290,0.0240
24,0,4.9840,0.0550
73,0,5.1710,0.1870
24,0,5.1880,0.0170
18,0,5.3140,0.1260
23,0,5.3320,0.0180
23,0,5.3510,0.0190
24,0,5.3930,0.0420
24,0,5.4080,0.0150
35,0,5.4380,0.0300
416,0,5.4870,0.0490
416,0,5.5160,0.0290
453,0,5.5310,0.0150
25,0,5.5460,0.0150
192,0,5.5630,0.0170
51,0,5.5940,0.0310
35,0,5.6110,0.0170
453,0,5.6910,0.0800
24,0,5.7980,0.1070
453,0,5.8780,0.0800
453,0,5.9210,0.0430
453,0,5.9410,0.0200
35,0,6.0310,0.0900
35,0,6.0640,0.0330
35,0,6.0880,0.0240
35,0,6.0970,0.0090
35,0,6.1150,0.0180
73,0,6.1660,0.0510
73,0,6.1740,0.0080
35,0,6.2360,0.0620
24,0,6.3040,0.0680
24,0,6.3120,0.0080
416,0,6.3430,0.0310
35,0,6.4400,0.0970
35,0,6.4570,0.0170
35,0,6.4640,0.0070
35,0,6.4680,0.0040
24,0,6.8590,0.3910
416,0,6.8750,0.0160
54,0,6.8910,0.0160
80,0,6.9060,0.0150
140,0,6.9220,0.0160
25,0,6.9390,0.0170
18,0,6.9520,0.0130
18,0,6.9680,0.0160
18,0,6.9840,0.0160
18,0,7.0150,0.0310
18,0,7.0310,0.0160
37,0,7.0460,0.0150
80,0,7.0780,0.0320
247,0,7.1860,0.1080
33,0,7.2340,0.0480
18,0,7.2490,0.0150
19,0,7.2650,0.0160
19,0,7.3290,0.0640
15,0,7.3440,0.0150
18,0,7.3620,0.0180
15,0,7.3800,0.0180
18,0,7.3930,0.0130
24,0,7.4230,0.0300
24,0,7.5480,0.1250
35,0,7.6900,0.1420
35,0,7.7080,0.0180
4101,0,7.7200,0.0120
4224,0,7.7350,0.0150
0,0,7.7830,0.0480
15,0,7.7980,0.0150
289,0,7.8140,0.0160
22,0,7.8300,0.0160
289,0,7.8470,0.0170
23,0,7.8770,0.0300
28,0,7.8940,0.0170
18,0,7.9080,0.0140
5349,0,7.9230,0.0150
416,0,7.9870,0.0640
35,0,8.0030,0.0160
73,0,8.0640,0.0610
24,0,8.1930,0.1290
24,0,8.2080,0.0150
35,0,8.2340,0.0260
4151,0,8.2520,0.0180
5125,0,8.2840,0.0320
33,0,8.3040,0.0200
0,0,8.3270,0.0230
4162,0,8.3800,0.0530
25,0,8.4090,0.0290
14,0,8.4420,0.0330
417,0,8.4590,0.0170
35,0,8.4910,0.0320
72,0,8.5860,0.0950
51,0,8.6480,0.0620
340,0,8.6710,0.0230
33,0,8.7030,0.0320
72,0,8.7290,0.0260
282,0,8.7360,0.0070
23,0,8.7650,0.0290
18,0,8.7960,0.0310
23,0,8.8230,0.0270
23,0,8.8520,0.0290
85,0,8.8930,0.0410
74,0,8.9150,0.0220
40,0,8.9210,0.0060
18,0,8.9400,0.0190
4,0,9.0020,0.0620
4,0,9.0650,0.0630
80,0,9.1120,0.0470
51,0,9.1270,0.0150
85,0,9.1430,0.0160
85,0,9.1740,0.0310
51,0,9.2070,0.0330
73,0,9.2200,0.0130
51,0,9.2490,0.0290
51,0,9.2650,0.0160
17,0,9.2800,0.0150
15,0,9.2960,0.0160
37,0,9.3270,0.0310
61,0,9.3430,0.0160
49,0,9.3600,0.0170
55,0,9.3780,0.0180
15,0,9.3930,0.0150
49,2,9.4050,0.0120
15,3,9.4210,0.0160
15,4,9.4370,0.0160
22,0,9.5470,0.1100
356,0,9.6270,0.0800
444,0,9.6570,0.0300
356,0,9.7120,0.0550
33,0,9.7530,0.0410
22,0,9.7700,0.0170
22,0,9.7870,0.0170
22,0,9.8010,0.0140
282,0,9.8200,0.0190
36,0,9.8290,0.0090
22,0,9.8410,0.0120
22,0,9.8430,0.0020
22,0,9.8990,0.0560
453,0,9.9080,0.0090
64,0,9.9380,0.0300
453,0,9.9650,0.0270
416,0,9.9680,0.0030
61,0,10.0220,0.0540
42,0,10.0340,0.0120
22,0,10.0820,0.0480
192,0,10.1290,0.0470
192,0,10.1570,0.0280
416,0,10.1910,0.0340
453,0,10.2210,0.0300
416,0,10.2500,0.0290
453,0,10.3140,0.0640
416,0,10.3310,0.0170
453,0,10.3650,0.0340
14,0,10.3750,0.0100
51,0,10.3960,0.0210
4,0,10.4060,0.0100
4,0,10.4370,0.0310
4,0,10.4520,0.0150
61,0,10.4990,0.0470
24,0,10.5310,0.0320
24,0,10.5460,0.0150
5254,0,10.7970,0.2510
5254,0,10.8270,0.0300
5254,0,10.8590,0.0320
5254,0,10.8900,0.0310
5254,0,10.9210,0.0310
5254,0,10.9370,0.0160
5254,0,10.9680,0.0310
5254,0,10.9840,0.0160
5254,0,11.0150,0.0310
5254,0,11.0460,0.0310
5254,0,11.0610,0.0150
5254,0,11.1090,0.0480
5254,0,11.1400,0.0310
5254,0,11.1550,0.0150
5254,0,11.1870,0.0320
5254,0,11.2230,0.0360
5254,0,11.2490,0.0260
5254,0,11.2640,0.0150
5254,0,11.3020,0.0380
5254,0,11.3300,0.0280
5254,0,11.3590,0.0290
5254,0,11.3830,0.0240
5254,0,11.4130,0.0300
5254,0,11.4220,0.0090
5254,0,11.4570,0.0350
5254,0,11.4840,0.0270
5254,0,11.5160,0.0320
5254,0,11.5480,0.0320
5254,0,11.6140,0.0660
39,0,11.6600,0.0460
51,0,11.6720,0.0120
5254,0,11.7040,0.0320
5254,0,11.7350,0.0310
5254,0,11.7510,0.0160
5254,0,11.7980,0.0470
5254,0,11.8120,0.0140
5254,0,11.8560,0.0440
5254,0,11.8810,0.0250
5254,0,11.9130,0.0320
5254,0,11.9370,0.0240
5254,0,11.9690,0.0320
5254,0,12.0010,0.0320
5254,0,12.0320,0.0310
5254,0,12.0630,0.0310
5254,0,12.0940,0.0310
5254,0,12.1090,0.0150
5254,0,12.1410,0.0320
5254,0,12.1730,0.0320
5254,0,12.1900,0.0170
5254,0,12.2190,0.0290
5254,0,12.2490,0.0300
5254,0,12.2660,0.0170
5254,0,12.2970,0.0310
5254,0,12.3310,0.0340
5254,0,12.3590,0.0280
5254,0,12.3780,0.0190
5254,0,12.4070,0.0290
5254,0,12.4220,0.0150
5254,0,12.4530,0.0310
5254,0,12.4840,0.0310
5254,0,12.5000,0.0160
5254,0,12.5340,0.0340
5254,0,12.5490,0.0150
5254,0,12.5810,0.0320
5254,0,12.6120,0.0310
5254,0,12.6260,0.0140
5254,0,12.6580,0.0320
5254,0,12.6740,0.0160
5254,0,12.7030,0.0290
5254,0,12.7380,0.0350
5254,0,12.7510,0.0130
5254,0,12.7820,0.0310
5254,0,12.8460,0.0640
5254,0,12.8770,0.0310
5254,0,12.9070,0.0300
5254,0,12.9380,0.0310
5254,0,12.9700,0.0320
5254,0,12.9830,0.0130
5254,0,13.0190,0.0360
5254,0,13.0300,0.0110
5254,0,13.0770,0.0470
5254,0,13.0940,0.0170
5254,0,13.1260,0.0320
30,0,13.1400,0.0140
30,0,13.1720,0.0320
22,0,13.1880,0.0160
24,0,13.2690,0.0810
61,0,13.2780,0.0090
22,0,13.3170,0.0390
23,0,13.3310,0.0140
40,0,13.3440,0.0130
40,0,13.3600,0.0160
49,0,13.3730,0.0130
369,0,13.3760,0.0030
469,2,13.3910,0.0150
15,0,13.4060,0.0150
22,0,13.4990,0.0930
4151,0,13.6410,0.1420
80,0,13.6570,0.0160
25,0,13.6740,0.0170
416,0,13.7030,0.0290
340,0,13.7200,0.0170
416,0,13.7500,0.0300
453,0,13.8140,0.0640
72,0,13.9370,0.1230
416,0,13.9560,0.0190
453,0,13.9850,0.0290
453,0,14.0000,0.0150
22,0,14.0330,0.0330
14,0,14.0460,0.0130
80,0,14.2040,0.1580
15,0,14.2190,0.0150
80,0,14.2980,0.0790
13,0,14.3300,0.0320
15,0,14.3500,0.0200
15,0,14.3770,0.0270
15,0,14.3950,0.0180
15,0,14.4520,0.0570
80,0,14.4680,0.0160
4275,0,14.4840,0.0160
15,0,14.5000,0.0160
80,0,14.5160,0.0160
96,0,14.5460,0.0300
15,0,14.5630,0.0170
61,0,14.6710,0.1080
61,0,14.6910,0.0200
61,0,14.7030,0.0120
80,0,14.7330,0.0300
18,0,14.8160,0.0830
18,0,14.8280,0.0120
297,0,14.8510,0.0230
18,0,14.8620,0.0110
33,0,14.9370,0.0750
33,0,14.9670,0.0300
18,0,14.9680,0.0010
25,0,15.0470,0.0790
140,0,15.1310,0.0840
33,0,15.1410,0.0100
85,0,15.1580,0.0170
61,0,15.1880,0.0300
40,0,15.2040,0.0160
35,0,15.2190,0.0150
51,0,15.2580,0.0390
17,0,15.2980,0.0400
17,0,15.3270,0.0290
42,0,15.3480,0.0210
33,0,15.3590,0.0110
340,0,15.4070,0.0480
85,0,15.4680,0.0610
15,0,15.5810,0.1130
24,0,15.5930,0.0120
15,0,15.6110,0.0180
4,0,15.6240,0.0130
25,0,15.9390,0.3150
22,0,15.9520,0.0130
140,0,15.9880,0.0360
15,0,16.0070,0.0190
85,0,16.0150,0.0080
15,0,16.1560,0.1410
25,0,16.5620,0.4060
51,0,16.5770,0.0150
51,0,16.5930,0.0160
51,0,16.6090,0.0160
323,0,16.6240,0.0150
4,0,16.6410,0.0170
4,0,16.6560,0.0150
15,0,16.6710,0.0150
215,0,16.6870,0.0160
44,0,16.7340,0.0470
15,0,16.8590,0.1250
15,0,16.9160,0.0570
13,0,16.9210,0.0050
15,0,16.9700,0.0490
13,0,16.9860,0.0160
13,0,17.0630,0.0770
15,0,17.1090,0.0460
15,0,17.1280,0.0190
15,0,17.1400,0.0120
15,0,17.1870,0.0470
15,0,17.2030,0.0160
13,0,17.2910,0.0880
13,0,17.3440,0.0530
15,0,17.4060,0.0620
13,0,17.4220,0.0160
15,0,17.5310,0.1090
15,0,17.5460,0.0150
15,0,17.5770,0.0310
15,0,17.5940,0.0170
15,0,17.6400,0.0460
15,0,17.6610,0.0210
15,0,17.6710,0.0100
