SysID,Thread ID,time,inetrval
14,0,0.2420,0.2420
80,0,0.6090,0.3670
80,0,0.6250,0.0160
80,0,0.6410,0.0160
18,0,0.6600,0.0190
18,0,0.7030,0.0430
18,0,0.8120,0.1090
37,0,1.0000,0.1880
55,0,1.0490,0.0490
61,0,1.0780,0.0290
51,0,1.1090,0.0310
40,0,1.1240,0.0150
49,0,1.1870,0.0630
80,0,1.2030,0.0160
80,0,1.2190,0.0160
347,0,1.2350,0.0160
347,0,1.2500,0.0150
80,0,1.3440,0.0940
80,0,1.5010,0.1570
15,0,1.5160,0.0150
76,0,1.5630,0.0470
416,0,1.5790,0.0160
453,0,1.6120,0.0330
453,0,1.6420,0.0300
453,0,1.6570,0.0150
18,0,1.7920,0.1350
23,0,1.8010,0.0090
453,0,1.8230,0.0220
453,0,1.8440,0.0210
24,0,1.8910,0.0470
80,0,1.9840,0.0930
453,0,2.0020,0.0180
453,0,2.0150,0.0130
18,0,2.0310,0.0160
24,0,2.0790,0.0480
51,0,2.2030,0.1240
15,0,2.2200,0.0170
51,0,2.2500,0.0300
51,0,2.2660,0.0160
24,0,2.3450,0.0790
85,0,2.3610,0.0160
17,0,2.3810,0.0200
54,0,2.4370,0.0560
340,0,2.4530,0.0160
356,0,2.5160,0.0630
453,0,2.6400,0.1240
38,0,2.6800,0.0400
33,0,2.6880,0.0080
15,0,2.7030,0.0150
85,0,2.7290,0.0260
33,0,2.7530,0.0240
15,0,2.7720,0.0190
15,0,2.7810,0.0090
293,0,2.8430,0.0620
15,0,3.1100,0.2670
37,0,3.2190,0.1090
354,0,3.2350,0.0160
205,0,3.2510,0.0160
144,0,3.2660,0.0150
80,0,3.2970,0.0310
369,0,3.3290,0.0320
67,2,3.3460,0.0170
55,0,3.3610,0.0150
1,2,3.3750,0.0140
469,2,3.4060,0.0310
369,2,3.4540,0.0480
67,3,3.4680,0.0140
466,2,3.4840,0.0160
369,3,3.5150,0.0310
1,4,3.5470,0.0320
466,0,3.5790,0.0320
18,4,3.5960,0.0170
15,4,3.6100,0.0140
112,4,3.6400,0.0300
24,0,3.6560,0.0160
112,0,3.6990,0.0430
112,2,3.7030,0.0040
466,0,3.7190,0.0160
112,4,3.7340,0.0150
61,0,3.7500,0.0160
61,3,3.7500,0.0160
24,4,3.7650,0.0150
466,0,3.7810,0.0160
24,3,3.7970,0.0160
61,2,3.8120,0.0150
24,4,3.8280,0.0160
61,2,3.8440,0.0160
61,4,3.8750,0.0310
61,4,3.8890,0.0140
61,2,3.8890,0.0140
61,0,3.8900,0.0010
76,0,3.9070,0.0170
361,3,3.9210,0.0140
76,4,3.9530,0.0320
469,2,3.9700,0.0170
