SysID,Thread ID,time,inetrval
14,0,0.2360,0.2360
80,0,0.5770,0.3410
80,0,0.5920,0.0150
80,0,0.6140,0.0220
18,0,0.6210,0.0070
33,0,0.6260,0.0050
18,0,0.6730,0.0470
18,0,0.7830,0.1100
37,0,1.0170,0.2340
55,0,1.0610,0.0440
61,0,1.0960,0.0350
51,0,1.1260,0.0300
49,0,1.2210,0.0950
80,0,1.2340,0.0130
80,0,1.2640,0.0300
347,0,1.2800,0.0160
80,0,1.4360,0.1560
80,0,1.6700,0.2340
76,0,1.7170,0.0470
416,0,1.7640,0.0470
453,0,1.7810,0.0170
453,0,1.8460,0.0650
453,0,1.8770,0.0310
18,0,2.0460,0.1690
453,0,2.0770,0.0310
24,0,2.1400,0.0630
24,0,2.2490,0.1090
80,0,2.3130,0.0640
80,0,2.3480,0.0350
453,0,2.3580,0.0100
453,0,2.3890,0.0310
51,0,2.5790,0.1900
348,0,2.5970,0.0180
15,0,2.6080,0.0110
51,0,2.6240,0.0160
24,0,2.7050,0.0810
85,0,2.7200,0.0150
17,0,2.7350,0.0150
54,0,2.8130,0.0780
356,0,2.9220,0.1090
453,0,3.0320,0.1100
15,0,3.0470,0.0150
38,0,3.0670,0.0200
297,0,3.0760,0.0090
15,0,3.1080,0.0320
85,0,3.1250,0.0170
33,0,3.1400,0.0150
15,0,3.1560,0.0160
76,0,3.1720,0.0160
85,0,3.1860,0.0140
293,0,3.2330,0.0470
24,0,3.4850,0.2520
15,0,3.5480,0.0630
37,0,3.6570,0.1090
354,0,3.6720,0.0150
205,0,3.6890,0.0170
196,0,3.7040,0.0150
80,0,3.7180,0.0140
55,0,3.7350,0.0170
369,0,3.7510,0.0160
67,2,3.7800,0.0290
18,0,3.8260,0.0460
1,2,3.8580,0.0320
51,0,3.8730,0.0150
469,2,3.9090,0.0360
356,2,4.0160,0.1070
356,2,4.0300,0.0140
369,0,4.0460,0.0160
18,2,4.0610,0.0150
469,3,4.0780,0.0170
80,0,4.1080,0.0300
61,3,4.1240,0.0160
49,3,4.1420,0.0180
61,2,4.1700,0.0280
61,2,4.1870,0.0170
466,0,4.2020,0.0150
112,2,4.2170,0.0150
55,3,4.2340,0.0170
112,3,4.2490,0.0150
466,4,4.2640,0.0150
466,2,4.2800,0.0160
80,3,4.2800,0.0160
1,4,4.2950,0.0150
466,0,4.3110,0.0160
466,3,4.3110,0.0160
18,2,4.3270,0.0160
24,2,4.3430,0.0160
112,2,4.3740,0.0310
28,4,4.4090,0.0350
466,0,4.4210,0.0120
466,2,4.4520,0.0310
40,0,4.4680,0.0160
55,3,4.4990,0.0310
466,2,4.5150,0.0160
49,0,4.5290,0.0140
466,0,4.5490,0.0200
469,2,4.5650,0.0160469,2,4.5650,0.0160
466,0,4.5820,0.0170
466,0,4.5920,0.0100
40,0,4.6180,0.0260
112,0,4.6550,0.0370
49,0,4.7020,0.0470
80,0,4.7170,0.0150
369,0,4.7500,0.0330
15,3,4.7640,0.0140
80,2,4.7830,0.0190
469,3,4.7960,0.0130
49,0,4.8150,0.0190
369,0,4.8270,0.0120
369,0,4.8430,0.0160
369,0,4.8630,0.0200
49,0,4.8740,0.0110
469,3,4.8920,0.0180
15,0,4.9050,0.0130
369,0,4.9210,0.0160
80,0,4.9520,0.0310
51,0,5.0150,0.0630
51,0,5.0470,0.0320
76,0,5.0630,0.0160
76,0,5.0780,0.0150
76,0,5.0970,0.0190
76,0,5.1090,0.0120
76,0,5.1260,0.0170
76,0,5.1440,0.0180
76,0,5.1560,0.0120
416,0,5.1720,0.0160
24,0,5.2190,0.0470
73,0,5.3620,0.1430
24,0,5.3760,0.0140
18,0,5.5170,0.1410
23,0,5.5300,0.0130
23,0,5.5450,0.0150
24,0,5.6080,0.0630
24,0,5.6240,0.0160
416,0,5.6860,0.0620
416,0,5.7170,0.0310
35,0,5.8300,0.1130
35,0,5.8420,0.0120
35,0,5.8610,0.0190
35,0,5.8920,0.0310
35,0,5.9070,0.0150
24,0,5.9390,0.0320
73,0,5.9530,0.0140
35,0,6.0150,0.0620
24,0,6.0800,0.0650
416,0,6.1120,0.0320
35,0,6.2030,0.0910
35,0,6.2210,0.0180
35,0,6.2340,0.0130
24,0,6.5150,0.2810
24,0,6.5460,0.0310
416,0,6.6430,0.0970
54,0,6.6580,0.0150
140,0,6.6910,0.0330
25,0,6.7030,0.0120
18,0,6.7190,0.0160
18,0,6.7360,0.0170
18,0,6.7490,0.0130
18,0,6.7810,0.0320
18,0,6.7970,0.0160
37,0,6.8130,0.0160
80,0,6.8420,0.0290
247,0,6.9510,0.1090
24,0,6.9690,0.0180
33,0,7.0150,0.0460
18,0,7.0320,0.0170
19,0,7.0940,0.0620
15,0,7.1090,0.0150
18,0,7.1240,0.0150
15,0,7.1550,0.0310
18,0,7.1740,0.0190
21,0,7.4090,0.2350
35,0,7.4730,0.0640
37,0,7.4900,0.0170
297,0,7.5080,0.0180
66,0,7.5160,0.0080
0,0,7.5490,0.0330
15,0,7.5690,0.0200
289,0,7.5950,0.0260
22,0,7.6090,0.0140
23,0,7.6390,0.0300
5,0,7.6770,0.0380
18,0,7.6860,0.0090
5349,0,7.7020,0.0160
416,0,7.7220,0.0200
416,0,7.7810,0.0590
35,0,7.8020,0.0210
4151,0,7.8420,0.0400
4151,0,7.8580,0.0160
51,0,7.9550,0.0970
33,0,7.9680,0.0130
18,0,8.0010,0.0330
73,0,8.0160,0.0150
140,0,8.0460,0.0300
105,0,8.0940,0.0480
35,0,8.1390,0.0450
416,0,8.1590,0.0200
35,0,8.1980,0.0390
35,0,8.2020,0.0040
22,0,8.2650,0.0630
15,0,8.2810,0.0160
35,0,8.3430,0.0620
35,0,8.3590,0.0160
444,0,8.3900,0.0310
35,0,8.4050,0.0150
35,0,8.4210,0.0160
356,0,8.4370,0.0160
33,0,8.4690,0.0320
22,0,8.4990,0.0300
22,0,8.5180,0.0190
22,0,8.5460,0.0280
282,0,8.5620,0.0160
36,0,8.5780,0.0160
22,0,8.5920,0.0140
35,0,8.6390,0.0470
453,0,8.6570,0.0180
453,0,8.6760,0.0190
72,0,8.6910,0.0150
64,0,8.7030,0.0120
453,0,8.7230,0.0200
416,0,8.7340,0.0110
453,0,8.7670,0.0330
416,0,8.7800,0.0130
453,0,8.8280,0.0480
416,0,8.8450,0.0170
35,0,8.8780,0.0330
192,0,8.9870,0.1090
453,0,9.0010,0.0140
453,0,9.0170,0.0160
51,0,9.0460,0.0290
453,0,9.1410,0.0950
24,0,9.2180,0.0770
453,0,9.2960,0.0780
416,0,9.3130,0.0170
453,0,9.3270,0.0140
453,0,9.3770,0.0500
35,0,9.3920,0.0150
453,0,9.4050,0.0130
453,0,9.4250,0.0200
453,0,9.4390,0.0140
35,0,9.4520,0.0130
453,0,9.4690,0.0170
453,0,9.4990,0.0300
453,0,9.5190,0.0200
5125,0,9.5470,0.0280
4151,0,9.5610,0.0140
4151,0,9.5780,0.0170
416,0,9.5950,0.0170
35,0,9.6260,0.0310
22,0,9.6710,0.0450
453,0,9.6880,0.0170
4151,0,9.8460,0.1580
80,0,9.8600,0.0140
54,0,9.8760,0.0160
54,0,9.8900,0.0140
416,0,9.9070,0.0170
35,0,9.9400,0.0330
80,0,9.9530,0.0130
22,0,10.0160,0.0630
14,0,10.0300,0.0140
417,0,10.0670,0.0370
4158,0,10.1910,0.1240
4264,0,10.2500,0.0590
4158,0,10.2650,0.0150
4158,0,10.2800,0.0150
340,0,10.3140,0.0340
61,0,10.3280,0.0140
42,0,10.3430,0.0150
72,0,10.3600,0.0170
347,0,10.4100,0.0500
347,0,10.4370,0.0270
347,0,10.4530,0.0160
14,0,10.4760,0.0230
72,0,10.4990,0.0230
37,0,10.5170,0.0180
25,0,10.5260,0.0090
453,0,10.5480,0.0220
23,0,10.5660,0.0180
18,0,10.5790,0.0130
51,0,10.5960,0.0170
14,0,10.7040,0.1080
24,0,10.7480,0.0440
80,0,10.8110,0.0630
4264,0,10.8270,0.0160
4258,0,10.8420,0.0150
4212,0,10.8580,0.0160
4103,0,10.8890,0.0310
5,0,10.9050,0.0160
340,0,10.9360,0.0310
14,0,10.9550,0.0190
61,0,10.9700,0.0150
21,0,10.9840,0.0140
21,0,11.0000,0.0160
4324,0,11.0150,0.0150
4158,0,11.0350,0.0200
21,0,11.0480,0.0130
21,0,11.0820,0.0340
80,0,11.1390,0.0570
80,0,11.1600,0.0210
4272,0,11.1720,0.0120
80,0,11.2040,0.0320
4106,0,11.2180,0.0140
4171,0,11.2330,0.0150
4107,0,11.2490,0.0160
4155,0,11.2640,0.0150
4137,0,11.2800,0.0160
4125,0,11.2990,0.0190
4107,0,11.3130,0.0140
4106,0,11.3290,0.0160
4252,0,11.3610,0.0320
4203,0,11.3770,0.0160
4104,0,11.3890,0.0120
80,0,11.4050,0.0160
4131,0,11.4200,0.0150
4254,0,11.4360,0.0160
4264,0,11.4690,0.0330
4212,0,11.4990,0.0300
4158,0,11.5140,0.0150
4131,0,11.5300,0.0160
5,0,11.5450,0.0150
21,0,11.5770,0.0320
5341,0,11.5970,0.0200
4103,0,11.6110,0.0140
33,0,11.6250,0.0140
33,0,11.6420,0.0170
72,0,11.6550,0.0130
23,0,11.6830,0.0280
23,0,11.6880,0.0050
15,0,11.7050,0.0170
18,0,11.7340,0.0290
4,0,11.7640,0.0300
24,0,11.7800,0.0160
24,0,11.7960,0.0160
4,0,11.8110,0.0150
4,0,11.8260,0.0150
4328,0,11.8580,0.0320
4819,0,11.8760,0.0180
4819,0,11.9060,0.0300
5,0,11.9200,0.0140
4098,0,11.9690,0.0490
5059,0,11.9850,0.0160
4212,0,11.9990,0.0140
5412,0,12.0150,0.0160
5382,0,12.0310,0.0160
4188,0,12.0480,0.0170
80,0,12.0610,0.0130
4211,0,12.0940,0.0330
4131,0,12.1090,0.0150
37,0,12.1400,0.0310
80,2,12.1550,0.0150
453,0,12.2050,0.0500
14,0,12.2530,0.0480
80,0,12.2660,0.0130
4166,0,12.2800,0.0140
4100,0,12.2980,0.0180
4106,0,12.3130,0.0150
5,0,12.3440,0.0310
4132,0,12.3930,0.0490
4132,0,12.4020,0.0090
4100,0,12.4050,0.0030
4212,0,12.4360,0.0310
4131,0,12.4520,0.0160
4203,0,12.4730,0.0210
4178,0,12.4830,0.0100
5,0,12.5060,0.0230
4132,0,12.5310,0.0250
4132,0,12.5480,0.0170
80,0,12.5780,0.0300
4106,0,12.5950,0.0170
4203,0,12.6120,0.0170
4247,0,12.6260,0.0140
5292,0,12.6410,0.0150
21,0,12.6730,0.0320
4106,0,12.7020,0.0290
4222,0,12.7210,0.0190
4178,0,12.7370,0.0160
4167,0,12.7500,0.0130
4152,0,12.7840,0.0340
4104,0,12.7990,0.0150
4107,0,12.8140,0.0150
4107,0,12.8290,0.0150
4107,0,12.8460,0.0170
4104,0,12.8610,0.0150
4104,0,12.8780,0.0170
4107,0,12.8860,0.0080
4131,0,12.8890,0.0030
4100,0,12.9050,0.0160
4162,0,12.9560,0.0510
5,0,12.9690,0.0130
0,0,12.9860,0.0170
15,0,13.0020,0.0160
22,0,13.0190,0.0170
4212,0,13.0330,0.0140
5230,0,13.0500,0.0170
5,0,13.0650,0.0150
4106,0,13.0800,0.0150
4188,0,13.0940,0.0140
5292,0,13.1110,0.0170
4132,0,13.1570,0.0460
4819,0,13.1730,0.0160
5292,0,13.2020,0.0290
4158,0,13.2240,0.0220
4212,0,13.2330,0.0090
23,0,13.2590,0.0260
85,0,13.2950,0.0360
74,0,13.3110,0.0160
15,0,13.3260,0.0150
23,0,13.3420,0.0160
4,0,13.3890,0.0470
4158,0,13.4170,0.0280
4264,0,13.4220,0.0050
4187,0,13.4400,0.0180
24,0,13.4530,0.0130
4162,0,13.4840,0.0310
5,0,13.5010,0.0170
4128,0,13.5160,0.0150
5292,0,13.5310,0.0150
4106,0,13.5450,0.0140
4211,0,13.5610,0.0160
4173,0,13.5850,0.0240
5292,0,13.5940,0.0090
5230,0,13.6230,0.0290
4106,0,13.6430,0.0200
4288,0,13.6550,0.0120
4250,0,13.6720,0.0170
4131,0,13.6870,0.0150
5412,0,13.7030,0.0160
4106,0,13.7170,0.0140
23,0,13.7350,0.0180
15,0,13.7640,0.0290
5292,0,13.7790,0.0150
4132,0,13.8270,0.0480
4144,0,13.8600,0.0330
4132,0,13.8740,0.0140
4132,0,13.9050,0.0310
4272,0,13.9200,0.0150
4212,0,13.9370,0.0170
5382,0,13.9510,0.0140
5412,0,13.9670,0.0160
4187,0,13.9830,0.0160
5292,0,14.0030,0.0200
5,0,14.0180,0.0150
105,0,14.0310,0.0130
4110,0,14.0470,0.0160
4110,0,14.0620,0.0150
4110,0,14.0770,0.0150
4131,0,14.0940,0.0170
5289,0,14.1110,0.0170
5,0,14.1240,0.0130
5,0,14.1450,0.0210
15,0,14.1530,0.0080
5,0,14.1540,0.0010
4144,0,14.1550,0.0010
4106,0,14.1740,0.0190
4144,0,14.2050,0.0310
4144,0,14.2530,0.0480
5,0,14.2670,0.0140
24,0,14.2820,0.0150
24,0,14.2970,0.0150
21,0,14.3260,0.0290
21,0,14.3460,0.0200
21,0,14.3590,0.0130
4110,0,14.3760,0.0170
4115,0,14.4220,0.0460
4132,0,14.4380,0.0160
4144,0,14.4520,0.0140
4110,0,14.4720,0.0200
4115,0,14.4830,0.0110
4110,0,14.5010,0.0180
4144,0,14.5120,0.0110
4110,0,14.5140,0.0020
4203,0,14.5300,0.0160
4106,0,14.5450,0.0150
4229,0,14.5610,0.0160
4205,0,14.5920,0.0310
4159,0,14.6080,0.0160
4191,0,14.6230,0.0150
4158,0,14.6390,0.0160
24,0,14.6540,0.0150
4107,0,14.6700,0.0160
4205,0,14.6860,0.0160
4212,0,14.7020,0.0160
4200,0,14.7170,0.0150
4104,0,14.7380,0.0210
5,0,14.7510,0.0130
5,0,14.7640,0.0130
51,0,14.8590,0.0950
51,0,14.8890,0.0300
51,0,14.9110,0.0220
297,0,14.9230,0.0120
4103,0,14.9470,0.0240
5,0,14.9530,0.0060
5052,0,14.9700,0.0170
4110,0,14.9850,0.0150
4144,0,14.9990,0.0140
4151,0,15.0160,0.0170
4103,0,15.0300,0.0140
4,0,15.0510,0.0210
4177,0,15.0780,0.0270
4102,0,15.0940,0.0160
4115,0,15.1240,0.0300
4124,0,15.1400,0.0160
4110,0,15.1700,0.0300
4110,0,15.1870,0.0170
4110,0,15.2110,0.0240
4115,0,15.2190,0.0080
4115,0,15.2350,0.0160
4110,0,15.2510,0.0160
4100,0,15.2800,0.0290
21,0,15.3130,0.0330
4100,0,15.3610,0.0480
4110,0,15.3750,0.0140
4293,0,15.3910,0.0160
4293,0,15.4060,0.0150
4100,0,15.4210,0.0150
4100,0,15.4370,0.0160
4342,0,15.4520,0.0150
4,0,16.0440,0.5920
4,0,17.0450,1.0010
4,0,18.0570,1.0120
4,0,19.0690,1.0120
4,0,20.0860,1.0170
4,0,21.0990,1.0130
4,0,22.1120,1.0130
4,0,23.1240,1.0120
4,0,24.1380,1.0140
4,0,25.1680,1.0300
4,0,26.1720,1.0040
4102,0,26.1730,0.0010
4,0,27.1770,1.0040
4,0,28.1860,1.0090
4,0,29.1940,1.0080
4,0,30.2130,1.0190
4,0,31.2250,1.0120
4,0,32.2300,1.0050
4,0,33.2440,1.0140
4,0,34.2450,1.0010
4,0,35.2560,1.0110
4,0,36.2770,1.0210
4,0,37.2910,1.0140
4,0,38.3200,1.0290
4,0,39.3350,1.0150
4,0,40.3350,1.0000
4,0,41.3400,1.0050
4,0,42.3480,1.0080
4,0,43.3510,1.0030
4102,0,43.3520,0.0010
4,0,44.3700,1.0180
4,0,45.4010,1.0310
4,0,46.4350,1.0340
4,0,47.4590,1.0240
4,0,48.4760,1.0170
4102,0,48.4770,0.0010
4,0,49.4870,1.0100
4,0,50.4940,1.0070
4,0,51.5090,1.0150
4,0,52.5420,1.0330
4,0,53.5520,1.0100
4,0,54.5550,1.0030
4,0,55.5720,1.0170
4,0,56.5780,1.0060
4,0,57.6000,1.0220
4,0,58.6300,1.0300
4,0,59.6340,1.0040
