SysID,Thread ID,time,inetrval
14,0,0.2180,0.2180
80,0,0.5460,0.3280
80,0,0.5610,0.0150
80,0,0.5940,0.0330
80,0,0.6080,0.0140
18,0,0.7170,0.1090
18,0,0.8760,0.1590
37,0,1.0470,0.1710
55,0,1.0780,0.0310
61,0,1.1280,0.0500
51,0,1.1570,0.0290
49,0,1.2340,0.0770
80,0,1.2540,0.0200
80,0,1.2680,0.0140
347,0,1.2960,0.0280
80,0,1.4060,0.1100
80,0,1.5620,0.1560
15,0,1.5930,0.0310
76,0,1.6410,0.0480
416,0,1.6720,0.0310
453,0,1.6870,0.0150
453,0,1.7340,0.0470
453,0,1.7500,0.0160
18,0,1.8660,0.1160
23,0,1.8740,0.0080
453,0,1.8890,0.0150
453,0,1.9220,0.0330
24,0,1.9370,0.0150
24,0,2.0310,0.0940
80,0,2.0620,0.0310
453,0,2.0860,0.0240
18,0,2.1150,0.0290
51,0,2.2650,0.1500
15,0,2.2810,0.0160
51,0,2.3280,0.0470
24,0,2.4060,0.0780
85,0,2.4210,0.0150
17,0,2.4380,0.0170
54,0,2.5000,0.0620
340,0,2.5150,0.0150
356,0,2.5940,0.0790
453,0,2.7060,0.1120
15,0,2.7180,0.0120
38,0,2.7340,0.0160
297,0,2.7490,0.0150
15,0,2.7810,0.0320
85,0,2.7980,0.0170
33,0,2.8120,0.0140
15,0,2.8430,0.0310
453,0,2.8670,0.0240
293,0,2.9080,0.0410
24,0,3.1240,0.2160
15,0,3.1900,0.0660
37,0,3.3000,0.1100
354,0,3.3270,0.0270
173,0,3.3430,0.0160
196,0,3.3740,0.0310
417,0,3.3910,0.0170
55,0,3.4150,0.0240
40,0,3.4220,0.0070
49,0,3.4380,0.0160
49,0,3.4640,0.0260
15,0,3.4700,0.0060
49,0,3.4880,0.0180
55,0,3.5040,0.0160
49,0,3.5160,0.0120
24,0,3.5360,0.0200
18,0,3.5510,0.0150
24,0,3.5680,0.0170
55,0,3.5990,0.0310
49,0,3.6110,0.0120
24,0,3.6370,0.0260
40,0,3.6750,0.0380
49,0,3.6870,0.0120
369,0,3.7180,0.0310
67,2,3.7490,0.0310
1,2,3.7650,0.0160
24,2,3.7800,0.0150
369,2,3.8270,0.0470
67,3,3.8430,0.0160
80,4,3.8590,0.0160
40,0,3.8740,0.0150
80,0,3.8900,0.0160
14,2,3.9090,0.0190
49,0,3.9200,0.0110
28,2,3.9380,0.0180
80,0,3.9500,0.0120

80,0,3.9500,0.0120
80,0,3.9530,0.0030
49,0,3.9690,0.0160
15,0,3.9830,0.0140
112,4,4.0000,0.0170
356,4,4.0310,0.0310
4,0,4.0460,0.0150
18,4,4.0840,0.0380
61,4,4.1470,0.0630
61,4,4.1570,0.0100
40,4,4.1860,0.0290
49,4,4.2080,0.0220
369,4,4.2190,0.0110
51,0,4.2650,0.0460
51,0,4.2960,0.0310
348,0,4.3240,0.0280
76,0,4.3260,0.0020
76,0,4.3290,0.0030
416,0,4.3520,0.0230
416,0,4.3600,0.0080
35,0,4.4390,0.0790
35,0,4.4600,0.0210
35,0,4.4900,0.0300
35,0,4.5010,0.0110
35,0,4.5300,0.0290
35,0,4.5460,0.0160
35,0,4.5620,0.0160
24,0,4.5790,0.0170
24,0,4.5920,0.0130
73,0,4.6670,0.0750
73,0,4.6710,0.0040
35,0,4.7990,0.1280
18,0,4.8120,0.0130
23,0,4.8450,0.0330
24,0,4.9990,0.1540
35,0,5.0930,0.0940
35,0,5.1170,0.0240
24,0,5.1880,0.0710
24,0,5.4700,0.2820
416,0,5.5690,0.0990
416,0,5.6280,0.0590
25,0,5.6470,0.0190
35,0,5.6580,0.0110
54,0,5.6780,0.0200
140,0,5.6900,0.0120
25,0,5.7190,0.0290
18,0,5.7490,0.0300
18,0,5.7960,0.0470
18,0,5.8290,0.0330
37,0,5.8430,0.0140
24,0,5.8590,0.0160
80,0,5.8740,0.0150
247,0,5.9830,0.1090
33,0,6.0300,0.0470
18,0,6.0460,0.0160
19,0,6.0610,0.0150
19,0,6.1240,0.0630
18,0,6.1390,0.0150
18,0,6.1550,0.0160
15,0,6.1710,0.0160
18,0,6.1860,0.0150
35,0,6.4560,0.2700
35,0,6.4750,0.0190
4101,0,6.4840,0.0090
4224,0,6.5000,0.0160
0,0,6.5470,0.0470
15,0,6.5620,0.0150
289,0,6.5780,0.0160
22,0,6.5930,0.0150
23,0,6.6250,0.0320
28,0,6.6560,0.0310
5,0,6.6720,0.0160
5349,0,6.6870,0.0150
416,0,6.7030,0.0160
24,0,6.7340,0.0310
73,0,6.8440,0.1100
24,0,6.9360,0.0920
24,0,6.9690,0.0330
24,0,6.9840,0.0150
35,0,7.0020,0.0180
416,0,7.0460,0.0440
416,0,7.0610,0.0150
453,0,7.0930,0.0320
453,0,7.1090,0.0160
72,0,7.1240,0.0150
51,0,7.1580,0.0340
35,0,7.1690,0.0110
416,0,7.1710,0.0020
453,0,7.2490,0.0780
24,0,7.3430,0.0940
453,0,7.4210,0.0780
453,0,7.4520,0.0310
453,0,7.4680,0.0160
416,0,7.4840,0.0160
14,0,7.6460,0.1620
417,0,7.6600,0.0140
5125,0,7.7500,0.0900
4158,0,7.7670,0.0170
80,0,7.8750,0.1080
80,0,7.8940,0.0190
4203,0,7.9050,0.0110
80,0,7.9370,0.0320
80,0,7.9680,0.0310
4107,0,7.9990,0.0310
4137,0,8.0300,0.0310
4154,0,8.0570,0.0270
4107,0,8.0620,0.0050
4252,0,8.0900,0.0280
5292,0,8.0930,0.0030
4104,0,8.1160,0.0230
4107,0,8.1260,0.0100
80,0,8.1440,0.0180
5052,0,8.1600,0.0160
22,0,8.1900,0.0300
44,0,8.2550,0.0650
15,0,8.3780,0.1230
15,0,8.4210,0.0430
15,0,8.4520,0.0310
15,0,8.5000,0.0480
15,0,8.5140,0.0140
13,0,8.5300,0.0160
13,0,8.5460,0.0160
15,0,8.6860,0.1400
15,0,8.7030,0.0170
15,0,8.7290,0.0260
