SysID,Thread ID,time,inetrval
14,0,0.2360,0.2360
80,0,0.5470,0.3110
80,0,0.5620,0.0150
80,0,0.5780,0.0160
33,0,0.5940,0.0160
18,0,0.6520,0.0580
18,0,0.7400,0.0880
37,0,0.9260,0.1860
55,0,0.9570,0.0310
61,0,0.9870,0.0300
51,0,1.0040,0.0170
40,0,1.0180,0.0140
49,0,1.0810,0.0630
80,0,1.0970,0.0160
347,0,1.1260,0.0290
80,0,1.2200,0.0940
80,0,1.3600,0.1400
15,0,1.3760,0.0160
76,0,1.4060,0.0300
416,0,1.4380,0.0320
453,0,1.4540,0.0160
453,0,1.4850,0.0310
453,0,1.5010,0.0160
18,0,1.6280,0.1270
453,0,1.6490,0.0210
453,0,1.6790,0.0300
24,0,1.6890,0.0100
24,0,1.7660,0.0770
80,0,1.8000,0.0340
453,0,1.8130,0.0130
453,0,1.8320,0.0190
18,0,1.8460,0.0140
51,0,1.9720,0.1260
348,0,1.9880,0.0160
51,0,2.0190,0.0310
24,0,2.0940,0.0750
85,0,2.1090,0.0150
17,0,2.1250,0.0160
54,0,2.2040,0.0790
340,0,2.2200,0.0160
356,0,2.2810,0.0610
453,0,2.3990,0.1180
15,0,2.4060,0.0070
38,0,2.4280,0.0220
297,0,2.4400,0.0120
15,0,2.4570,0.0170
85,0,2.4720,0.0150
33,0,2.5030,0.0310
76,0,2.5180,0.0150
453,0,2.5350,0.0170
293,0,2.5820,0.0470
24,0,2.7690,0.1870
15,0,2.8150,0.0460
42,0,2.8330,0.0180
37,0,2.9250,0.0920
354,0,2.9530,0.0280
417,0,2.9840,0.0310
417,0,2.9850,0.0010
55,0,3.0140,0.0290
40,0,3.0160,0.0020
49,0,3.0350,0.0190
49,0,3.0490,0.0140
55,0,3.0800,0.0310
55,0,3.0970,0.0170
49,0,3.1100,0.0130
18,0,3.1460,0.0360
24,0,3.1560,0.0100
55,0,3.2040,0.0480
49,0,3.2190,0.0150
24,0,3.2340,0.0150
40,0,3.2670,0.0330
49,0,3.3010,0.0340
369,0,3.3330,0.0320
67,2,3.3440,0.0110
15,0,3.3610,0.0170
24,2,3.3750,0.0140
369,2,3.4070,0.0320
67,3,3.4220,0.0150
80,3,3.4380,0.0160
40,0,3.4540,0.0160
49,0,3.4690,0.0150
80,0,3.4850,0.0160
369,0,3.5040,0.0190
80,3,3.5290,0.0250
18,0,3.5470,0.0180
28,3,3.5780,0.0310
14,3,3.6100,0.0320
24,0,3.6650,0.0550
369,0,3.6740,0.0090
369,0,3.6880,0.0140
49,0,3.7050,0.0170
80,0,3.7510,0.0460
80,3,3.7660,0.0150
55,0,3.7830,0.0170
469,3,3.7980,0.0150
369,0,3.8180,0.0200
14,3,3.8250,0.0070
369,0,3.8440,0.0190
15,0,3.8600,0.0160
80,0,3.8750,0.0150
51,0,3.9310,0.0560
51,0,3.9640,0.0330
76,0,3.9720,0.0080
76,0,3.9890,0.0170
76,0,4.0070,0.0180
76,0,4.0200,0.0130
416,0,4.0370,0.0170
35,0,4.1260,0.0890
35,0,4.1470,0.0210
35,0,4.1610,0.0140
35,0,4.1800,0.0190
35,0,4.2050,0.0250
35,0,4.2290,0.0240
35,0,4.2370,0.0080
24,0,4.2580,0.0210
73,0,4.2840,0.0260
35,0,4.3920,0.1080
18,0,4.4070,0.0150
23,0,4.4220,0.0150
23,0,4.4540,0.0320
24,0,4.5160,0.0620
416,0,4.5630,0.0470
24,0,4.6250,0.0620
35,0,4.6410,0.0160
35,0,4.6570,0.0160
35,0,4.6720,0.0150
24,0,4.9380,0.2660
416,0,5.0480,0.1100
416,0,5.1110,0.0630
35,0,5.1260,0.0150
54,0,5.1420,0.0160
140,0,5.1730,0.0310
25,0,5.1890,0.0160
453,0,5.2040,0.0150
18,0,5.2200,0.0160
18,0,5.2510,0.0310
18,0,5.2670,0.0160
37,0,5.2820,0.0150
80,0,5.3140,0.0320
51,0,5.4230,0.1090
35,0,5.4700,0.0470
4101,0,5.4850,0.0150
5169,0,5.5010,0.0160
0,0,5.5480,0.0470
289,0,5.5640,0.0160
22,0,5.5790,0.0150
289,0,5.5950,0.0160
23,0,5.6100,0.0150
28,0,5.6420,0.0320
18,0,5.6570,0.0150
5349,0,5.6730,0.0160
35,0,5.7200,0.0470
192,0,5.8160,0.0960
416,0,5.8320,0.0160
24,0,5.8460,0.0140
30,0,5.8630,0.0170
73,0,5.9410,0.0780
73,0,5.9570,0.0160
24,0,6.0510,0.0940
24,0,6.0670,0.0160
35,0,6.0800,0.0130
416,0,6.1300,0.0500
416,0,6.1420,0.0120
453,0,6.1590,0.0170
192,0,6.1760,0.0170
51,0,6.1900,0.0140
35,0,6.2090,0.0190
453,0,6.2830,0.0740
24,0,6.3880,0.1050
453,0,6.4230,0.0350
453,0,6.4720,0.0490
453,0,6.4880,0.0160
453,0,6.5040,0.0160
453,0,6.5200,0.0160
35,0,6.5340,0.0140
453,0,6.5500,0.0160
24,0,6.5670,0.0170
73,0,6.6250,0.0580
24,0,6.6520,0.0270
24,0,6.7500,0.0980
35,0,6.7840,0.0340
25,0,6.7990,0.0150
24,0,6.8180,0.0190
51,0,6.8310,0.0130
15,0,6.8470,0.0160
51,0,6.8640,0.0170
416,0,6.9130,0.0490
24,0,7.1460,0.2330
14,0,7.2380,0.0920
417,0,7.2540,0.0160
25,0,7.3680,0.1140
28,0,7.3780,0.0100
428,0,7.3940,0.0160
74,0,7.4120,0.0180
60,0,7.4270,0.0150
357,0,7.4410,0.0140
54,0,7.4500,0.0090
64,0,7.4530,0.0030
15,0,7.4690,0.0160
25,0,7.4920,0.0230
25,0,7.5020,0.0100
24,0,7.5220,0.0200
80,0,7.6290,0.1070
61,0,7.6530,0.0240
18,0,7.7190,0.0660
322,0,7.7560,0.0370
61,0,7.7710,0.0150
297,0,7.7930,0.0220
23,0,7.7990,0.0060
33,0,7.8920,0.0930
33,0,7.9170,0.0250
18,0,7.9370,0.0200
25,0,7.9680,0.0310
73,0,8.0010,0.0330
247,0,8.0200,0.0190
33,0,8.0620,0.0420
18,0,8.0900,0.0280
18,0,8.0960,0.0060
19,0,8.1610,0.0650
15,0,8.1690,0.0080
18,0,8.1720,0.0030
18,0,8.1870,0.0150
15,0,8.2030,0.0160
18,0,8.2190,0.0160
140,0,8.4220,0.2030
340,0,8.4530,0.0310
24,0,8.4860,0.0330
15,0,8.5050,0.0190
25,0,8.5140,0.0090
30,0,8.5160,0.0020
15,0,9.1400,0.6240
15,0,9.1560,0.0160
44,0,9.2190,0.0630
