SysID,Thread ID,time,inetrval
14,0,0.2350,0.2350
80,0,0.5620,0.3270
80,0,0.5780,0.0160
80,0,0.5940,0.0160
18,0,0.6580,0.0640
18,0,0.7660,0.1080
37,0,0.9530,0.1870
55,0,1.0000,0.0470
61,0,1.0470,0.0470
51,0,1.0620,0.0150
40,0,1.0780,0.0160
49,0,1.1720,0.0940
80,0,1.1870,0.0150
80,0,1.2040,0.0170
347,0,1.2200,0.0160
80,0,1.3620,0.1420
80,0,1.5000,0.1380
15,0,1.5160,0.0160
76,0,1.5630,0.0470
416,0,1.5940,0.0310
453,0,1.6090,0.0150
453,0,1.6430,0.0340
453,0,1.6570,0.0140
18,0,1.7970,0.1400
453,0,1.8160,0.0190
453,0,1.8460,0.0300
24,0,1.8920,0.0460
80,0,1.9870,0.0950
453,0,2.0020,0.0150
453,0,2.0160,0.0140
18,0,2.0470,0.0310
24,0,2.0780,0.0310
51,0,2.2030,0.1250
15,0,2.2810,0.0780
51,0,2.3140,0.0330
348,0,2.3280,0.0140
24,0,2.3910,0.0630
85,0,2.4380,0.0470
54,0,2.5160,0.0780
340,0,2.5320,0.0160
356,0,2.6770,0.1450
453,0,2.7810,0.1040
15,0,2.7970,0.0160
38,0,2.8290,0.0320
33,0,2.8440,0.0150
15,0,2.8750,0.0310
85,0,2.8920,0.0170
33,0,2.9070,0.0150
23,0,2.9280,0.0210
15,0,2.9370,0.0090
85,0,2.9530,0.0160
15,0,2.9690,0.0160
293,0,3.0000,0.0310
15,0,3.2650,0.2650
37,0,3.4700,0.2050
354,0,3.4860,0.0160
205,0,3.5010,0.0150
196,0,3.5170,0.0160
80,0,3.5340,0.0170
55,0,3.5500,0.0160
49,0,3.5680,0.0180
369,0,3.5970,0.0290
67,2,3.6090,0.0120
55,0,3.6250,0.0160
1,2,3.6430,0.0180
40,0,3.6590,0.0160
49,0,3.6870,0.0280
369,2,3.7030,0.0160
80,0,3.7190,0.0160
80,0,3.7350,0.0160
49,0,3.7510,0.0160
80,0,3.7650,0.0140
80,0,3.7980,0.0330
466,0,3.8350,0.0370
356,3,3.8440,0.0090
24,2,3.8590,0.0150
18,3,3.8760,0.0170
23,3,3.8920,0.0160
18,2,3.9060,0.0140
23,2,3.9220,0.0160
24,2,3.9380,0.0160
112,2,3.9690,0.0310
112,0,4.0000,0.0310
469,2,4.0160,0.0160
466,3,4.0330,0.0170
112,0,4.0480,0.0150
466,2,4.0780,0.0300
466,3,4.1100,0.0320
80,0,4.1250,0.0150
80,0,4.1560,0.0310
61,3,4.1720,0.0160

61,3,4.1720,0.0160

15,0,4.1910,0.0190
469,2,4.2050,0.0140
466,0,4.2190,0.0140
24,0,4.2350,0.0160
80,2,4.2500,0.0150
80,2,4.2650,0.0150
49,0,4.2660,0.0010
14,2,4.2880,0.0220
14,2,4.3130,0.0250
49,0,4.3270,0.0140
80,0,4.3280,0.0010
80,0,4.3440,0.0160
14,2,4.3600,0.0160
14,2,4.3600,0.0160
49,0,4.3770,0.0170
80,0,4.3940,0.0170
49,0,4.4070,0.0130
80,4,4.4270,0.0200
469,4,4.4400,0.0130
369,0,4.4560,0.0160
469,3,4.4680,0.0120
76,0,4.4690,0.0010
80,2,4.4850,0.0160
14,2,4.5470,0.0620
94,0,4.7810,0.2340
