SysID,Thread ID,time,inetrval
14,0,0.2310,0.2310
80,0,0.5450,0.3140
80,0,0.5600,0.0150
80,0,0.5760,0.0160
18,0,0.5920,0.0160
18,0,0.6500,0.0580
18,0,0.7530,0.1030
37,0,0.9360,0.1830
55,0,0.9690,0.0330
61,0,0.9990,0.0300
51,0,1.0300,0.0310
40,0,1.0480,0.0180
49,0,1.1080,0.0600
80,0,1.1390,0.0310
347,0,1.1690,0.0300
80,0,1.2950,0.1260
80,0,1.5290,0.2340
76,0,1.5920,0.0630
416,0,1.6150,0.0230
453,0,1.6850,0.0700
453,0,1.7320,0.0470
453,0,1.7480,0.0160
18,0,1.8880,0.1400
15,0,1.9100,0.0220
453,0,1.9200,0.0100
453,0,1.9510,0.0310
24,0,1.9980,0.0470
80,0,2.1230,0.1250
453,0,2.1390,0.0160
18,0,2.1690,0.0300
24,0,2.2030,0.0340
51,0,2.3730,0.1700
348,0,2.3940,0.0210
15,0,2.4040,0.0100
51,0,2.4370,0.0330
24,0,2.5290,0.0920
85,0,2.5450,0.0160
17,0,2.5600,0.0150
54,0,2.6390,0.0790
356,0,2.7160,0.0770
453,0,2.8260,0.1100
15,0,2.8420,0.0160
38,0,2.8730,0.0310
15,0,2.9040,0.0310
85,0,2.9230,0.0190
33,0,2.9360,0.0130
15,0,2.9540,0.0180
76,0,2.9670,0.0130
15,0,2.9840,0.0170
293,0,3.0330,0.0490
15,0,3.2950,0.2620
15,0,3.3100,0.0150
37,0,3.4540,0.1440
354,0,3.4700,0.0160
173,0,3.4810,0.0110
205,0,3.4820,0.0010
417,0,3.5030,0.0210
80,0,3.5150,0.0120
55,0,3.5300,0.0150
49,0,3.5450,0.0150
49,0,3.5650,0.0200
80,0,3.5810,0.0160
369,0,3.5940,0.0130
67,2,3.6210,0.0270
15,0,3.6220,0.0010
1,2,3.6400,0.0180
55,0,3.6540,0.0140
49,0,3.6880,0.0340
80,0,3.7160,0.0280
80,0,3.7310,0.0150
466,2,3.7640,0.0330
24,0,3.7790,0.0150
18,0,3.8100,0.0310
112,0,3.8460,0.0360
28,2,3.8730,0.0270
469,2,3.9200,0.0470
80,2,3.9500,0.0300
24,0,3.9510,0.0010
40,0,3.9850,0.0340
49,0,3.9980,0.0130
24,3,4.0130,0.0150
369,0,4.0610,0.0480
15,0,4.0760,0.0150
55,0,4.0910,0.0150
80,2,4.1070,0.0160
49,0,4.1240,0.0170
49,0,4.1410,0.0170
49,0,4.1540,0.0130
49,0,4.1870,0.0330
369,0,4.2010,0.0140
49,0,4.2170,0.0160
15,0,4.2370,0.0200
80,2,4.2490,0.0120
356,4,4.2640,0.0150
356,4,4.2940,0.0300
80,3,4.3140,0.0200
18,4,4.3260,0.0120
49,0,4.3570,0.0310
80,0,4.3740,0.0170
112,4,4.4050,0.0310
61,4,4.4200,0.0150
51,3,4.4360,0.0160
80,2,4.4510,0.0150
49,4,4.5180,0.0670
49,0,4.5290,0.0110
49,0,4.5290,0.0110
80,0,4.5450,0.0160
15,0,4.5920,0.0470
49,4,4.6090,0.0170
369,4,4.6230,0.0140
15,4,4.6380,0.0150
80,3,4.6700,0.0320
51,0,4.7790,0.1090
51,0,4.8010,0.0220
76,0,4.8110,0.0100
51,0,4.8420,0.0310
76,0,4.8570,0.0150
76,0,4.8740,0.0170
76,0,4.8870,0.0130
76,0,4.8880,0.0010
76,0,4.9040,0.0160
76,0,4.9190,0.0150
416,0,4.9390,0.0200
24,0,4.9830,0.0440
24,0,5.0020,0.0190
24,0,5.0610,0.0590
73,0,5.1270,0.0660
73,0,5.1430,0.0160
18,0,5.2950,0.1520
23,0,5.3110,0.0160
23,0,5.3300,0.0190
24,0,5.3730,0.0430
24,0,5.3880,0.0150
35,0,5.4090,0.0210
416,0,5.4670,0.0580
416,0,5.4920,0.0250
453,0,5.5000,0.0080
453,0,5.5280,0.0280
453,0,5.5300,0.0020
51,0,5.5600,0.0300
453,0,5.6710,0.1110
24,0,5.7640,0.0930
24,0,5.7850,0.0210
453,0,5.8430,0.0580
416,0,5.8590,0.0160
453,0,5.8880,0.0290
453,0,5.9080,0.0200
416,0,5.9210,0.0130
35,0,6.0130,0.0920
35,0,6.0310,0.0180
35,0,6.0760,0.0450
35,0,6.1070,0.0310
73,0,6.1390,0.0320
24,0,6.1700,0.0310
35,0,6.2200,0.0500
24,0,6.2710,0.0510
416,0,6.3150,0.0440
35,0,6.4060,0.0910
35,0,6.4260,0.0200
24,0,6.5180,0.0920
24,0,6.7640,0.2460
416,0,6.8420,0.0780
54,0,6.8580,0.0160
140,0,6.8890,0.0310
25,0,6.9050,0.0160
18,0,6.9220,0.0170
18,0,6.9360,0.0140
18,0,6.9530,0.0170
18,0,6.9830,0.0300
18,0,6.9990,0.0160
4834,0,7.0140,0.0150
80,0,7.0460,0.0320
247,0,7.1710,0.1250
33,0,7.2340,0.0630
18,0,7.2470,0.0130
19,0,7.3110,0.0640
15,0,7.3270,0.0160
18,0,7.3460,0.0190
15,0,7.3730,0.0270
15,0,7.3920,0.0190
51,0,7.6720,0.2800
51,0,7.7020,0.0300
61,0,7.7200,0.0180
35,0,7.7790,0.0590
37,0,7.7970,0.0180
4098,0,7.8120,0.0150
0,0,7.8590,0.0470
15,0,7.8740,0.0150
289,0,7.8900,0.0160
22,0,7.9050,0.0150
23,0,7.9370,0.0320
28,0,7.9510,0.0140
15,0,7.9700,0.0190
5349,0,7.9990,0.0290
416,0,8.0660,0.0670
35,0,8.0810,0.0150
35,0,8.1100,0.0290
22,0,8.1870,0.0770
22,0,8.2030,0.0160
35,0,8.2510,0.0480
35,0,8.2650,0.0140
35,0,8.2830,0.0180
444,0,8.2970,0.0140
356,0,8.3130,0.0160
35,0,8.3280,0.0150
35,0,8.3430,0.0150
356,0,8.3590,0.0160
33,0,8.3910,0.0320
22,0,8.4100,0.0190
410,0,8.4230,0.0130
22,0,8.4420,0.0190
22,0,8.4560,0.0140
282,0,8.4710,0.0150
36,0,8.4820,0.0110
35,0,8.5380,0.0560
22,0,8.5470,0.0090
72,0,8.5700,0.0230
72,0,8.5790,0.0090
453,0,8.5990,0.0200
453,0,8.6070,0.0080
35,0,8.6430,0.0360
37,0,8.6750,0.0320
35,0,8.7250,0.0500
22,0,8.7770,0.0520
453,0,8.7790,0.0020
4151,0,8.9280,0.1490
80,0,8.9400,0.0120
25,0,8.9570,0.0170
54,0,8.9680,0.0110
22,0,9.0210,0.0530
416,0,9.0310,0.0100
24,0,9.0640,0.0330
4151,0,9.1690,0.1050
25,0,9.1920,0.0230
5125,0,9.2260,0.0340
4106,0,9.2360,0.0100
4158,0,9.2660,0.0300
4151,0,9.2870,0.0210
4138,0,9.2980,0.0110
25,0,9.3420,0.0440
18,0,9.3950,0.0530
15,0,9.4050,0.0100
35,0,9.4220,0.0170
35,0,9.4430,0.0210
453,0,9.4540,0.0110
35,0,9.4740,0.0200
61,0,9.5520,0.0780
61,0,9.5630,0.0110
416,0,9.5970,0.0340
35,0,9.6300,0.0330
192,0,9.7320,0.1020
453,0,9.7660,0.0340
453,0,9.7920,0.0260
35,0,9.7950,0.0030
453,0,9.8150,0.0200
14,0,9.8450,0.0300
417,0,9.8610,0.0160
360,0,9.9260,0.0650
