SysID,Thread ID,time,inetrval
14,0,0.2340,0.2340
80,0,0.5670,0.3330
80,0,0.5780,0.0110
80,0,0.5940,0.0160
18,0,0.6410,0.0470
18,0,0.7500,0.1090
37,0,0.9580,0.2080
55,0,0.9970,0.0390
61,0,1.0160,0.0190
51,0,1.0470,0.0310
40,0,1.0620,0.0150
49,0,1.1400,0.0780
80,0,1.1570,0.0170
347,0,1.1870,0.0300
347,0,1.2030,0.0160
80,0,1.3350,0.1320
80,0,1.4860,0.1510
15,0,1.5160,0.0300
76,0,1.5470,0.0310
416,0,1.5790,0.0320
453,0,1.6110,0.0320
453,0,1.6260,0.0150
453,0,1.6570,0.0310
18,0,1.7810,0.1240
23,0,1.8000,0.0190
453,0,1.8140,0.0140
453,0,1.8450,0.0310
24,0,1.8720,0.0270
24,0,1.9570,0.0850
80,0,1.9900,0.0330
453,0,2.0000,0.0100
453,0,2.0170,0.0170
18,0,2.0330,0.0160
51,0,2.2970,0.2640
51,0,2.3280,0.0310
24,0,2.4230,0.0950
17,0,2.4390,0.0160
54,0,2.5000,0.0610
340,0,2.5160,0.0160
356,0,2.5780,0.0620
453,0,2.7030,0.1250
15,0,2.7190,0.0160
38,0,2.7340,0.0150
33,0,2.7500,0.0160
15,0,2.7650,0.0150
85,0,2.7810,0.0160
33,0,2.8120,0.0310
15,0,2.8280,0.0160
85,0,2.8440,0.0160
15,0,2.8590,0.0150
293,0,2.9060,0.0470
24,0,3.0940,0.1880
15,0,3.1720,0.0780
37,0,3.2970,0.1250
354,0,3.3150,0.0180
196,0,3.3320,0.0170
417,0,3.3460,0.0140
80,0,3.3630,0.0170
40,0,3.3760,0.0130
49,0,3.3900,0.0140
49,0,3.4120,0.0220
369,0,3.4290,0.0170
67,2,3.4510,0.0220
15,0,3.4530,0.0020
469,2,3.4840,0.0310
55,0,3.5170,0.0330
40,0,3.5310,0.0140
49,0,3.5470,0.0160
24,2,3.5790,0.0320
18,2,3.5940,0.0150
23,2,3.6100,0.0160
466,0,3.6560,0.0460
28,2,3.6740,0.0180
55,0,3.6870,0.0130
469,2,3.7190,0.0320
24,0,3.7500,0.0310
24,2,3.7650,0.0150
40,0,3.7970,0.0320
80,0,3.8130,0.0160
15,0,3.8280,0.0150
15,0,3.8280,0.0150
15,0,3.8430,0.0150
49,0,3.8600,0.0170
15,0,3.8760,0.0160
55,0,3.8960,0.0200
49,0,3.9060,0.0100
49,0,3.9240,0.0180
15,0,3.9430,0.0190
80,3,3.9500,0.0070
49,0,3.9540,0.0040
15,0,3.9750,0.0210
80,3,3.9840,0.0090
14,2,4.0020,0.0180
18,0,4.0170,0.0150
51,0,4.0350,0.0180
24,0,4.0640,0.0290
369,0,4.0790,0.0150
4,0,4.0910,0.0120
51,2,4.0940,0.0030
74,2,4.1110,0.0170
356,4,4.1250,0.0140
80,2,4.1420,0.0170
18,4,4.1720,0.0300
369,2,4.2190,0.0470
80,3,4.2340,0.0150
61,4,4.2520,0.0180
51,4,4.2840,0.0320
80,3,4.2920,0.0080
14,3,4.2970,0.0050

14,3,4.2970,0.0050
51,0,4.3300,0.0330
76,0,4.3570,0.0270
76,0,4.3600,0.0030
51,0,4.3920,0.0320
76,0,4.4160,0.0240
76,0,4.4230,0.0070
76,0,4.4470,0.0240
416,0,4.4560,0.0090
24,0,4.5630,0.1070
24,0,4.5780,0.0150
73,0,4.7520,0.1740
73,0,4.7670,0.0150
18,0,4.9060,0.1390
23,0,4.9380,0.0320
24,0,4.9690,0.0310
24,0,5.0010,0.0320
35,0,5.0220,0.0210
416,0,5.0650,0.0430
416,0,5.0950,0.0300
453,0,5.1110,0.0160
453,0,5.1270,0.0160
72,0,5.1430,0.0160
51,0,5.1720,0.0290
453,0,5.2680,0.0960
24,0,5.3600,0.0920
453,0,5.4260,0.0660
453,0,5.4720,0.0460
453,0,5.4870,0.0150
35,0,5.5800,0.0930
35,0,5.6140,0.0340
35,0,5.6270,0.0130
35,0,5.6450,0.0180
24,0,5.6760,0.0310
73,0,5.6880,0.0120
35,0,5.7530,0.0650
24,0,5.8160,0.0630
416,0,5.8440,0.0280
35,0,5.9270,0.0830
35,0,5.9440,0.0170
35,0,5.9570,0.0130
24,0,6.2840,0.3270
416,0,6.3600,0.0760
80,0,6.3760,0.0160
140,0,6.3910,0.0150
25,0,6.4230,0.0320
18,0,6.4380,0.0150
18,0,6.4540,0.0160
18,0,6.4850,0.0310
18,0,6.5010,0.0160
37,0,6.5170,0.0160
80,0,6.5480,0.0310
247,0,6.6410,0.0930
33,0,6.6870,0.0460
18,0,6.7030,0.0160
18,0,6.7190,0.0160
19,0,6.7850,0.0660
15,0,6.7980,0.0130
18,0,6.8170,0.0190
15,0,6.8460,0.0290
35,0,7.1440,0.2980
4101,0,7.1600,0.0160
4224,0,7.1770,0.0170
66,0,7.1920,0.0150
0,0,7.2210,0.0290
15,0,7.2420,0.0210
289,0,7.2550,0.0130
22,0,7.2700,0.0150
289,0,7.2880,0.0180
23,0,7.2970,0.0090
28,0,7.3300,0.0330
18,0,7.3450,0.0150
5349,0,7.3620,0.0170
416,0,7.4240,0.0620
35,0,7.4410,0.0170
4151,0,7.4870,0.0460
453,0,7.5040,0.0170
51,0,7.5800,0.0760
74,0,7.5960,0.0160
33,0,7.6130,0.0170
18,0,7.6290,0.0160
73,0,7.6440,0.0150
140,0,7.6760,0.0320
105,0,7.7190,0.0430
4162,0,7.7510,0.0320
416,0,7.7700,0.0190
14,0,7.7820,0.0120
417,0,7.8160,0.0340
35,0,7.8330,0.0170
35,0,7.8480,0.0150
72,0,7.9530,0.1050
51,0,8.0170,0.0640
340,0,8.0470,0.0300
33,0,8.0780,0.0310
18,0,8.1030,0.0250
24,0,8.1130,0.0100
23,0,8.1310,0.0180
18,0,8.1430,0.0120
18,0,8.1560,0.0130
18,0,8.1880,0.0320
23,0,8.2190,0.0310
85,0,8.2500,0.0310
74,0,8.2840,0.0340
18,0,8.3010,0.0170
4,0,8.3620,0.0610
4,0,8.4240,0.0620
80,0,8.4710,0.0470
51,0,8.4880,0.0170
85,0,8.5040,0.0160
85,0,8.5180,0.0140
15,0,8.5360,0.0180
51,0,8.5670,0.0310
15,0,8.5810,0.0140
51,0,8.6120,0.0310
51,0,8.6270,0.0150
73,0,8.6450,0.0180
51,0,8.6570,0.0120
37,0,8.6880,0.0310
61,0,8.7050,0.0170
49,0,8.7190,0.0140
80,3,8.7350,0.0160
55,0,8.7510,0.0160
80,3,8.7650,0.0140
49,2,8.7810,0.0160
15,2,8.7970,0.0160
22,0,8.9100,0.1130
24,0,8.9730,0.0630
356,0,8.9870,0.0140
444,0,9.0170,0.0300
356,0,9.0650,0.0480
33,0,9.0950,0.0300
22,0,9.1240,0.0290
289,0,9.1260,0.0020
22,0,9.1510,0.0250
22,0,9.1570,0.0060
36,0,9.1760,0.0190
22,0,9.1930,0.0170
22,0,9.2510,0.0580
72,0,9.2710,0.0200
72,0,9.2850,0.0140
453,0,9.3130,0.0280
61,0,9.3760,0.0630
22,0,9.4270,0.0510
416,0,9.4420,0.0150
192,0,9.4730,0.0310
22,0,9.4890,0.0160
192,0,9.5040,0.0150
416,0,9.5470,0.0430
453,0,9.5810,0.0340
453,0,9.6680,0.0870
416,0,9.6750,0.0070
453,0,9.7030,0.0280
61,0,9.7190,0.0160
51,0,9.7350,0.0160
4,0,9.7520,0.0170
4,0,9.7850,0.0330
61,0,9.8440,0.0590
24,0,9.8800,0.0360
24,0,9.8900,0.0100
5254,0,10.0780,0.1880
8,0,10.1060,0.0280
5254,0,10.1360,0.0300
5254,0,10.1680,0.0320
5254,0,10.1940,0.0260
39,0,10.2380,0.0440
61,0,10.2550,0.0170
5254,0,10.3170,0.0620
5254,0,10.3440,0.0270
5254,0,10.3750,0.0310
5254,0,10.3910,0.0160
5254,0,10.4220,0.0310
5254,0,10.4380,0.0160
5254,0,10.4690,0.0310
5254,0,10.5000,0.0310
5254,0,10.5160,0.0160
5254,0,10.5470,0.0310
5254,0,10.5780,0.0310
5254,0,10.5940,0.0160
5254,0,10.6250,0.0310
5254,0,10.6620,0.0370
5254,0,10.6870,0.0250
5254,0,10.7190,0.0320
5254,0,10.7340,0.0150
5254,0,10.7500,0.0160
5254,0,10.7820,0.0320
5254,0,10.8180,0.0360
5254,0,10.8450,0.0270
5254,0,10.8750,0.0300
5254,0,10.8970,0.0220
5254,0,10.9090,0.0120
5254,0,10.9390,0.0300
5254,0,10.9690,0.0300
5254,0,11.0190,0.0500
5254,0,11.0400,0.0210
5254,0,11.0520,0.0120
5254,0,11.0820,0.0300
5254,0,11.0990,0.0170
5254,0,11.1280,0.0290
5254,0,11.1570,0.0290
5254,0,11.1890,0.0320
5254,0,11.2190,0.0300
5254,0,11.2460,0.0270
5254,0,11.2520,0.0060
5254,0,11.2830,0.0310
5254,0,11.3140,0.0310
5254,0,11.3470,0.0330
5254,0,11.3690,0.0220
5254,0,11.3910,0.0220
5254,0,11.4080,0.0170
30,0,11.4230,0.0150
30,0,11.4400,0.0170
24,0,11.4550,0.0150
23,0,11.4720,0.0170
61,0,11.5370,0.0650
22,0,11.5810,0.0440
23,0,11.5940,0.0130
49,0,11.6100,0.0160
55,0,11.6260,0.0160
49,0,11.6410,0.0150
469,4,11.6560,0.0150
22,0,11.7370,0.0810
4151,0,11.8750,0.1380
54,0,11.9020,0.0270
25,0,11.9060,0.0040
416,0,11.9380,0.0320
340,0,11.9710,0.0330
416,0,12.0010,0.0300
453,0,12.0480,0.0470
453,0,12.0770,0.0290
453,0,12.0780,0.0010
72,0,12.1580,0.0800
72,0,12.1810,0.0230
54,0,12.1870,0.0060
453,0,12.2180,0.0310
416,0,12.2500,0.0320
22,0,12.2710,0.0210
14,0,12.2830,0.0120
80,0,12.4440,0.1610
15,0,12.4540,0.0100
80,0,12.5520,0.0980
13,0,12.5620,0.0100
91,0,12.5890,0.0270
15,0,12.5960,0.0070
15,0,12.6220,0.0260
15,0,12.6280,0.0060
15,0,12.6940,0.0660
80,0,12.7040,0.0100
4275,0,12.7220,0.0180
15,0,12.7400,0.0180
80,0,12.7650,0.0250
96,0,12.7850,0.0200
15,0,12.8030,0.0180
61,0,12.9120,0.1090
61,0,12.9280,0.0160
80,0,12.9400,0.0120
18,0,13.0210,0.0810
201,0,13.0370,0.0160
18,0,13.0530,0.0160
33,0,13.0640,0.0110
453,0,13.0870,0.0230
33,0,13.1580,0.0710
33,0,13.1720,0.0140
25,0,13.2200,0.0480
140,0,13.2660,0.0460
33,0,13.2810,0.0150
85,0,13.2970,0.0160
61,0,13.3130,0.0160
85,0,13.3280,0.0150
35,0,13.3440,0.0160
51,0,13.3760,0.0320
17,0,13.4060,0.0300
42,0,13.4370,0.0310
340,0,13.5160,0.0790
85,0,13.5470,0.0310
15,0,13.6260,0.0790
24,0,13.6410,0.0150
15,0,13.6570,0.0160
4,0,13.6880,0.0310
25,0,13.7050,0.0170
61,0,13.7190,0.0140
25,0,13.7350,0.0160
4,0,13.7510,0.0160
39,0,13.7660,0.0150
51,0,13.7810,0.0150
323,0,13.8040,0.0230
4,0,13.8150,0.0110
4,0,13.8320,0.0170
15,0,13.8510,0.0190
22,0,13.8620,0.0110
44,0,13.9140,0.0520
15,0,13.9870,0.0730
15,0,14.0020,0.0150
13,0,14.0160,0.0140
15,0,14.0620,0.0460
13,0,14.0780,0.0160
13,0,14.1430,0.0650
15,0,14.1720,0.0290
15,0,14.1870,0.0150
15,0,14.2190,0.0320
13,0,14.2970,0.0780
42,0,14.3120,0.0150
13,0,14.3500,0.0380
15,0,14.3940,0.0440
13,0,14.4100,0.0160
15,0,14.4870,0.0770
15,0,14.5170,0.0300
15,0,14.5360,0.0190
15,0,14.5830,0.0470
15,0,14.5970,0.0140
15,0,14.6140,0.0170
