SysID,Thread ID,time,inetrval
14,0,0.2220,0.2220
80,0,0.5320,0.3100
80,0,0.5500,0.0180
80,0,0.5620,0.0120
18,0,0.5790,0.0170
18,0,0.6300,0.0510
18,0,0.7260,0.0960
15,0,0.7340,0.0080
37,0,0.8910,0.1570
55,0,0.9220,0.0310
61,0,0.9550,0.0330
51,0,0.9880,0.0330
49,0,1.0660,0.0780
80,0,1.0860,0.0200
347,0,1.0950,0.0090
347,0,1.1150,0.0200
80,0,1.2190,0.1040
80,0,1.3760,0.1570
76,0,1.4230,0.0470
416,0,1.4380,0.0150
453,0,1.4700,0.0320
453,0,1.5000,0.0300
453,0,1.5180,0.0180
18,0,1.6410,0.1230
15,0,1.6570,0.0160
453,0,1.6760,0.0190
453,0,1.7040,0.0280
24,0,1.7190,0.0150
24,0,1.7980,0.0790
80,0,1.8300,0.0320
453,0,1.8440,0.0140
453,0,1.8570,0.0130
453,0,1.8600,0.0030
18,0,1.8950,0.0350
51,0,2.0330,0.1380
348,0,2.0470,0.0140
51,0,2.0790,0.0320
51,0,2.1000,0.0210
24,0,2.2060,0.1060
85,0,2.2500,0.0440
74,0,2.2670,0.0170
54,0,2.3300,0.0630
356,0,2.4070,0.0770
453,0,2.5170,0.1100
15,0,2.5350,0.0180
38,0,2.5640,0.0290
24,0,2.5770,0.0130
33,0,2.5780,0.0010
15,0,2.5960,0.0180
85,0,2.6130,0.0170
33,0,2.6400,0.0270
15,0,2.6560,0.0160
15,0,2.6720,0.0160
15,0,2.6870,0.0150
293,0,2.7340,0.0470
24,0,2.9250,0.1910
15,0,2.9720,0.0470
42,0,2.9890,0.0170
37,0,3.0830,0.0940
354,0,3.1080,0.0250
173,0,3.1090,0.0010
417,0,3.1250,0.0160
144,0,3.1410,0.0160
417,0,3.1560,0.0150
80,0,3.1720,0.0160
55,0,3.1900,0.0180
49,0,3.2050,0.0150
49,0,3.2210,0.0160
369,0,3.2500,0.0290
67,2,3.2660,0.0160
1,2,3.2970,0.0310
469,2,3.3120,0.0150
80,0,3.3600,0.0480
55,0,3.3750,0.0150
24,0,3.3910,0.0160
466,2,3.4220,0.0310
18,0,3.4370,0.0150
24,0,3.4530,0.0160
112,0,3.4840,0.0310
28,2,3.5010,0.0170
49,0,3.5160,0.0150
469,2,3.5480,0.0320
466,2,3.5620,0.0140
112,0,3.5800,0.0180
40,0,3.6260,0.0460
80,0,3.6400,0.0140
15,0,3.6560,0.0160
80,0,3.6710,0.0150
80,0,3.6720,0.0010
80,0,3.6900,0.0180
49,0,3.7060,0.0160
49,0,3.7190,0.0130
49,0,3.7350,0.0160
369,0,3.7580,0.0230
80,2,3.7620,0.0040
55,0,3.7660,0.0040
369,0,3.7860,0.0200
80,4,3.7930,0.0070
469,4,3.8130,0.0200
18,0,3.8280,0.0150
469,3,3.8440,0.0160
24,0,3.8760,0.0320
369,0,3.8920,0.0160
55,0,3.9060,0.0140
4,0,3.9220,0.0160
51,3,3.9380,0.0160
49,3,3.9530,0.0150
356,2,3.9690,0.0160
18,2,3.9850,0.0160
24,2,4.0150,0.0300
369,3,4.0310,0.0160
15,3,4.0480,0.0170
469,3,4.0780,0.0300
28,4,4.1020,0.0240
51,2,4.1100,0.0080
369,2,4.1260,0.0160
51,0,4.1720,0.0460
76,0,4.1900,0.0180
348,0,4.2040,0.0140
51,0,4.2500,0.0460
76,0,4.2700,0.0200
76,0,4.2880,0.0180
76,0,4.2970,0.0090
416,0,4.3140,0.0170
24,0,4.3610,0.0470
73,0,4.6250,0.2640
24,0,4.6410,0.0160
18,0,4.7810,0.1400
23,0,4.8120,0.0310
24,0,4.8460,0.0340
24,0,4.8720,0.0260
24,0,4.8770,0.0050
416,0,4.9380,0.0610
416,0,4.9620,0.0240
453,0,4.9860,0.0240
453,0,5.0000,0.0140
51,0,5.0320,0.0320
453,0,5.1250,0.0930
24,0,5.2070,0.0820
453,0,5.2840,0.0770
416,0,5.3010,0.0170
453,0,5.3300,0.0290
453,0,5.3550,0.0250
416,0,5.3590,0.0040
35,0,5.4400,0.0810
35,0,5.4710,0.0310
35,0,5.4910,0.0200
35,0,5.5030,0.0120
35,0,5.5210,0.0180
24,0,5.5320,0.0110
73,0,5.5630,0.0310
35,0,5.6250,0.0620
24,0,5.6880,0.0630
416,0,5.7260,0.0380
35,0,5.7980,0.0720
35,0,5.8210,0.0230
35,0,5.8300,0.0090
24,0,6.2030,0.3730
416,0,6.2340,0.0310
140,0,6.2660,0.0320
25,0,6.2970,0.0310
453,0,6.3170,0.0200
18,0,6.3290,0.0120
18,0,6.3630,0.0340
18,0,6.3800,0.0170
4834,0,6.3960,0.0160
80,0,6.4270,0.0310
247,0,6.5390,0.1120
33,0,6.5790,0.0400
18,0,6.6030,0.0240
18,0,6.6120,0.0090
19,0,6.6740,0.0620
18,0,6.7040,0.0300
15,0,6.7380,0.0340
24,0,6.7940,0.0560
35,0,7.0390,0.2450
35,0,7.0470,0.0080
5169,0,7.0750,0.0280
297,0,7.0790,0.0040
0,0,7.1150,0.0360
15,0,7.1310,0.0160
289,0,7.1450,0.0140
22,0,7.1810,0.0360
23,0,7.2120,0.0310
28,0,7.2210,0.0090
18,0,7.2430,0.0220
5349,0,7.2530,0.0100
416,0,7.3140,0.0610
25,0,7.3300,0.0160
4151,0,7.3770,0.0470
453,0,7.3920,0.0150
51,0,7.4700,0.0780
74,0,7.4860,0.0160
33,0,7.5000,0.0140
18,0,7.5180,0.0180
17,0,7.5340,0.0160
140,0,7.5660,0.0320
42,0,7.5790,0.0130
105,0,7.6120,0.0330
4162,0,7.6420,0.0300
35,0,7.6590,0.0170
14,0,7.6880,0.0290
450,0,7.7150,0.0270
35,0,7.7200,0.0050
72,0,7.8450,0.1250
51,0,7.9090,0.0640
340,0,7.9330,0.0240
33,0,7.9650,0.0320
33,0,7.9700,0.0050
72,0,7.9920,0.0220
24,0,8.0000,0.0080
23,0,8.0250,0.0250
23,0,8.0350,0.0100
18,0,8.0640,0.0290
18,0,8.0790,0.0150
23,0,8.0980,0.0190
85,0,8.1460,0.0480
74,0,8.1600,0.0140
40,0,8.1760,0.0160
23,0,8.1900,0.0140
4,0,8.2530,0.0630
4,0,8.3140,0.0610
80,0,8.3620,0.0480
51,0,8.3790,0.0170
61,0,8.3910,0.0120
15,0,8.4080,0.0170
85,0,8.4240,0.0160
51,0,8.4540,0.0300
73,0,8.4700,0.0160
51,0,8.5030,0.0330
51,0,8.5150,0.0120
17,0,8.5330,0.0180
15,0,8.5490,0.0160
37,0,8.5810,0.0320
61,0,8.5960,0.0150
49,0,8.6070,0.0110
24,0,8.6100,0.0030
55,0,8.6290,0.0190
28,4,8.6400,0.0110


netrval
       

28,4,8.6400,0.0110


netrval
       

369,0,8.6410,0.0010
80,4,8.6570,0.0160
74,3,8.6720,0.0150
112,2,8.6890,0.0170
112,2,8.6890,0.0170
15,3,8.7030,0.0140
22,0,8.8160,0.1130
356,0,8.9060,0.0900
444,0,8.9320,0.0260
356,0,8.9390,0.0070
356,0,8.9720,0.0330
33,0,9.0010,0.0290
22,0,9.0320,0.0310
22,0,9.0620,0.0300
72,0,9.0850,0.0230
36,0,9.0960,0.0110
22,0,9.1610,0.0650
453,0,9.1770,0.0160
72,0,9.1950,0.0180
64,0,9.2070,0.0120
453,0,9.2250,0.0180
416,0,9.2410,0.0160
61,0,9.2850,0.0440
42,0,9.3080,0.0230
22,0,9.3470,0.0390
416,0,9.3590,0.0120
192,0,9.3950,0.0360
192,0,9.4090,0.0140
416,0,9.4250,0.0160
416,0,9.4560,0.0310
453,0,9.4890,0.0330
416,0,9.5020,0.0130
453,0,9.5790,0.0770
453,0,9.6110,0.0320
61,0,9.6300,0.0190
51,0,9.6420,0.0120
4,0,9.6620,0.0200
4,0,9.6920,0.0300
61,0,9.7540,0.0620
24,0,9.7680,0.0140
24,0,9.7850,0.0170
30,0,9.8010,0.0160
5254,0,10.0040,0.2030
5254,0,10.0380,0.0340
5254,0,10.0650,0.0270
5254,0,10.0820,0.0170
5254,0,10.1130,0.0310
5254,0,10.1270,0.0140
5254,0,10.1580,0.0310
5254,0,10.2200,0.0620
8,0,10.2390,0.0190
5254,0,10.2680,0.0290
5254,0,10.2850,0.0170
5254,0,10.3010,0.0160
39,0,10.3290,0.0280
51,0,10.3470,0.0180
5254,0,10.3610,0.0140
5254,0,10.3780,0.0170
5254,0,10.4090,0.0310
5254,0,10.4400,0.0310
5254,0,10.4730,0.0330
5254,0,10.5000,0.0270
5254,0,10.5310,0.0310
5254,0,10.5650,0.0340
5254,0,10.5820,0.0170
5254,0,10.6110,0.0290
5254,0,10.6430,0.0320
5254,0,10.6760,0.0330
5254,0,10.7070,0.0310
5254,0,10.7380,0.0310
5254,0,10.7530,0.0150
5254,0,10.7810,0.0280
5254,0,10.8130,0.0320
5254,0,10.8440,0.0310
5254,0,10.8750,0.0310
5254,0,10.9060,0.0310
5254,0,10.9220,0.0160
5254,0,10.9530,0.0310
5254,0,10.9850,0.0320
5254,0,11.0160,0.0310
5254,0,11.0470,0.0310
5254,0,11.0780,0.0310
5254,0,11.0940,0.0160
5254,0,11.1410,0.0470
5254,0,11.1560,0.0150
5254,0,11.1880,0.0320
5254,0,11.2030,0.0150
5254,0,11.2340,0.0310
5254,0,11.2500,0.0160
5254,0,11.2820,0.0320
5254,0,11.2970,0.0150
5254,0,11.3130,0.0160
5254,0,11.3440,0.0310
5254,0,11.3590,0.0150
5254,0,11.3910,0.0320
5254,0,11.4060,0.0150
5254,0,11.4220,0.0160
5254,0,11.4380,0.0160
5254,0,11.4530,0.0150
5254,0,11.4690,0.0160
5254,0,11.5000,0.0310
5254,0,11.5160,0.0160
5254,0,11.5310,0.0150
5254,0,11.5470,0.0160
5254,0,11.5630,0.0160
5254,0,11.5820,0.0190
5254,0,11.6120,0.0300
5254,0,11.6290,0.0170
5254,0,11.6430,0.0140
5254,0,11.6750,0.0320
5254,0,11.6910,0.0160
5254,0,11.7200,0.0290
5254,0,11.7390,0.0190
5254,0,11.7500,0.0110
5254,0,11.7810,0.0310
5254,0,11.7970,0.0160
5254,0,11.8280,0.0310
5254,0,11.8440,0.0160
5254,0,11.8750,0.0310
5254,0,11.8910,0.0160
5254,0,11.9060,0.0150
5254,0,11.9370,0.0310
5254,0,11.9530,0.0160
5254,0,11.9740,0.0210
5254,0,12.0020,0.0280
5254,0,12.0320,0.0300
5254,0,12.0520,0.0200
5254,0,12.0630,0.0110
5254,0,12.0980,0.0350
5254,0,12.1140,0.0160
5254,0,12.1430,0.0290
5254,0,12.1610,0.0180
5254,0,12.1930,0.0320
5254,0,12.2100,0.0170
5254,0,12.2400,0.0300
5254,0,12.2670,0.0270
5254,0,12.2810,0.0140
5254,0,12.3130,0.0320
5254,0,12.3310,0.0180
5254,0,12.3620,0.0310
5254,0,12.3940,0.0320
5254,0,12.4090,0.0150
5254,0,12.4270,0.0180
5254,0,12.4580,0.0310
5254,0,12.4720,0.0140
5254,0,12.5000,0.0280
5254,0,12.5160,0.0160
5254,0,12.5470,0.0310
5254,0,12.5680,0.0210
5254,0,12.5800,0.0120
5254,0,12.6090,0.0290
5254,0,12.6410,0.0320
5254,0,12.6720,0.0310
5254,0,12.6880,0.0160
5254,0,12.7030,0.0150
5254,0,12.7190,0.0160
5254,0,12.7340,0.0150
5254,0,12.7660,0.0320
5254,0,12.7810,0.0150
5254,0,12.7970,0.0160
5254,0,12.8280,0.0310
5254,0,12.8440,0.0160
5254,0,12.8590,0.0150
5254,0,12.8750,0.0160
5254,0,12.9060,0.0310
5254,0,12.9260,0.0200
5254,0,12.9550,0.0290
5254,0,12.9690,0.0140
5254,0,12.9900,0.0210
5254,0,13.0200,0.0300
5254,0,13.0350,0.0150
5254,0,13.0500,0.0150
5254,0,13.0830,0.0330
5254,0,13.1100,0.0270
5254,0,13.1420,0.0320
5254,0,13.1580,0.0160
5254,0,13.1890,0.0310
5254,0,13.2080,0.0190
5254,0,13.2390,0.0310
5254,0,13.2680,0.0290
5254,0,13.2940,0.0260
61,0,13.2970,0.0030
5254,0,13.3130,0.0160
5254,0,13.3600,0.0470
5254,0,13.3750,0.0150
5254,0,13.3910,0.0160
30,0,13.4060,0.0150
30,0,13.4380,0.0320
24,0,13.4530,0.0150
23,0,13.4710,0.0180
61,0,13.5470,0.0760
22,0,13.5800,0.0330
23,0,13.5950,0.0150
37,0,13.6130,0.0180
49,0,13.6260,0.0130
80,3,13.6410,0.0150
369,0,13.6560,0.0150
80,4,13.6730,0.0170
22,0,13.7520,0.0790
453,0,13.7680,0.0160
4151,0,13.8920,0.1240
80,0,13.9240,0.0320
54,0,13.9410,0.0170
416,0,13.9550,0.0140
85,0,13.9730,0.0180
340,0,13.9860,0.0130
416,0,14.0340,0.0480
453,0,14.0810,0.0470
453,0,14.0980,0.0170
72,0,14.1920,0.0940
72,0,14.2080,0.0160
416,0,14.2230,0.0150
453,0,14.2500,0.0270
22,0,14.2810,0.0310
15,0,14.3060,0.0250
14,0,14.3130,0.0070
80,0,14.4540,0.1410
15,0,14.4700,0.0160
15,0,14.4850,0.0150
80,0,14.6000,0.1150
13,0,14.6120,0.0120
91,0,14.6360,0.0240
15,0,14.6420,0.0060
15,0,14.6670,0.0250
15,0,14.6750,0.0080
15,0,14.7380,0.0630
80,0,14.7550,0.0170
80,0,14.7660,0.0110
15,0,14.7940,0.0280
15,0,14.7970,0.0030
80,0,14.8130,0.0160
96,0,14.8590,0.0460
61,0,14.9540,0.0950
61,0,14.9840,0.0300
18,0,15.0790,0.0950
18,0,15.0950,0.0160
18,0,15.1100,0.0150
18,0,15.1360,0.0260
15,0,15.1410,0.0050
33,0,15.2030,0.0620
23,0,15.2270,0.0240
33,0,15.2380,0.0110
76,0,15.2570,0.0190
25,0,15.2980,0.0410
140,0,15.3440,0.0460
340,0,15.4060,0.0620
85,0,15.4720,0.0660
15,0,15.5500,0.0780
82,0,15.5680,0.0180
15,0,15.5780,0.0100
4,0,15.5960,0.0180
