SysID,Thread ID,time,inetrval
14,0,0.3770,0.3770
80,0,0.7770,0.4000
80,0,0.7920,0.0150
18,0,0.8080,0.0160
18,0,0.8550,0.0470
18,0,0.9840,0.1290
15,0,0.9940,0.0100
37,0,1.2140,0.2200
55,0,1.2770,0.0630
61,0,1.3270,0.0500
51,0,1.3860,0.0590
40,0,1.4050,0.0190
49,0,1.4830,0.0780
80,0,1.5000,0.0170
80,0,1.5110,0.0110
347,0,1.5430,0.0320
80,0,1.6420,0.0990
80,0,1.7770,0.1350
15,0,1.7990,0.0220
76,0,1.8400,0.0410
416,0,1.8710,0.0310
453,0,1.9180,0.0470
453,0,1.9800,0.0620
453,0,1.9960,0.0160
18,0,2.1520,0.1560
23,0,2.1840,0.0320
453,0,2.2010,0.0170
453,0,2.2310,0.0300
24,0,2.2470,0.0160
24,0,2.3400,0.0930
80,0,2.3700,0.0300
453,0,2.4030,0.0330
18,0,2.4260,0.0230
51,0,2.5630,0.1370
15,0,2.5760,0.0130
51,0,2.5920,0.0160
51,0,2.6090,0.0170
24,0,2.6890,0.0800
85,0,2.7000,0.0110
40,0,2.7170,0.0170
54,0,2.7620,0.0450
340,0,2.7820,0.0200
356,0,2.8410,0.0590
453,0,2.9800,0.1390
15,0,3.0150,0.0350
38,0,3.0440,0.0290
33,0,3.0600,0.0160
15,0,3.0760,0.0160
85,0,3.0940,0.0180
33,0,3.1260,0.0320
15,0,3.1400,0.0140
15,0,3.1570,0.0170
15,0,3.1710,0.0140
293,0,3.2210,0.0500
24,0,3.4170,0.1960
15,0,3.4830,0.0660
42,0,3.4970,0.0140
37,0,3.5910,0.0940
354,0,3.6240,0.0330
196,0,3.6390,0.0150
417,0,3.6540,0.0150
80,0,3.6690,0.0150
76,0,3.7160,0.0470
14,0,3.7320,0.0160
417,0,3.7470,0.0150
24,0,3.7840,0.0370
24,0,3.7980,0.0140
73,0,3.9370,0.1390
73,0,3.9560,0.0190
18,0,4.1050,0.1490
23,0,4.1250,0.0200
23,0,4.1420,0.0170
24,0,4.2770,0.1350
24,0,4.3400,0.0630
18,0,4.3560,0.0160
24,0,4.3860,0.0300
35,0,4.4180,0.0320
24,0,4.4960,0.0780
74,0,4.5110,0.0150
42,0,4.5430,0.0320
42,0,4.5580,0.0150
40,0,4.5740,0.0160
42,0,4.5890,0.0150
40,0,4.6050,0.0160
40,0,4.6210,0.0160
44,0,4.6520,0.0310
15,0,4.7140,0.0620
15,0,4.7510,0.0370
