SysID,Thread ID,time,inetrval
14,0,0.2390,0.2390
80,0,0.6110,0.3720
80,0,0.6250,0.0140
18,0,0.7060,0.0810
18,0,0.8140,0.1080
37,0,1.0160,0.2020
55,0,1.0620,0.0460
61,0,1.1020,0.0400
51,0,1.1260,0.0240
49,0,1.2960,0.1700
80,0,1.3140,0.0180
80,0,1.5010,0.1870
80,0,1.7190,0.2180
15,0,1.7520,0.0330
76,0,1.7650,0.0130
416,0,1.8120,0.0470
453,0,1.8280,0.0160
453,0,1.8760,0.0480
453,0,1.9220,0.0460
18,0,2.0780,0.1560
23,0,2.0950,0.0170
15,0,2.1090,0.0140
453,0,2.1250,0.0160
453,0,2.1570,0.0320
24,0,2.1730,0.0160
24,0,2.2990,0.1260
80,0,2.3420,0.0430
80,0,2.3440,0.0020
453,0,2.3630,0.0190
453,0,2.3750,0.0120
18,0,2.4060,0.0310
51,0,2.5620,0.1560
15,0,2.5890,0.0270
51,0,2.6090,0.0200
24,0,2.7040,0.0950
85,0,2.7230,0.0190
17,0,2.7370,0.0140
54,0,2.8120,0.0750
356,0,2.8760,0.0640
453,0,3.0160,0.1400
15,0,3.0320,0.0160
38,0,3.0630,0.0310
297,0,3.0830,0.0200
15,0,3.1100,0.0270
85,0,3.1420,0.0320
33,0,3.1630,0.0210
18,0,3.1720,0.0090
15,0,3.1880,0.0160
85,0,3.2030,0.0150
15,0,3.2180,0.0150
293,0,3.2750,0.0570
24,0,3.4850,0.2100
15,0,3.5510,0.0660
37,0,3.6560,0.1050
354,0,3.6740,0.0180
173,0,3.6900,0.0160
196,0,3.7030,0.0130
80,0,3.7210,0.0180
55,0,3.7350,0.0140
49,0,3.7500,0.0150
80,0,3.7730,0.0230
49,0,3.7810,0.0080
369,0,3.8000,0.0190
15,0,3.8150,0.0150
67,2,3.8280,0.0130
1,2,3.8590,0.0310
40,0,3.8750,0.0160
49,0,3.9220,0.0470
80,0,3.9360,0.0140
80,2,3.9370,0.0010
466,2,3.9850,0.0480
18,0,4.0020,0.0170
24,0,4.0310,0.0290
112,0,4.0780,0.0470
28,2,4.0940,0.0160
49,0,4.1560,0.0620
80,2,4.1740,0.0180
24,3,4.1880,0.0140
466,0,4.2050,0.0170
24,3,4.2180,0.0130
40,0,4.2650,0.0470
49,0,4.2810,0.0160
80,0,4.2970,0.0160
80,3,4.3120,0.0150
4,0,4.3280,0.0160
51,0,4.3610,0.0330
76,0,4.3850,0.0240
76,0,4.3900,0.0050
416,0,4.4150,0.0250
24,0,4.4570,0.0420
24,0,4.4780,0.0210
73,0,4.6130,0.1350
73,0,4.6310,0.0180
18,0,4.7840,0.1530
23,0,4.8010,0.0170
24,0,4.8590,0.0580
24,0,4.8780,0.0190
35,0,4.8920,0.0140
416,0,4.9550,0.0630
35,0,5.0480,0.0930
35,0,5.0780,0.0300
35,0,5.1110,0.0330
35,0,5.1330,0.0220
35,0,5.1400,0.0070
24,0,5.1710,0.0310
35,0,5.2500,0.0790
24,0,5.3440,0.0940
416,0,5.4240,0.0800
85,0,5.4380,0.0140
340,0,5.4530,0.0150
416,0,5.5010,0.0480
416,0,5.5160,0.0150
453,0,5.5320,0.0160
453,0,5.5470,0.0150
192,0,5.5630,0.0160
51,0,5.5940,0.0310
453,0,5.6560,0.0620
453,0,5.6850,0.0290
453,0,5.6870,0.0020
453,0,5.6880,0.0010
72,0,5.7820,0.0940
72,0,5.8080,0.0260
340,0,5.8120,0.0040
417,0,5.8440,0.0320
35,0,5.9750,0.1310
28,0,5.9850,0.0100
428,0,6.0020,0.0170
72,0,6.0140,0.0120
74,0,6.0150,0.0010
40,0,6.0310,0.0160
357,0,6.0630,0.0320
15,0,6.0800,0.0170
24,0,6.0980,0.0180
322,0,6.1150,0.0170
25,0,6.1270,0.0120
25,0,6.1450,0.0180
24,0,6.1630,0.0180
37,0,6.2840,0.1210
55,0,6.3020,0.0180
369,0,6.3080,0.0060
4,0,6.3130,0.0050
24,0,6.3300,0.0170
453,0,6.3910,0.0610
24,0,6.4990,0.1080
453,0,6.5800,0.0810
14,0,6.5970,0.0170
18,0,6.6880,0.0910
201,0,6.7160,0.0280
322,0,6.7400,0.0240
24,0,6.7560,0.0160
18,0,6.7660,0.0100
18,0,6.7900,0.0240
23,0,6.7960,0.0060
33,0,6.9160,0.1200
15,0,6.9240,0.0080
18,0,6.9450,0.0210
25,0,6.9900,0.0450
73,0,7.0000,0.0100
247,0,7.0230,0.0230
33,0,7.0800,0.0570
18,0,7.0940,0.0140
19,0,7.1710,0.0770
18,0,7.1870,0.0160
18,0,7.2030,0.0160
15,0,7.2340,0.0310
140,0,7.5310,0.2970
340,0,7.5950,0.0640
24,0,7.6270,0.0320
82,0,7.6410,0.0140
25,0,7.6530,0.0120
30,0,7.6560,0.0030
15,0,8.2960,0.6400
462,0,8.3120,0.0160
44,0,8.4210,0.1090
