SysID,Thread ID,time,inetrval
14,0,0.2360,0.2360
80,0,0.5470,0.3110
80,0,0.5690,0.0220
18,0,0.5800,0.0110
18,0,0.6450,0.0650
18,0,0.7340,0.0890
15,0,0.7540,0.0200
37,0,0.9240,0.1700
55,0,0.9550,0.0310
61,0,1.0010,0.0460
51,0,1.0190,0.0180
40,0,1.0310,0.0120
49,0,1.0940,0.0630
80,0,1.1130,0.0190
80,0,1.1270,0.0140
347,0,1.1420,0.0150
347,0,1.1590,0.0170
80,0,1.2660,0.1070
80,0,1.4070,0.1410
15,0,1.4230,0.0160
76,0,1.4700,0.0470
416,0,1.5000,0.0300
453,0,1.5230,0.0230
453,0,1.5640,0.0410
453,0,1.5790,0.0150
18,0,1.7030,0.1240
15,0,1.7210,0.0180
453,0,1.7350,0.0140
453,0,1.7500,0.0150
24,0,1.7850,0.0350
24,0,1.9220,0.1370
80,0,2.0010,0.0790
453,0,2.0210,0.0200
453,0,2.0310,0.0100
18,0,2.0510,0.0200
51,0,2.1950,0.1440
348,0,2.2050,0.0100
51,0,2.2360,0.0310
24,0,2.3130,0.0770
85,0,2.3450,0.0320
54,0,2.4390,0.0940
340,0,2.4530,0.0140
356,0,2.5160,0.0630
453,0,2.6570,0.1410
15,0,2.6730,0.0160
38,0,2.7150,0.0420
297,0,2.7190,0.0040
15,0,2.7500,0.0310
85,0,2.7710,0.0210
33,0,2.7880,0.0170
15,0,2.8020,0.0140
76,0,2.8190,0.0170
76,0,2.8320,0.0130
293,0,2.8750,0.0430
24,0,3.0960,0.2210
15,0,3.1570,0.0610
37,0,3.2670,0.1100
354,0,3.2990,0.0320
196,0,3.3150,0.0160
417,0,3.3300,0.0150
80,0,3.3440,0.0140
49,0,3.3750,0.0310
49,0,3.4060,0.0310
369,0,3.4400,0.0340
67,2,3.4530,0.0130
1,2,3.4690,0.0160
40,0,3.4860,0.0170
49,0,3.5010,0.0150
80,0,3.5160,0.0150
55,0,3.5470,0.0310
80,2,3.5630,0.0160
49,0,3.5790,0.0160
24,2,3.5940,0.0150
18,2,3.6100,0.0160
466,0,3.6250,0.0150
24,2,3.6410,0.0160
112,2,3.6560,0.0150
28,2,3.7190,0.0630
15,0,3.7350,0.0160
469,3,3.7530,0.0180
80,2,3.8130,0.0600
40,0,3.8290,0.0160
469,3,3.8440,0.0150
112,2,3.8600,0.0160
369,0,3.8910,0.0310
55,0,3.9210,0.0300
40,0,3.9230,0.0020
80,0,3.9400,0.0170
14,3,3.9560,0.0160
49,0,3.9690,0.0130
49,0,3.9880,0.0190
49,0,4.0190,0.0310
55,0,4.0290,0.0100
49,0,4.0310,0.0020
369,0,4.0510,0.0200
80,3,4.0590,0.0080
469,3,4.0640,0.0050
80,2,4.0780,0.0140
18,0,4.0950,0.0170
469,2,4.1100,0.0150
24,0,4.1420,0.0320
369,0,4.1570,0.0150
4,0,4.1690,0.0120
51,2,4.1720,0.0030
40,2,4.1890,0.0170
356,3,4.2030,0.0140
356,3,4.2190,0.0160
18,3,4.2510,0.0320
24,3,4.2660,0.0150
369,2,4.2820,0.0160
15,2,4.2970,0.0150
15,2,4.3150,0.0180
469,4,4.3280,0.0130
49,3,4.3460,0.0180
51,0,4.4080,0.0620
76,0,4.4250,0.0170
51,0,4.4540,0.0290
76,0,4.4710,0.0170
76,0,4.4860,0.0150
76,0,4.5010,0.0150
416,0,4.5190,0.0180
24,0,4.5640,0.0450
24,0,4.6720,0.1080
73,0,4.7030,0.0310
73,0,4.7360,0.0330
18,0,4.9420,0.2060
23,0,4.9690,0.0270
24,0,5.0170,0.0480
24,0,5.0320,0.0150
35,0,5.0490,0.0170
416,0,5.0950,0.0460
416,0,5.1110,0.0160
453,0,5.1420,0.0310
453,0,5.1580,0.0160
72,0,5.1730,0.0150
51,0,5.1910,0.0180
35,0,5.2060,0.0150
453,0,5.2830,0.0770
453,0,5.4540,0.1710
453,0,5.5010,0.0470
453,0,5.5080,0.0070
453,0,5.5190,0.0110
35,0,5.6110,0.0920
35,0,5.6410,0.0300
35,0,5.6560,0.0150
35,0,5.6800,0.0240
35,0,5.6880,0.0080
24,0,5.7050,0.0170
73,0,5.7220,0.0170
73,0,5.7360,0.0140
35,0,5.7970,0.0610
24,0,5.8450,0.0480
24,0,5.8610,0.0160
416,0,5.8750,0.0140
35,0,5.9700,0.0950
35,0,5.9860,0.0160
35,0,6.0040,0.0180
416,0,6.4080,0.4040
54,0,6.4220,0.0140
140,0,6.4540,0.0320
25,0,6.4730,0.0190
453,0,6.4870,0.0140
18,0,6.5010,0.0140
18,0,6.5330,0.0320
18,0,6.5480,0.0150
15,0,6.5640,0.0160
37,0,6.5780,0.0140
80,0,6.6100,0.0320
247,0,6.7060,0.0960
33,0,6.7680,0.0620
18,0,6.7820,0.0140
19,0,6.7970,0.0150
19,0,6.8600,0.0630
18,0,6.8760,0.0160
23,0,6.8940,0.0180
15,0,6.9080,0.0140
18,0,6.9250,0.0170
35,0,7.2080,0.2830
4101,0,7.2220,0.0140
4098,0,7.2370,0.0150
0,0,7.2830,0.0460
15,0,7.2980,0.0150
289,0,7.3150,0.0170
22,0,7.3310,0.0160
289,0,7.3460,0.0150
23,0,7.3760,0.0300
28,0,7.3910,0.0150
18,0,7.4080,0.0170
5349,0,7.4240,0.0160
416,0,7.5010,0.0770
416,0,7.5180,0.0170
4151,0,7.5500,0.0320
453,0,7.5640,0.0140
51,0,7.6590,0.0950
40,0,7.6720,0.0130
33,0,7.6900,0.0180
18,0,7.7070,0.0170
73,0,7.7230,0.0160
140,0,7.7520,0.0290
42,0,7.7670,0.0150
105,0,7.7970,0.0300
4151,0,7.8130,0.0160
4162,0,7.8300,0.0170
35,0,7.8440,0.0140
14,0,7.8760,0.0320
417,0,7.8920,0.0160
14,0,7.9100,0.0180
35,0,7.9240,0.0140
35,0,7.9390,0.0150
72,0,8.0500,0.1110
51,0,8.1120,0.0620
340,0,8.1420,0.0300
33,0,8.1740,0.0320
33,0,8.1890,0.0150
72,0,8.2040,0.0150
341,0,8.2190,0.0150
23,0,8.2340,0.0150
23,0,8.2520,0.0180
18,0,8.2820,0.0300
18,0,8.2970,0.0150
23,0,8.3290,0.0320
85,0,8.3760,0.0470
74,0,8.3940,0.0180
18,0,8.4070,0.0130
23,0,8.4250,0.0180
4,0,8.4720,0.0470
4,0,8.5360,0.0640
80,0,8.5820,0.0460
51,0,8.5960,0.0140
61,0,8.6120,0.0160
85,0,8.6300,0.0180
85,0,8.6580,0.0280
51,0,8.6890,0.0310
15,0,8.7080,0.0190
51,0,8.7380,0.0300
51,0,8.7520,0.0140
73,0,8.7660,0.0140
51,0,8.7820,0.0160
37,0,8.8130,0.0310
61,0,8.8300,0.0170
49,0,8.8440,0.0140
55,0,8.8610,0.0170
369,0,8.8750,0.0140
80,3,8.8890,0.0140
49,4,8.8910,0.0020
55,4,8.9080,0.0170
80,2,8.9210,0.0130
80,2,8.9220,0.0010
112,3,8.9370,0.0150
22,0,9.0490,0.1120
15,0,9.0630,0.0140
356,0,9.1260,0.0630
444,0,9.1570,0.0310
356,0,9.2040,0.0470
33,0,9.2520,0.0480
22,0,9.2690,0.0170
22,0,9.2850,0.0160
18,0,9.2970,0.0120
72,0,9.3180,0.0210
36,0,9.3310,0.0130
22,0,9.3450,0.0140
22,0,9.4090,0.0640
72,0,9.4240,0.0150
64,0,9.4390,0.0150
453,0,9.4550,0.0160
453,0,9.4700,0.0150
61,0,9.5340,0.0640
42,0,9.5480,0.0140
22,0,9.5940,0.0460
192,0,9.6420,0.0480
192,0,9.6580,0.0160
416,0,9.6910,0.0330
453,0,9.7360,0.0450
416,0,9.7510,0.0150
453,0,9.8150,0.0640
453,0,9.8460,0.0310
14,0,9.8630,0.0170
61,0,9.8760,0.0130
24,0,9.8930,0.0170
4,0,9.9060,0.0130
4,0,9.9380,0.0320
61,0,10.0000,0.0620
24,0,10.0310,0.0310
24,0,10.0470,0.0160
5254,0,10.2350,0.1880
8,0,10.2500,0.0150
5254,0,10.2650,0.0150
5254,0,10.3440,0.0790
39,0,10.3750,0.0310
51,0,10.3910,0.0160
39,0,10.4060,0.0150
30,0,10.4220,0.0160
24,0,10.4370,0.0150
22,0,10.4530,0.0160
23,0,10.4690,0.0160
61,0,10.5310,0.0620
22,0,10.5780,0.0470
23,0,10.6250,0.0470
369,0,10.6440,0.0190
49,0,10.6540,0.0100
49,0,10.6570,0.0030
369,0,10.6740,0.0170
80,3,10.7030,0.0290
80,3,10.7190,0.0160
22,0,10.7980,0.0790
4151,0,10.9390,0.1410
80,0,10.9560,0.0170
25,0,10.9700,0.0140
416,0,10.9860,0.0160
85,0,11.0050,0.0190
340,0,11.0180,0.0130
416,0,11.0470,0.0290
453,0,11.0970,0.0500
453,0,11.1160,0.0190
453,0,11.1280,0.0120
72,0,11.2360,0.1080
54,0,11.2510,0.0150
453,0,11.2830,0.0320
416,0,11.3040,0.0210
22,0,11.3350,0.0310
14,0,11.3440,0.0090
80,0,11.4950,0.1510
15,0,11.5020,0.0070
80,0,11.6100,0.1080
80,0,11.6290,0.0190
13,0,11.6410,0.0120
15,0,11.6580,0.0170
15,0,11.6890,0.0310
15,0,11.7050,0.0160
15,0,11.7660,0.0610
80,0,11.7820,0.0160
4275,0,11.7990,0.0170
15,0,11.8160,0.0170
80,0,11.8300,0.0140
96,0,11.8650,0.0350
15,0,11.8750,0.0100
61,0,11.9690,0.0940
61,0,11.9880,0.0190
80,0,12.0080,0.0200
18,0,12.0950,0.0870
18,0,12.1120,0.0170
297,0,12.1280,0.0160
453,0,12.1450,0.0170
33,0,12.2080,0.0630
18,0,12.2220,0.0140
18,0,12.2380,0.0160
76,0,12.2510,0.0130
25,0,12.2880,0.0370
140,0,12.3300,0.0420
33,0,12.3470,0.0170
85,0,12.3620,0.0150
61,0,12.3760,0.0140
85,0,12.3910,0.0150
35,0,12.4240,0.0330
51,0,12.4390,0.0150
17,0,12.4860,0.0470
42,0,12.5010,0.0150
33,0,12.5180,0.0170
340,0,12.5950,0.0770
85,0,12.6250,0.0300
15,0,12.7040,0.0790
28,0,12.7210,0.0170
15,0,12.7380,0.0170
15,0,12.7500,0.0120
4,0,12.7660,0.0160
