SysID,Thread ID,time,inetrval
14,0,0.2190,0.2190
80,0,0.5470,0.3280
80,0,0.5620,0.0150
18,0,0.5780,0.0160
18,0,0.6420,0.0640
18,0,0.7340,0.0920
15,0,0.7500,0.0160
37,0,0.9220,0.1720
55,0,0.9530,0.0310
61,0,0.9840,0.0310
51,0,1.0000,0.0160
74,0,1.0160,0.0160
49,0,1.0790,0.0630
80,0,1.1110,0.0320
347,0,1.1260,0.0150
347,0,1.1430,0.0170
80,0,1.2390,0.0960
80,0,1.3750,0.1360
15,0,1.3930,0.0180
76,0,1.4380,0.0450
416,0,1.4540,0.0160
453,0,1.4850,0.0310
453,0,1.5170,0.0320
453,0,1.5480,0.0310
18,0,1.6570,0.1090
23,0,1.6750,0.0180
15,0,1.6860,0.0110
453,0,1.7040,0.0180
453,0,1.7200,0.0160
24,0,1.7500,0.0300
24,0,1.8470,0.0970
80,0,1.8750,0.0280
80,0,1.8910,0.0160
453,0,1.9060,0.0150
18,0,1.9380,0.0320
51,0,2.0940,0.1560
348,0,2.1150,0.0210
15,0,2.1260,0.0110
51,0,2.1580,0.0320
24,0,2.2660,0.1080
85,0,2.2890,0.0230
17,0,2.2970,0.0080
74,0,2.3140,0.0170
54,0,2.3910,0.0770
340,0,2.4060,0.0150
356,0,2.5000,0.0940
453,0,2.6100,0.1100
15,0,2.6420,0.0320
38,0,2.6720,0.0300
15,0,2.6880,0.0160
85,0,2.7190,0.0310
33,0,2.7500,0.0310
15,0,2.7660,0.0160
76,0,2.7810,0.0150
453,0,2.7970,0.0160
293,0,2.8460,0.0490
24,0,3.0660,0.2200
15,0,3.1410,0.0750
37,0,3.2520,0.1110
354,0,3.2820,0.0300
196,0,3.2990,0.0170
417,0,3.3160,0.0170
80,0,3.3310,0.0150
55,0,3.3600,0.0290
369,0,3.4060,0.0460
55,0,3.4220,0.0160
1,2,3.4570,0.0350
469,2,3.4690,0.0120
80,0,3.5160,0.0470
80,0,3.5470,0.0310
356,2,3.5640,0.0170
356,2,3.5780,0.0140
18,2,3.6100,0.0320
49,0,3.6410,0.0310
80,0,3.6570,0.0160
80,0,3.6880,0.0310
1,3,3.7050,0.0170
80,3,3.7200,0.0150
80,0,3.7520,0.0320
466,0,3.7650,0.0130
112,2,3.7980,0.0330
24,3,3.8130,0.0150
466,0,3.8290,0.0160
18,3,3.8490,0.0200
24,3,3.8630,0.0140
112,3,3.8780,0.0150
28,3,3.9060,0.0280
61,2,3.9530,0.0470
112,0,3.9680,0.0150
469,3,3.9690,0.0010
55,0,4.0160,0.0470
49,0,4.0310,0.0150
369,0,4.0470,0.0160
76,2,4.0780,0.0310
80,3,4.0950,0.0170

80,3,4.0950,0.0170
15,0,4.1110,0.0160
94,0,4.1310,0.0200
