SysID,Thread ID,time,inetrval
14,0,0.2340,0.2340
80,0,0.5510,0.3170
80,0,0.5620,0.0110
80,0,0.5800,0.0180
18,0,0.5930,0.0130
18,0,0.6400,0.0470
18,0,0.7500,0.1100
37,0,0.9220,0.1720
55,0,0.9530,0.0310
61,0,0.9840,0.0310
51,0,1.0150,0.0310
49,0,1.0930,0.0780
80,0,1.1160,0.0230
80,0,1.1220,0.0060
347,0,1.1400,0.0180
80,0,1.2500,0.1100
80,0,1.4080,0.1580
76,0,1.4570,0.0490
416,0,1.4680,0.0110
453,0,1.5060,0.0380
453,0,1.5310,0.0250
453,0,1.5620,0.0310
18,0,1.6710,0.1090
23,0,1.6870,0.0160
453,0,1.7030,0.0160
453,0,1.7380,0.0350
24,0,1.7490,0.0110
24,0,1.8410,0.0920
80,0,1.8590,0.0180
80,0,1.8760,0.0170
453,0,1.8980,0.0220
18,0,1.9080,0.0100
51,0,2.0940,0.1860
348,0,2.1100,0.0160
51,0,2.1260,0.0160
51,0,2.1490,0.0230
24,0,2.2340,0.0850
85,0,2.2500,0.0160
17,0,2.2830,0.0330
54,0,2.3600,0.0770
340,0,2.3770,0.0170
356,0,2.4380,0.0610
453,0,2.5470,0.1090
15,0,2.5670,0.0200
38,0,2.5790,0.0120
33,0,2.5970,0.0180
15,0,2.6110,0.0140
85,0,2.6370,0.0260
33,0,2.6410,0.0040
23,0,2.6650,0.0240
15,0,2.6720,0.0070
76,0,2.6940,0.0220
293,0,2.7380,0.0440
24,0,2.9390,0.2010
15,0,3.0010,0.0620
37,0,3.1270,0.1260
354,0,3.1410,0.0140
205,0,3.1610,0.0200
144,0,3.1760,0.0150
417,0,3.1880,0.0120
80,0,3.2030,0.0150
49,0,3.2340,0.0310
49,0,3.2510,0.0170
369,0,3.2780,0.0270
15,0,3.2810,0.0030
1,2,3.3130,0.0320
40,0,3.3280,0.0150
80,0,3.3750,0.0470
80,0,3.3910,0.0160
24,2,3.4230,0.0320
466,0,3.4540,0.0310
15,2,3.4720,0.0180
112,2,3.5030,0.0310
28,2,3.5150,0.0120
14,2,3.5310,0.0160
469,2,3.5470,0.0160
55,0,3.5630,0.0160
80,2,3.5930,0.0300
24,0,3.5940,0.0010
40,0,3.6270,0.0330
49,0,3.6450,0.0180
369,0,3.6530,0.0080
24,3,3.6560,0.0030
112,3,3.6720,0.0160
369,0,3.6880,0.0160
80,2,3.7180,0.0300
49,0,3.7340,0.0160
24,0,3.7500,0.0160
49,0,3.7820,0.0320
49,0,3.8120,0.0300
80,3,3.8280,0.0160
49,0,3.8440,0.0160
80,4,3.8590,0.0150
80,3,3.8760,0.0170
18,0,3.8920,0.0160
51,0,3.9060,0.0140
24,0,3.9400,0.0340
369,0,3.9680,0.0280
51,2,3.9850,0.0170
369,0,3.9850,0.0170
356,4,4.0000,0.0150
4,0,4.0150,0.0150
40,2,4.0310,0.0160

40,2,4.0310,0.0160
80,2,4.0470,0.0160
18,4,4.0620,0.0150
80,2,4.0780,0.0160
61,4,4.1250,0.0470
80,3,4.1400,0.0150
469,3,4.1560,0.0160
51,0,4.2030,0.0470
76,0,4.2210,0.0180
76,0,4.2360,0.0150
51,0,4.2650,0.0290
76,0,4.2820,0.0170
51,0,4.2970,0.0150
76,0,4.3280,0.0310
76,0,4.3440,0.0160
416,0,4.3600,0.0160
416,0,4.3750,0.0150
24,0,4.4210,0.0460
73,0,4.5480,0.1270
73,0,4.5630,0.0150
18,0,4.6870,0.1240
23,0,4.7090,0.0220
23,0,4.7180,0.0090
24,0,4.7760,0.0580
24,0,4.7840,0.0080
35,0,4.8060,0.0220
416,0,4.8430,0.0370
416,0,4.8760,0.0330
453,0,4.8950,0.0190
25,0,4.9100,0.0150
192,0,4.9280,0.0180
51,0,4.9590,0.0310
453,0,5.0320,0.0730
24,0,5.1280,0.0960
453,0,5.2030,0.0750
453,0,5.2360,0.0330
453,0,5.2570,0.0210
416,0,5.2700,0.0130
35,0,5.3510,0.0810
35,0,5.3800,0.0290
35,0,5.3990,0.0190
35,0,5.4080,0.0090
24,0,5.4420,0.0340
73,0,5.4600,0.0180
35,0,5.5210,0.0610
24,0,5.5800,0.0590
416,0,5.6110,0.0310
35,0,5.6940,0.0830
35,0,5.7040,0.0100
35,0,5.7210,0.0170
35,0,5.7350,0.0140
24,0,6.0820,0.3470
416,0,6.1430,0.0610
54,0,6.1580,0.0150
140,0,6.1910,0.0330
25,0,6.2060,0.0150
453,0,6.2230,0.0170
18,0,6.2360,0.0130
18,0,6.2670,0.0310
18,0,6.2830,0.0160
18,0,6.2990,0.0160
37,0,6.3170,0.0180
24,0,6.3280,0.0110
80,0,6.3430,0.0150
247,0,6.4550,0.1120
33,0,6.5170,0.0620
18,0,6.5330,0.0160
19,0,6.6120,0.0790
18,0,6.6270,0.0150
18,0,6.6430,0.0160
15,0,6.6720,0.0290
35,0,6.9530,0.2810
35,0,6.9680,0.0150
37,0,6.9840,0.0160
297,0,7.0000,0.0160
0,0,7.0460,0.0460
25,0,7.0620,0.0160
289,0,7.0780,0.0160
22,0,7.0930,0.0150
23,0,7.1250,0.0320
28,0,7.1400,0.0150
15,0,7.1560,0.0160
18,0,7.1740,0.0180
5349,0,7.2030,0.0290
416,0,7.2650,0.0620
35,0,7.2810,0.0160
4151,0,7.3120,0.0310
4151,0,7.3280,0.0160
51,0,7.4220,0.0940
33,0,7.4530,0.0310
73,0,7.4840,0.0310
140,0,7.5150,0.0310
105,0,7.5490,0.0340
4151,0,7.5640,0.0150
4162,0,7.5810,0.0170
35,0,7.5970,0.0160
14,0,7.6330,0.0360
417,0,7.6410,0.0080
14,0,7.6600,0.0190
35,0,7.6730,0.0130
72,0,7.8000,0.1270
51,0,7.8500,0.0500
340,0,7.8740,0.0240
33,0,7.9080,0.0340
18,0,7.9340,0.0260
72,0,7.9380,0.0040
23,0,7.9690,0.0310
18,0,8.0020,0.0330
18,0,8.0250,0.0230
23,0,8.0490,0.0240
85,0,8.0960,0.0470
74,0,8.1130,0.0170
18,0,8.1270,0.0140
23,0,8.1430,0.0160
4,0,8.1920,0.0490
4,0,8.2530,0.0610
80,0,8.3000,0.0470
51,0,8.3140,0.0140
61,0,8.3300,0.0160
15,0,8.3470,0.0170
85,0,8.3630,0.0160
51,0,8.3920,0.0290
73,0,8.4060,0.0140
51,0,8.4400,0.0340
51,0,8.4570,0.0170
17,0,8.4700,0.0130
15,0,8.4860,0.0160
37,0,8.5160,0.0300
61,0,8.5350,0.0190
80,0,8.5450,0.0100
24,0,8.5470,0.0020
55,0,8.5650,0.0180
28,4,8.5770,0.0120
80,0,8.5780,0.0010
55,3,8.5940,0.0160
49,2,8.6080,0.0140
55,3,8.6090,0.0010
61,4,8.6250,0.0160
112,2,8.6400,0.0150
80,2,8.6560,0.0160
22,0,8.7660,0.1100
24,0,8.8440,0.0780
444,0,8.8760,0.0320
356,0,8.9250,0.0490
33,0,8.9550,0.0300
33,0,8.9720,0.0170
289,0,8.9870,0.0150
18,0,9.0040,0.0170
22,0,9.0180,0.0140
282,0,9.0330,0.0150
33,0,9.0500,0.0170
22,0,9.1140,0.0640
72,0,9.1290,0.0150
64,0,9.1440,0.0150
453,0,9.1580,0.0140
453,0,9.1730,0.0150
61,0,9.2230,0.0500
40,0,9.2370,0.0140
22,0,9.2820,0.0450
416,0,9.2990,0.0170
192,0,9.3330,0.0340
192,0,9.3460,0.0130
416,0,9.3600,0.0140
416,0,9.3910,0.0310
453,0,9.4370,0.0460
453,0,9.5190,0.0820
453,0,9.5490,0.0300
14,0,9.5690,0.0200
51,0,9.5850,0.0160
4,0,9.6000,0.0150
4,0,9.6330,0.0330
61,0,9.6920,0.0590
24,0,9.7210,0.0290
24,0,9.7380,0.0170
5254,0,9.9590,0.2210
8,0,9.9690,0.0100
5254,0,10.0030,0.0340
5254,0,10.0310,0.0280
5254,0,10.0620,0.0310
5254,0,10.0940,0.0320
5254,0,10.1210,0.0270
5254,0,10.1260,0.0050
5254,0,10.1600,0.0340
5254,0,10.1900,0.0300
5254,0,10.2180,0.0280
5254,0,10.2540,0.0360
5254,0,10.2810,0.0270
5254,0,10.3330,0.0520
5254,0,10.3460,0.0130
5254,0,10.3750,0.0290
5254,0,10.4090,0.0340
5254,0,10.4240,0.0150
5254,0,10.4560,0.0320
5254,0,10.4880,0.0320
5254,0,10.5180,0.0300
5254,0,10.5320,0.0140
5254,0,10.5620,0.0300
5254,0,10.5960,0.0340
5254,0,10.6260,0.0300
5254,0,10.6410,0.0150
5254,0,10.6730,0.0320
5254,0,10.7030,0.0300
5254,0,10.7350,0.0320
5254,0,10.7520,0.0170
5254,0,10.7980,0.0460
5254,0,10.8120,0.0140
5254,0,10.8430,0.0310
5254,0,10.8740,0.0310
5254,0,10.9060,0.0320
5254,0,10.9370,0.0310
5254,0,10.9680,0.0310
5254,0,11.0000,0.0320
5254,0,11.0310,0.0310
5254,0,11.0620,0.0310
5254,0,11.0930,0.0310
5254,0,11.1090,0.0160
5254,0,11.1400,0.0310
5254,0,11.1710,0.0310
5254,0,11.2030,0.0320
5254,0,11.2340,0.0310
5254,0,11.2650,0.0310
5254,0,11.2810,0.0160
5254,0,11.3120,0.0310
5254,0,11.3430,0.0310
5254,0,11.3750,0.0320
5254,0,11.3900,0.0150
5254,0,11.4210,0.0310
5254,0,11.4530,0.0320
5254,0,11.4850,0.0320
5254,0,11.5160,0.0310
5254,0,11.5480,0.0320
5254,0,11.5630,0.0150
5254,0,11.5930,0.0300
5254,0,11.6270,0.0340
5254,0,11.6590,0.0320
5254,0,11.6920,0.0330
5254,0,11.7260,0.0340
5254,0,11.7580,0.0320
5254,0,11.7850,0.0270
5254,0,11.8160,0.0310
5254,0,11.8280,0.0120
5254,0,11.8740,0.0460
5254,0,11.9060,0.0320
5254,0,11.9370,0.0310
5254,0,11.9680,0.0310
5254,0,12.0000,0.0320
5254,0,12.0150,0.0150
5254,0,12.0530,0.0380
5254,0,12.0820,0.0290
5254,0,12.1100,0.0280
5254,0,12.1420,0.0320
5254,0,12.1740,0.0320
5254,0,12.2030,0.0290
5254,0,12.2230,0.0200
5254,0,12.2510,0.0280
5254,0,12.2670,0.0160
5254,0,12.2980,0.0310
5254,0,12.3300,0.0320
39,0,12.3610,0.0310
51,0,12.3820,0.0210
61,0,12.3910,0.0090
5254,0,12.4090,0.0180
5254,0,12.4380,0.0290
5254,0,12.4550,0.0170
5254,0,12.5420,0.0870
5254,0,12.5470,0.0050
30,0,12.5620,0.0150
30,0,12.5780,0.0160
24,0,12.5930,0.0150
22,0,12.6090,0.0160
15,0,12.6250,0.0160
61,0,12.6880,0.0630
22,0,12.7190,0.0310
23,0,12.7360,0.0170
51,0,12.7500,0.0140
369,0,12.7670,0.0170
469,4,12.7820,0.0150
369,0,12.7960,0.0140
15,0,12.8140,0.0180
22,0,12.8900,0.0760
4151,0,13.0340,0.1440
54,0,13.0550,0.0210
25,0,13.0640,0.0090
416,0,13.0840,0.0200
85,0,13.0960,0.0120
340,0,13.1150,0.0190
416,0,13.1570,0.0420
453,0,13.2040,0.0470
453,0,13.2190,0.0150
72,0,13.3140,0.0950
180,0,13.3250,0.0110
72,0,13.3280,0.0030
416,0,13.3430,0.0150
453,0,13.3750,0.0320
416,0,13.3900,0.0150
22,0,13.4060,0.0160
80,0,13.5620,0.1560
15,0,13.5780,0.0160
80,0,13.6720,0.0940
13,0,13.6920,0.0200
91,0,13.7070,0.0150
15,0,13.7240,0.0170
15,0,13.7550,0.0310
15,0,13.7660,0.0110
15,0,13.8270,0.0610
4275,0,13.8600,0.0330
80,0,13.8910,0.0310
96,0,13.9300,0.0390
15,0,13.9400,0.0100
61,0,14.0310,0.0910
80,0,14.0630,0.0320
18,0,14.1410,0.0780
18,0,14.1580,0.0170
18,0,14.1720,0.0140
297,0,14.1910,0.0190
33,0,14.2040,0.0130
25,0,14.2670,0.0630
51,0,14.3000,0.0330
15,0,14.3190,0.0190
323,0,14.3320,0.0130
33,0,14.3480,0.0160
23,0,14.3530,0.0050
33,0,14.3590,0.0060
76,0,14.3820,0.0230
25,0,14.4230,0.0410
140,0,14.4560,0.0330
297,0,14.4890,0.0330
15,0,14.5000,0.0110
340,0,14.5540,0.0540
85,0,14.5820,0.0280
15,0,14.6910,0.1090
58,0,14.7060,0.0150
15,0,14.7180,0.0120
4,0,14.7340,0.0160
