SysID,Thread ID,time,inetrval
14,0,0.2390,0.2390
80,0,0.5460,0.3070
80,0,0.5620,0.0160
80,0,0.5770,0.0150
80,0,0.5780,0.0010
18,0,0.6400,0.0620
18,0,0.7390,0.0990
37,0,0.9070,0.1680
55,0,0.9400,0.0330
61,0,0.9700,0.0300
51,0,1.0020,0.0320
49,0,1.0780,0.0760
80,0,1.1060,0.0280
80,0,1.1090,0.0030
347,0,1.1400,0.0310
80,0,1.2370,0.0970
80,0,1.3910,0.1540
15,0,1.4070,0.0160
76,0,1.4380,0.0310
416,0,1.4680,0.0300
453,0,1.5000,0.0320
453,0,1.5320,0.0320
453,0,1.5480,0.0160
18,0,1.6720,0.1240
23,0,1.6870,0.0150
453,0,1.7030,0.0160
453,0,1.7350,0.0320
24,0,1.7500,0.0150
24,0,1.8430,0.0930
80,0,1.8750,0.0320
453,0,1.8990,0.0240
453,0,1.9070,0.0080
18,0,1.9320,0.0250
23,0,1.9350,0.0030
51,0,2.0630,0.1280
15,0,2.0830,0.0200
51,0,2.0950,0.0120
15,0,2.1120,0.0170
24,0,2.2500,0.1380
85,0,2.2650,0.0150
17,0,2.2870,0.0220
74,0,2.2970,0.0100
54,0,2.3600,0.0630
340,0,2.3750,0.0150
356,0,2.4630,0.0880
453,0,2.5620,0.0990
15,0,2.5780,0.0160
38,0,2.6090,0.0310
15,0,2.6270,0.0180
85,0,2.6610,0.0340
33,0,2.6750,0.0140
23,0,2.6900,0.0150
85,0,2.7180,0.0280
293,0,2.7650,0.0470
24,0,2.9710,0.2060
15,0,3.0350,0.0640
37,0,3.1760,0.1410
354,0,3.1920,0.0160
144,0,3.2270,0.0350
417,0,3.2500,0.0230
80,0,3.2660,0.0160
40,0,3.2870,0.0210
49,0,3.3030,0.0160
80,0,3.3200,0.0170
80,0,3.3280,0.0080
80,0,3.3440,0.0160
369,0,3.3640,0.0200
67,2,3.3750,0.0110
55,0,3.4120,0.0370
49,0,3.4220,0.0100
80,0,3.4370,0.0150
80,0,3.4850,0.0480
40,0,3.4990,0.0140
49,0,3.5170,0.0180
80,0,3.5310,0.0140
15,2,3.5460,0.0150
466,0,3.5630,0.0170
112,2,3.5940,0.0310
28,2,3.6250,0.0310
14,2,3.6400,0.0150
369,0,3.6570,0.0170
1,3,3.6710,0.0140
466,2,3.6870,0.0160
80,2,3.7040,0.0170
14,2,3.7190,0.0150
40,0,3.7550,0.0360
49,0,3.7650,0.0100
369,0,3.8280,0.0630
15,0,3.8410,0.0130
80,2,3.8440,0.0030
80,0,3.8590,0.0150
49,0,3.8910,0.0320
49,0,3.9060,0.0150
49,0,3.9260,0.0200
80,3,3.9370,0.0110
49,0,3.9550,0.0180
15,0,3.9680,0.0130
18,0,4.0000,0.0320
14,2,4.0170,0.0170
24,4,4.0310,0.0140
369,0,4.0780,0.0470
4,0,4.0940,0.0160
356,2,4.1100,0.0160
51,4,4.1250,0.0150
356,2,4.1410,0.0160
inetrval
        
356,2,4.1410,0.0160
inetrval
        
18,2,4.1560,0.0150
23,2,4.1710,0.0150
80,4,4.1720,0.0010
24,2,4.1880,0.0160
61,2,4.2190,0.0310
369,4,4.2340,0.0150
51,2,4.2500,0.0160
51,0,4.3040,0.0540
76,0,4.3170,0.0130
76,0,4.3240,0.0070
76,0,4.3270,0.0030
51,0,4.3500,0.0230
76,0,4.3660,0.0160
76,0,4.3760,0.0100
76,0,4.3910,0.0150
76,0,4.4100,0.0190
416,0,4.4180,0.0080
416,0,4.4410,0.0230
24,0,4.5310,0.0900
73,0,4.6600,0.1290
24,0,4.6800,0.0200
18,0,4.8140,0.1340
23,0,4.8490,0.0350
24,0,4.8940,0.0450
24,0,4.9130,0.0190
35,0,4.9250,0.0120
416,0,4.9730,0.0480
416,0,5.0010,0.0280
453,0,5.0260,0.0250
25,0,5.0330,0.0070
72,0,5.0580,0.0250
51,0,5.0640,0.0060
35,0,5.0860,0.0220
453,0,5.1760,0.0900
24,0,5.2700,0.0940
453,0,5.3460,0.0760
453,0,5.3790,0.0330
453,0,5.3980,0.0190
416,0,5.4100,0.0120
35,0,5.5040,0.0940
35,0,5.5190,0.0150
35,0,5.5400,0.0210
35,0,5.5490,0.0090
35,0,5.5660,0.0170
24,0,5.5990,0.0330
73,0,5.6160,0.0170
35,0,5.6810,0.0650
24,0,5.7510,0.0700
416,0,5.7810,0.0300
35,0,5.8620,0.0810
35,0,5.8760,0.0140
35,0,5.8930,0.0170
24,0,6.1740,0.2810
416,0,6.3120,0.1380
80,0,6.3290,0.0170
140,0,6.3470,0.0180
25,0,6.3760,0.0290
18,0,6.3920,0.0160
18,0,6.4070,0.0150
18,0,6.4390,0.0320
18,0,6.4540,0.0150
18,0,6.4650,0.0110
15,0,6.4690,0.0040
37,0,6.4840,0.0150
80,0,6.5170,0.0330
247,0,6.6120,0.0950
33,0,6.6740,0.0620
18,0,6.6890,0.0150
19,0,6.7670,0.0780
18,0,6.7830,0.0160
23,0,6.7970,0.0140
15,0,6.8150,0.0180
18,0,6.8290,0.0140
35,0,7.1100,0.2810
4101,0,7.1270,0.0170
4224,0,7.1430,0.0160
66,0,7.1580,0.0150
0,0,7.2050,0.0470
25,0,7.2210,0.0160
289,0,7.2350,0.0140
22,0,7.2510,0.0160
23,0,7.2820,0.0310
28,0,7.2970,0.0150
5,0,7.3140,0.0170
5349,0,7.3280,0.0140
416,0,7.3450,0.0170
416,0,7.3920,0.0470
25,0,7.4060,0.0140
4151,0,7.4400,0.0340
4151,0,7.4580,0.0180
51,0,7.5620,0.1040
33,0,7.5780,0.0160
18,0,7.5940,0.0160
17,0,7.6090,0.0150
140,0,7.6470,0.0380
105,0,7.6920,0.0450
4162,0,7.7040,0.0120
35,0,7.7340,0.0300
14,0,7.7540,0.0200
417,0,7.7850,0.0310
67,0,7.7990,0.0140
35,0,7.8150,0.0160
21,0,7.9070,0.0920
21,0,7.9310,0.0240
72,0,7.9390,0.0080
51,0,7.9870,0.0480
340,0,8.0180,0.0310
21,0,8.0380,0.0200
21,0,8.0490,0.0110
33,0,8.0700,0.0210
18,0,8.0800,0.0100
24,0,8.0990,0.0190
23,0,8.1090,0.0100
23,0,8.1330,0.0240
18,0,8.1620,0.0290
15,0,8.1760,0.0140
23,0,8.2030,0.0270
85,0,8.2490,0.0460
74,0,8.2650,0.0160
40,0,8.2810,0.0160
23,0,8.2970,0.0160
21,0,8.3430,0.0460
4,0,8.3590,0.0160
21,0,8.3740,0.0150
4,0,8.4060,0.0320
80,0,8.4690,0.0630
61,0,8.4840,0.0150
85,0,8.4990,0.0150
85,0,8.5150,0.0160
61,0,8.5310,0.0160
51,0,8.5620,0.0310
51,0,8.5930,0.0310
51,0,8.6250,0.0320
73,0,8.6400,0.0150
37,0,8.6720,0.0320
61,0,8.6870,0.0150
49,0,8.7030,0.0160
466,3,8.7220,0.0190
80,3,8.7310,0.0090
49,0,8.7340,0.0030
49,2,8.7500,0.0160
112,4,8.7650,0.0150112,4,8.7650,0.0150
112,4,8.7650,0.0150
112,2,8.7810,0.0160

netrval
        


112,2,8.7810,0.0160

netrval
        


22,0,8.9060,0.1250
356,0,8.9880,0.0820
444,0,9.0240,0.0360
444,0,9.0320,0.0080
356,0,9.0650,0.0330
33,0,9.1010,0.0360
22,0,9.1130,0.0120
289,0,9.1290,0.0160
18,0,9.1440,0.0150
22,0,9.1630,0.0190
282,0,9.1770,0.0140
33,0,9.1920,0.0150
22,0,9.2500,0.0580
453,0,9.2650,0.0150
72,0,9.2810,0.0160
64,0,9.2980,0.0170
453,0,9.3120,0.0140
453,0,9.3280,0.0160
61,0,9.3740,0.0460
51,0,9.3900,0.0160
22,0,9.4370,0.0470
416,0,9.4520,0.0150
192,0,9.4840,0.0320
192,0,9.5000,0.0160
416,0,9.5470,0.0470
453,0,9.5770,0.0300
416,0,9.5930,0.0160
453,0,9.6710,0.0780
453,0,9.7070,0.0360
61,0,9.7220,0.0150
51,0,9.7410,0.0190
21,0,9.7520,0.0110
4,0,9.7820,0.0300
61,0,9.8440,0.0620
24,0,9.8790,0.0350
24,0,9.9070,0.0280
5254,0,10.1100,0.2030
5254,0,10.1880,0.0780
5254,0,10.2350,0.0470
5254,0,10.2510,0.0160
5254,0,10.2660,0.0150
5254,0,10.2810,0.0150
39,0,10.3130,0.0320
51,0,10.3290,0.0160
51,0,10.3440,0.0150
30,0,10.3600,0.0160
24,0,10.3750,0.0150
22,0,10.3910,0.0160
23,0,10.4060,0.0150
61,0,10.4690,0.0630
22,0,10.5150,0.0460
23,0,10.5310,0.0160
51,0,10.5470,0.0160
80,2,10.5660,0.0190
49,0,10.5770,0.0110
80,3,10.5940,0.0170
80,0,10.6090,0.0150
22,0,10.6720,0.0630
453,0,10.6950,0.0230
4151,0,10.8280,0.1330
54,0,10.8520,0.0240
25,0,10.8620,0.0100
416,0,10.8830,0.0210
85,0,10.8910,0.0080
340,0,10.9160,0.0250
416,0,10.9520,0.0360
453,0,11.0070,0.0550
453,0,11.0200,0.0130
72,0,11.1100,0.0900
72,0,11.1280,0.0180
416,0,11.1420,0.0140
453,0,11.1750,0.0330
416,0,11.1880,0.0130
22,0,11.2220,0.0340
80,0,11.3590,0.1370
15,0,11.3850,0.0260
15,0,11.3900,0.0050
80,0,11.4870,0.0970
13,0,11.5000,0.0130
15,0,11.5240,0.0240
91,0,11.5310,0.0070
15,0,11.5620,0.0310
15,0,11.6270,0.0650
80,0,11.6420,0.0150
4275,0,11.6660,0.0240
4275,0,11.6720,0.0060
80,0,11.6980,0.0260
96,0,11.7370,0.0390
61,0,11.8600,0.1230
80,0,11.8910,0.0310
18,0,11.9770,0.0860
201,0,11.9840,0.0070
18,0,12.0020,0.0180
33,0,12.0160,0.0140
453,0,12.0340,0.0180
33,0,12.1110,0.0770
33,0,12.1250,0.0140
76,0,12.1410,0.0160
25,0,12.1720,0.0310
23,0,12.1880,0.0160
140,0,12.2240,0.0360
33,0,12.2360,0.0120
85,0,12.2510,0.0150
61,0,12.2660,0.0150
85,0,12.2840,0.0180
35,0,12.3150,0.0310
51,0,12.3300,0.0150
17,0,12.3630,0.0330
42,0,12.3980,0.0350
33,0,12.4080,0.0100
340,0,12.4680,0.0600
85,0,12.5000,0.0320
15,0,12.5800,0.0800
15,0,12.6090,0.0290
4,0,12.6250,0.0160
