SysID,Thread ID,time,inetrval
14,0,0.2530,0.2530
80,0,0.6100,0.3570
80,0,0.6250,0.0150
80,0,0.6410,0.0160
18,0,0.7110,0.0700
18,0,0.8120,0.1010
37,0,1.0160,0.2040
55,0,1.0640,0.0480
61,0,1.1280,0.0640
51,0,1.1580,0.0300
40,0,1.1720,0.0140
49,0,1.2530,0.0810
80,0,1.3320,0.0790
347,0,1.4060,0.0740
80,0,1.5650,0.1590
80,0,1.8600,0.2950
76,0,1.9390,0.0790
416,0,1.9530,0.0140
453,0,1.9840,0.0310
453,0,2.0310,0.0470
453,0,2.0480,0.0170
18,0,2.1790,0.1310
23,0,2.1830,0.0040
453,0,2.2060,0.0230
453,0,2.2340,0.0280
24,0,2.2590,0.0250
24,0,2.3450,0.0860
80,0,2.3750,0.0300
453,0,2.3950,0.0200
453,0,2.4060,0.0110
18,0,2.4380,0.0320
51,0,2.5780,0.1400
51,0,2.6090,0.0310
51,0,2.6270,0.0180
24,0,2.7030,0.0760
85,0,2.7190,0.0160
17,0,2.7340,0.0150
54,0,2.8130,0.0790
340,0,2.8280,0.0150
356,0,2.9070,0.0790
453,0,3.0780,0.1710
38,0,3.1110,0.0330
33,0,3.1270,0.0160
15,0,3.1570,0.0300
85,0,3.1760,0.0190
33,0,3.1920,0.0160
18,0,3.2030,0.0110
76,0,3.2260,0.0230
33,0,3.2370,0.0110
293,0,3.2820,0.0450
24,0,3.4860,0.2040
15,0,3.5630,0.0770
37,0,3.7030,0.1400
354,0,3.7180,0.0150
205,0,3.7350,0.0170
144,0,3.7500,0.0150
80,0,3.7810,0.0310
55,0,3.8010,0.0200
40,0,3.8130,0.0120
49,0,3.8280,0.0150
55,0,3.8440,0.0160
80,0,3.8600,0.0160
369,0,3.8760,0.0160
15,0,3.8920,0.0160
55,0,3.9220,0.0300
469,2,3.9380,0.0160
80,0,3.9550,0.0170
80,0,3.9690,0.0140
80,0,3.9850,0.0160
40,0,4.0020,0.0170
24,2,4.0380,0.0360
49,0,4.0430,0.0050
80,0,4.0470,0.0040
18,2,4.0630,0.0160
24,2,4.0790,0.0160
112,2,4.1250,0.0460
369,0,4.1560,0.0310
15,0,4.1720,0.0160
1,3,4.1880,0.0160
24,0,4.2040,0.0160
466,2,4.2190,0.0150
112,0,4.2360,0.0170
24,2,4.2480,0.0120
40,0,4.2820,0.0340
49,0,4.2980,0.0160
80,2,4.3120,0.0140
369,0,4.3300,0.0180
80,0,4.3450,0.0150
14,3,4.3620,0.0170
49,0,4.3760,0.0140
49,0,4.4080,0.0320
369,0,4.4220,0.0140
80,2,4.4350,0.0130
80,0,4.4380,0.0030
80,3,4.4530,0.0150
80,3,4.4690,0.0160
51,0,4.5040,0.0350
76,0,4.5180,0.0140
51,0,4.5340,0.0160
51,0,4.5500,0.0160
51,0,4.5650,0.0150
76,0,4.5790,0.0140
76,0,4.5950,0.0160
416,0,4.6110,0.0160
24,0,4.6590,0.0480
73,0,4.7980,0.1390
24,0,4.8200,0.0220
18,0,4.9530,0.1330
23,0,4.9680,0.0150
23,0,5.0000,0.0320
24,0,5.0940,0.0940
24,0,5.1250,0.0310
24,0,5.1440,0.0190
35,0,5.1570,0.0130
416,0,5.2190,0.0620
35,0,5.3140,0.0950
35,0,5.3440,0.0300
35,0,5.3620,0.0180
35,0,5.3770,0.0150
35,0,5.3930,0.0160
73,0,5.4410,0.0480
35,0,5.5030,0.0620
24,0,5.5500,0.0470
24,0,5.5940,0.0440
85,0,5.6130,0.0190
340,0,5.6290,0.0160
416,0,5.6730,0.0440
416,0,5.7030,0.0300
453,0,5.7230,0.0200
453,0,5.7390,0.0160
72,0,5.7560,0.0170
51,0,5.7700,0.0140
35,0,5.7870,0.0170
453,0,5.8340,0.0470
453,0,5.8480,0.0140
453,0,5.8620,0.0140
72,0,5.9570,0.0950
72,0,5.9740,0.0170
25,0,5.9840,0.0100
35,0,6.0780,0.0940
35,0,6.1000,0.0220
35,0,6.1130,0.0130
24,0,6.4850,0.3720
416,0,6.5790,0.0940
416,0,6.6440,0.0650
35,0,6.6620,0.0180
54,0,6.6750,0.0130
140,0,6.7040,0.0290
25,0,6.7290,0.0250
18,0,6.7370,0.0080
18,0,6.7520,0.0150
18,0,6.7670,0.0150
18,0,6.7820,0.0150
18,0,6.7990,0.0170
18,0,6.8150,0.0160
37,0,6.8300,0.0150
80,0,6.8620,0.0320
247,0,6.9690,0.1070
33,0,7.0340,0.0650
18,0,7.0510,0.0170
19,0,7.1260,0.0750
18,0,7.1500,0.0240
18,0,7.1580,0.0080
15,0,7.1750,0.0170
18,0,7.1920,0.0170
24,0,7.2560,0.0640
35,0,7.5480,0.2920
37,0,7.5620,0.0140
297,0,7.5800,0.0180
0,0,7.6270,0.0470
15,0,7.6420,0.0150
289,0,7.6560,0.0140
22,0,7.6870,0.0310
23,0,7.7210,0.0340
28,0,7.7510,0.0300
18,0,7.7670,0.0160
5349,0,7.7810,0.0140
453,0,7.8940,0.1130
24,0,7.9840,0.0900
453,0,8.0940,0.1100
416,0,8.1090,0.0150
453,0,8.1400,0.0310
24,0,8.1560,0.0160
417,0,8.1870,0.0310
360,0,8.2500,0.0630
