SysID,Thread ID,time,inetrval
14,0,0.2400,0.2400
80,0,0.6130,0.3730
80,0,0.6270,0.0140
80,0,0.6400,0.0130
33,0,0.6580,0.0180
18,0,0.7040,0.0460
18,0,0.8130,0.1090
37,0,1.0140,0.2010
55,0,1.0630,0.0490
61,0,1.1140,0.0510
51,0,1.1390,0.0250
74,0,1.1540,0.0150
49,0,1.2490,0.0950
80,0,1.2830,0.0340
347,0,1.3100,0.0270
80,0,1.4370,0.1270
80,0,1.6140,0.1770
15,0,1.6230,0.0090
76,0,1.6860,0.0630
416,0,1.7190,0.0330
453,0,1.7450,0.0260
453,0,1.7810,0.0360
453,0,1.7950,0.0140
18,0,1.9350,0.1400
453,0,1.9520,0.0170
453,0,1.9840,0.0320
24,0,1.9990,0.0150
24,0,2.0770,0.0780
80,0,2.1390,0.0620
453,0,2.1540,0.0150
453,0,2.1710,0.0170
453,0,2.1880,0.0170
18,0,2.2180,0.0300
51,0,2.3900,0.1720
15,0,2.4050,0.0150
51,0,2.4360,0.0310
24,0,2.5140,0.0780
85,0,2.5300,0.0160
17,0,2.5460,0.0160
40,0,2.5620,0.0160
54,0,2.6260,0.0640
356,0,2.7030,0.0770
453,0,2.8280,0.1250
15,0,2.8440,0.0160
38,0,2.8590,0.0150
297,0,2.8750,0.0160
15,0,2.9060,0.0310
85,0,2.9210,0.0150
33,0,2.9510,0.0300
15,0,2.9700,0.0190
85,0,2.9840,0.0140
15,0,2.9990,0.0150
293,0,3.0470,0.0480
24,0,3.2970,0.2500
15,0,3.3590,0.0620
37,0,3.4690,0.1100
354,0,3.4990,0.0300
196,0,3.5150,0.0160
417,0,3.5320,0.0170
80,0,3.5480,0.0160
40,0,3.5640,0.0160
49,0,3.5760,0.0120
49,0,3.5930,0.0170
369,0,3.6230,0.0300
67,2,3.6390,0.0160
1,2,3.6700,0.0310
55,0,3.6860,0.0160
49,0,3.7010,0.0150
80,0,3.7490,0.0480
80,0,3.7640,0.0150
466,2,3.8110,0.0470
18,0,3.8460,0.0350
112,0,3.8890,0.0430
55,0,3.9050,0.0160
14,2,3.9200,0.0150
469,2,3.9510,0.0310
80,2,3.9830,0.0320
40,0,4.0300,0.0470
466,2,4.0460,0.0160
80,2,4.0600,0.0140
369,0,4.0760,0.0160
24,3,4.0910,0.0150
49,0,4.0920,0.0010
80,0,4.1080,0.0160
469,2,4.1260,0.0180
49,0,4.1390,0.0130
49,0,4.1580,0.0190
49,0,4.1700,0.0120
80,2,4.1950,0.0250
80,2,4.1990,0.0040
469,2,4.2020,0.0030
369,0,4.2220,0.0200
369,0,4.2290,0.0070
80,4,4.2320,0.0030
469,3,4.2500,0.0180
18,0,4.2690,0.0190
51,0,4.2960,0.0270
24,0,4.3280,0.0320
24,0,4.3480,0.0200
55,0,4.3530,0.0050
51,3,4.3570,0.0040
40,3,4.3780,0.0210
49,3,4.3890,0.0110
369,3,4.4370,0.0480
28,2,4.4560,0.0190
23,4,4.4670,0.0110
61,4,4.5460,0.0790
61,4,4.5620,0.0160
49,4,4.5770,0.0150
369,4,4.6070,0.0300
14,4,4.6240,0.0170
51,0,4.6720,0.0480
76,0,4.6860,0.0140
76,0,4.7030,0.0170
51,0,4.7340,0.0310
76,0,4.7490,0.0150
76,0,4.7650,0.0160
76,0,4.7810,0.0160
416,0,4.7960,0.0150
24,0,4.8440,0.0480
73,0,5.0010,0.1570
73,0,5.0150,0.0140
18,0,5.1700,0.1550
23,0,5.1860,0.0160
24,0,5.2540,0.0680
24,0,5.2660,0.0120
35,0,5.2960,0.0300
416,0,5.3430,0.0470
416,0,5.3760,0.0330
453,0,5.3950,0.0190
453,0,5.4070,0.0120
72,0,5.4380,0.0310
51,0,5.4650,0.0270
7,0,5.4670,0.0020
453,0,5.5770,0.1100
24,0,5.6920,0.1150
453,0,5.7370,0.0450
416,0,5.7560,0.0190
453,0,5.7970,0.0410
416,0,5.8170,0.0200
35,0,5.9160,0.0990
35,0,5.9200,0.0040
35,0,5.9460,0.0260
35,0,5.9690,0.0230
35,0,5.9840,0.0150
35,0,5.9980,0.0140
24,0,6.0300,0.0320
73,0,6.0450,0.0150
35,0,6.1090,0.0640
24,0,6.1550,0.0460
24,0,6.1850,0.0300
416,0,6.2250,0.0400
35,0,6.3100,0.0850
35,0,6.3320,0.0220
35,0,6.3430,0.0110
416,0,6.7830,0.4400
54,0,6.8010,0.0180
80,0,6.8160,0.0150
140,0,6.8480,0.0320
25,0,6.8610,0.0130
18,0,6.8770,0.0160
18,0,6.8910,0.0140
18,0,6.9200,0.0290
18,0,6.9550,0.0350
18,0,6.9710,0.0160
18,0,6.9820,0.0110
37,0,7.0040,0.0220
24,0,7.0170,0.0130
80,0,7.0450,0.0280
247,0,7.1590,0.1140
33,0,7.2190,0.0600
18,0,7.2390,0.0200
19,0,7.2500,0.0110
19,0,7.3130,0.0630
15,0,7.3260,0.0130
18,0,7.3430,0.0170
23,0,7.3590,0.0160
15,0,7.3750,0.0160
18,0,7.3900,0.0150
24,0,7.4680,0.0780
35,0,7.7040,0.2360
35,0,7.7190,0.0150
37,0,7.7360,0.0170
66,0,7.7540,0.0180
0,0,7.7950,0.0410
289,0,7.8320,0.0370
22,0,7.8500,0.0180
23,0,7.8800,0.0300
28,0,7.9060,0.0260
5349,0,7.9400,0.0340
416,0,7.9990,0.0590
35,0,8.0180,0.0190
4151,0,8.0620,0.0440
453,0,8.0780,0.0160
51,0,8.1850,0.1070
33,0,8.2020,0.0170
18,0,8.2170,0.0150
23,0,8.2350,0.0180
73,0,8.2480,0.0130
140,0,8.2820,0.0340
105,0,8.3260,0.0440
4162,0,8.3580,0.0320
35,0,8.3740,0.0160
14,0,8.4090,0.0350
417,0,8.4380,0.0290
35,0,8.4670,0.0290
21,0,8.5800,0.1130
72,0,8.6110,0.0310
51,0,8.6770,0.0660
340,0,8.7040,0.0270
33,0,8.7370,0.0330
33,0,8.7520,0.0150
282,0,8.7690,0.0170
341,0,8.7830,0.0140
23,0,8.8010,0.0180
23,0,8.8130,0.0120
18,0,8.8420,0.0290
23,0,8.8920,0.0500
85,0,8.9370,0.0450
74,0,8.9540,0.0170
40,0,8.9690,0.0150
18,0,8.9840,0.0150
23,0,8.9990,0.0150
21,0,9.0460,0.0470
21,0,9.0600,0.0140
4,0,9.0610,0.0010
4,0,9.1240,0.0630
80,0,9.1730,0.0490
51,0,9.2010,0.0280
85,0,9.2220,0.0210
85,0,9.2340,0.0120
15,0,9.2500,0.0160
51,0,9.2800,0.0300
15,0,9.2970,0.0170
51,0,9.3270,0.0300
51,0,9.3590,0.0320
15,0,9.3750,0.0160
15,0,9.3910,0.0160
37,0,9.4230,0.0320
40,0,9.4380,0.0150
49,0,9.4540,0.0160
55,0,9.4660,0.0120
80,4,9.4670,0.0010
15,0,9.4830,0.0160
80,4,9.5090,0.0260
369,2,9.5130,0.0040
466,4,9.5290,0.0160
80,3,9.5450,0.0160
22,0,9.6560,0.1110
22,0,9.6720,0.0160
356,0,9.7500,0.0780
444,0,9.7810,0.0310
356,0,9.8280,0.0470
33,0,9.8760,0.0480
22,0,9.8900,0.0140
22,0,9.9040,0.0140
22,0,9.9260,0.0220
22,0,9.9370,0.0110
36,0,9.9520,0.0150
22,0,9.9680,0.0160
22,0,10.0310,0.0630
453,0,10.0470,0.0160
72,0,10.0620,0.0150
64,0,10.0780,0.0160
453,0,10.0920,0.0140
416,0,10.1100,0.0180
61,0,10.1720,0.0620
42,0,10.1850,0.0130
22,0,10.2180,0.0330
416,0,10.2350,0.0170
192,0,10.2820,0.0470
192,0,10.2950,0.0130
416,0,10.3420,0.0470
453,0,10.3890,0.0470
416,0,10.4050,0.0160
453,0,10.4680,0.0630
416,0,10.4830,0.0150
453,0,10.5140,0.0310
51,0,10.5450,0.0310
5125,0,10.5650,0.0200
4156,0,10.5780,0.0130
80,0,10.5940,0.0160
80,0,10.6230,0.0290
4188,0,10.6400,0.0170
4328,0,10.6980,0.0580
24,0,10.7020,0.0040
4211,0,10.7200,0.0180
4,0,10.7490,0.0290
4,0,10.7640,0.0150
24,0,10.7810,0.0170
4,0,10.7950,0.0140
4,0,10.8120,0.0170
4,0,10.8260,0.0140
4819,0,10.8580,0.0320
4802,0,10.8730,0.0150
4200,0,10.8890,0.0160
4131,0,10.9360,0.0470
80,0,10.9510,0.0150
4258,0,10.9990,0.0480
4212,0,11.0150,0.0160
4158,0,11.0300,0.0150
4264,0,11.0460,0.0160
4212,0,11.0620,0.0160
4242,0,11.0920,0.0300
4103,0,11.1230,0.0310
5,0,11.1460,0.0230
4192,0,11.1550,0.0090
18,0,11.2100,0.0550
15,0,11.2200,0.0100
51,0,11.2360,0.0160
35,0,11.2500,0.0140
35,0,11.2700,0.0200
4101,0,11.2840,0.0140
4258,0,11.3420,0.0580
4212,0,11.3600,0.0180
4258,0,11.3790,0.0190
4,0,11.3920,0.0130
4158,0,11.4230,0.0310
4264,0,11.4580,0.0350
4212,0,11.4680,0.0100
5230,0,11.4880,0.0200
5412,0,11.5330,0.0450
4103,0,11.5450,0.0120
37,0,11.5610,0.0160
4,0,11.5800,0.0190
453,0,11.6390,0.0590
14,0,11.7020,0.0630
80,0,11.7170,0.0150
4110,0,11.7330,0.0160
4166,0,11.7480,0.0150
5230,0,11.7640,0.0160
4188,0,11.7800,0.0160
5292,0,11.7950,0.0150
4131,0,11.8260,0.0310
4103,0,11.8580,0.0320
4258,0,11.8890,0.0310
4158,0,11.9130,0.0240
5225,0,11.9230,0.0100
5,0,11.9440,0.0210
4212,0,11.9490,0.0050
4,0,11.9520,0.0030
5,0,11.9780,0.0260
4103,0,11.9830,0.0050
4103,0,12.0090,0.0260
4100,0,12.0150,0.0060
4106,0,12.0610,0.0460
5292,0,12.0760,0.0150
5,0,12.0920,0.0160
5,0,12.1090,0.0170
4123,0,12.1230,0.0140
4111,0,12.1410,0.0180
4106,0,12.1940,0.0530
80,0,12.2050,0.0110
4180,0,12.2210,0.0160
4222,0,12.2540,0.0330
80,0,12.2640,0.0100
80,0,12.2880,0.0240
4107,0,12.2960,0.0080
4100,0,12.3260,0.0300
4103,0,12.3530,0.0270
194,0,12.3600,0.0070
4177,0,12.4050,0.0450
4187,0,12.4360,0.0310
5,0,12.4510,0.0150
4097,0,12.4670,0.0160
4,0,12.4830,0.0160
14,5,12.4980,0.0150
21,5,12.5300,0.0320
4106,0,12.5500,0.0200
4129,0,12.5650,0.0150
5,0,12.5760,0.0110
4,5,12.6080,0.0320
4112,5,12.6870,0.0790
4097,0,12.7020,0.0150
61,5,12.7190,0.0170
24,5,12.7510,0.0320
24,5,12.7640,0.0130
5254,5,12.9830,0.2190
4103,5,12.9980,0.0150
4123,0,13.0230,0.0250
5,0,13.0320,0.0090
5254,5,13.0450,0.0130
5254,5,13.0760,0.0310
4123,0,13.1090,0.0330
5254,5,13.1260,0.0170
5254,5,13.1590,0.0330
5254,5,13.1840,0.0250
4097,0,13.1850,0.0010
4097,0,13.2040,0.0190
5254,5,13.2340,0.0300
5254,5,13.2480,0.0140
5254,5,13.2650,0.0170
5254,5,13.2960,0.0310
5254,5,13.3110,0.0150
5254,5,13.3280,0.0170
5254,5,13.3420,0.0140
5254,5,13.3730,0.0310
5254,5,13.3920,0.0190
5254,5,13.4520,0.0600
5254,5,13.4690,0.0170
4097,0,13.4840,0.0150
5254,5,13.4990,0.0150
5254,5,13.5200,0.0210
5254,5,13.5460,0.0260
4097,0,13.5610,0.0150
4108,0,13.5760,0.0150
5254,5,13.5950,0.0190
5254,5,13.6110,0.0160
4097,0,13.6230,0.0120
5254,5,13.6440,0.0210
5254,5,13.6540,0.0100
5254,5,13.6730,0.0190
5254,5,13.6880,0.0150
5254,5,13.7030,0.0150
4097,0,13.7250,0.0220
4123,0,13.7290,0.0040
5254,5,13.7330,0.0040
5254,5,13.7640,0.0310
5254,5,13.7950,0.0310
5254,5,13.8280,0.0330
5254,5,13.8420,0.0140
8,5,13.8710,0.0290
4097,0,13.8730,0.0020
5254,5,13.8960,0.0230
5254,5,13.9200,0.0240
5254,5,13.9400,0.0200
5254,5,13.9570,0.0170
5254,5,13.9670,0.0100
39,5,14.0300,0.0630
4112,5,14.0460,0.0160
61,5,14.0950,0.0490
5254,5,14.1280,0.0330
4097,0,14.1400,0.0120
5254,5,14.1570,0.0170
5254,5,14.1710,0.0140
30,5,14.1880,0.0170
30,5,14.2170,0.0290
24,5,14.2340,0.0170
4103,5,14.2490,0.0150
4096,0,14.2690,0.0200
4177,0,14.2820,0.0130
5,0,14.3030,0.0210
5412,0,14.3150,0.0120
22,0,14.3330,0.0180
23,0,14.3480,0.0150
21,0,14.3640,0.0160
61,0,14.4040,0.0400
22,0,14.4420,0.0380
29,0,14.4580,0.0160
23,0,14.4680,0.0100
51,0,14.4830,0.0150
369,0,14.4990,0.0160
55,0,14.5130,0.0140
49,0,14.5140,0.0010
80,3,14.5290,0.0150
15,0,14.5450,0.0160
22,0,14.6080,0.0630
453,0,14.6360,0.0280
453,0,14.6410,0.0050
4151,0,14.7650,0.1240
80,0,14.7960,0.0310
54,0,14.8120,0.0160
416,0,14.8280,0.0160
85,0,14.8430,0.0150
340,0,14.8610,0.0180
416,0,14.9040,0.0430
453,0,14.9510,0.0470
453,0,14.9670,0.0160
72,0,15.0610,0.0940
340,0,15.0760,0.0150
453,0,15.1080,0.0320
453,0,15.1260,0.0180
416,0,15.1400,0.0140
22,0,15.1560,0.0160
14,0,15.1770,0.0210
80,0,15.3300,0.1530
80,0,15.4390,0.1090
13,0,15.4530,0.0140
91,0,15.4750,0.0220
15,0,15.4830,0.0080
15,0,15.5140,0.0310
15,0,15.5780,0.0640
80,0,15.5940,0.0160
80,0,15.6090,0.0150
80,0,15.6390,0.0300
14,0,15.6560,0.0170
96,0,15.6730,0.0170
15,0,15.6880,0.0150
61,0,15.7800,0.0920
61,0,15.8110,0.0310
80,0,15.8300,0.0190
18,0,15.9210,0.0910
18,0,15.9520,0.0310
18,0,15.9680,0.0160
453,0,15.9840,0.0160
33,0,16.0630,0.0790
15,0,16.0780,0.0150
18,0,16.0940,0.0160
25,0,16.1420,0.0480
73,0,16.1580,0.0160
140,0,16.1870,0.0290
33,0,16.2070,0.0200
76,0,16.2280,0.0210
85,0,16.2330,0.0050
61,0,16.2510,0.0180
85,0,16.2670,0.0160
35,0,16.2980,0.0310
51,0,16.3130,0.0150
17,0,16.3450,0.0320
42,0,16.3580,0.0130
15,0,16.3740,0.0160
340,0,16.4380,0.0640
85,0,16.4690,0.0310
15,0,16.5460,0.0770
24,0,16.5610,0.0150
28,0,16.5760,0.0150
15,0,16.5920,0.0160
4,0,16.6240,0.0320
