SysID,Thread ID,time,inetrval
14,0,0.2410,0.2410
80,0,0.5470,0.3060
80,0,0.5630,0.0160
80,0,0.5790,0.0160
18,0,0.5940,0.0150
18,0,0.6410,0.0470
18,0,0.7510,0.1100
37,0,0.9240,0.1730
55,0,0.9580,0.0340
61,0,0.9840,0.0260
51,0,1.0160,0.0320
49,0,1.0940,0.0780
80,0,1.1260,0.0320
347,0,1.1430,0.0170
80,0,1.2510,0.1080
80,0,1.3950,0.1440
15,0,1.4060,0.0110
76,0,1.4550,0.0490
416,0,1.4840,0.0290
453,0,1.5350,0.0510
453,0,1.5940,0.0590
453,0,1.6260,0.0320
18,0,1.7820,0.1560
453,0,1.8010,0.0190
453,0,1.8280,0.0270
24,0,1.8590,0.0310
24,0,1.9380,0.0790
80,0,1.9840,0.0460
453,0,2.0000,0.0160
453,0,2.0190,0.0190
18,0,2.0320,0.0130
51,0,2.1880,0.1560
15,0,2.2030,0.0150
51,0,2.2190,0.0160
51,0,2.2350,0.0160
24,0,2.2810,0.0460
85,0,2.3600,0.0790
17,0,2.4040,0.0440
74,0,2.4070,0.0030
54,0,2.4840,0.0770
340,0,2.5010,0.0170
356,0,2.5760,0.0750
453,0,2.6880,0.1120
15,0,2.7190,0.0310
38,0,2.7350,0.0160
297,0,2.7510,0.0160
15,0,2.7820,0.0310
85,0,2.7980,0.0160
33,0,2.8290,0.0310
15,0,2.8600,0.0310
453,0,2.8830,0.0230
15,0,2.8880,0.0050
15,0,2.8910,0.0030
293,0,2.9380,0.0470
24,0,3.1290,0.1910
15,0,3.1910,0.0620
15,0,3.2040,0.0130
37,0,3.2970,0.0930
354,0,3.3200,0.0230
173,0,3.3310,0.0110
196,0,3.3480,0.0170
417,0,3.3620,0.0140
80,0,3.3790,0.0170
55,0,3.3930,0.0140
369,0,3.4070,0.0140
67,2,3.4380,0.0310
1,2,3.4530,0.0150
40,0,3.4700,0.0170
49,0,3.4850,0.0150
80,0,3.5000,0.0150
80,0,3.5320,0.0320
80,0,3.5780,0.0460
356,2,3.6090,0.0310
18,2,3.6250,0.0160
15,0,3.6410,0.0160
55,0,3.6560,0.0150
55,0,3.6870,0.0310
55,0,3.7030,0.0160
61,2,3.7190,0.0160
466,2,3.7510,0.0320
466,3,3.7660,0.0150
18,0,3.7850,0.0190
24,0,3.7990,0.0140
112,0,3.8130,0.0140
466,0,3.8440,0.0310
112,3,3.8590,0.0150
112,4,3.8750,0.0160
466,4,3.8910,0.0160
55,0,3.9060,0.0150
61,3,3.9230,0.0170
24,2,3.9370,0.0140
112,4,3.9540,0.0170
61,2,3.9860,0.0320
112,0,3.9990,0.0130
112,3,4.0160,0.0170
61,3,4.0310,0.0150
61,3,4.0480,0.0170
61,2,4.0620,0.0140
61,4,4.0770,0.0150
24,0,4.0780,0.0010
61,4,4.0940,0.0160
61,3,4.0940,0.0160
76,2,4.1100,0.0160
361,2,4.1270,0.0170
14,0,4.1410,0.0140
