SysID,Thread ID,time,inetrval
14,0,0.2350,0.2350
80,0,0.5620,0.3270
80,0,0.5780,0.0160
80,0,0.5940,0.0160
15,0,0.6190,0.0250
18,0,0.6580,0.0390
18,0,0.7700,0.1120
37,0,0.9600,0.1900
55,0,0.9890,0.0290
61,0,1.0180,0.0290
51,0,1.0350,0.0170
40,0,1.0500,0.0150
49,0,1.1180,0.0680
80,0,1.1270,0.0090
80,0,1.1430,0.0160
347,0,1.1690,0.0260
80,0,1.2660,0.0970
80,0,1.3910,0.1250
15,0,1.4070,0.0160
76,0,1.4540,0.0470
416,0,1.4850,0.0310
453,0,1.5010,0.0160
453,0,1.5310,0.0300
453,0,1.5470,0.0160
18,0,1.6750,0.1280
15,0,1.6890,0.0140
453,0,1.7220,0.0330
24,0,1.7370,0.0150
24,0,1.8290,0.0920
80,0,1.8600,0.0310
453,0,1.8810,0.0210
453,0,1.8910,0.0100
18,0,1.9060,0.0150
51,0,2.0470,0.1410
15,0,2.0630,0.0160
51,0,2.0940,0.0310
24,0,2.2060,0.1120
85,0,2.2190,0.0130
17,0,2.2350,0.0160
54,0,2.2980,0.0630
340,0,2.3130,0.0150
356,0,2.3940,0.0810
453,0,2.4860,0.0920
15,0,2.5150,0.0290
297,0,2.5450,0.0300
33,0,2.5470,0.0020
15,0,2.5700,0.0230
85,0,2.5810,0.0110
33,0,2.6110,0.0300
15,0,2.6250,0.0140
76,0,2.6460,0.0210
15,0,2.6540,0.0080
293,0,2.6880,0.0340
24,0,2.8970,0.2090
15,0,2.9570,0.0600
37,0,3.0660,0.1090
354,0,3.0810,0.0150
196,0,3.0980,0.0170
417,0,3.1120,0.0140
80,0,3.1300,0.0180
40,0,3.1430,0.0130
49,0,3.1570,0.0140
80,0,3.1700,0.0130
55,0,3.1720,0.0020
49,0,3.1880,0.0160
369,0,3.2200,0.0320
67,2,3.2360,0.0160
55,0,3.2670,0.0310
49,0,3.2810,0.0140
80,0,3.3280,0.0470
80,0,3.3440,0.0160
24,2,3.3910,0.0470
18,2,3.4110,0.0200
24,2,3.4250,0.0140
112,2,3.4560,0.0310
14,2,3.4690,0.0130
469,2,3.5000,0.0310
49,0,3.5190,0.0190
24,0,3.5440,0.0250
112,0,3.5480,0.0040
466,0,3.5630,0.0150
40,0,3.6100,0.0470
15,0,3.6260,0.0160
15,0,3.6260,0.0160
24,0,3.6400,0.0140
80,3,3.6560,0.0160
80,3,3.6720,0.0160
49,0,3.6890,0.0170
49,0,3.7060,0.0170
49,0,3.7190,0.0130
49,0,3.7570,0.0380
80,3,3.7660,0.0090
49,0,3.7840,0.0180
15,0,3.7970,0.0130
469,4,3.8150,0.0180
18,0,3.8280,0.0130
51,0,3.8460,0.0180
24,0,3.8790,0.0330
369,0,3.9070,0.0280
466,2,3.9220,0.0150
356,3,3.9530,0.0310
356,3,3.9710,0.0180
74,2,3.9860,0.0150
18,3,4.0010,0.0150
80,2,4.0170,0.0160
80,2,4.0320,0.0150
24,2,4.0470,0.0150
61,3,4.0950,0.0480
61,3,4.1090,0.0140
469,2,4.1100,0.0010
28,4,4.1250,0.0150
51,0,4.1720,0.0470
51,0,4.1960,0.0240
348,0,4.2070,0.0110
51,0,4.2350,0.0280
76,0,4.2600,0.0250
76,0,4.2690,0.0090
76,0,4.2820,0.0130
416,0,4.3090,0.0270
24,0,4.4070,0.0980
73,0,4.5330,0.1260
73,0,4.5510,0.0180
18,0,4.6900,0.1390
23,0,4.7190,0.0290
24,0,4.7500,0.0310
24,0,4.7660,0.0160
24,0,4.7820,0.0160
35,0,4.7970,0.0150
416,0,4.8440,0.0470
416,0,4.8600,0.0160
453,0,4.8840,0.0240
25,0,4.8940,0.0100
72,0,4.9140,0.0200
51,0,4.9250,0.0110
35,0,4.9530,0.0280
453,0,5.0170,0.0640
24,0,5.1120,0.0950
453,0,5.1720,0.0600
416,0,5.2030,0.0310
453,0,5.2430,0.0400
453,0,5.2540,0.0110
35,0,5.3440,0.0900
35,0,5.3750,0.0310
35,0,5.4070,0.0320
35,0,5.4320,0.0250
24,0,5.4410,0.0090
73,0,5.4710,0.0300
35,0,5.5340,0.0630
24,0,5.5850,0.0510
24,0,5.5970,0.0120
416,0,5.6340,0.0370
35,0,5.7190,0.0850
35,0,5.7350,0.0160
35,0,5.7500,0.0150
416,0,6.1410,0.3910
54,0,6.1560,0.0150
140,0,6.1720,0.0160
25,0,6.2030,0.0310
18,0,6.2190,0.0160
18,0,6.2340,0.0150
18,0,6.2670,0.0330
18,0,6.2810,0.0140
37,0,6.2970,0.0160
80,0,6.3280,0.0310
35,0,6.4690,0.1410
35,0,6.4850,0.0160
37,0,6.5000,0.0150
297,0,6.5160,0.0160
0,0,6.5630,0.0470
25,0,6.5790,0.0160
289,0,6.5940,0.0150
22,0,6.6100,0.0160
23,0,6.6410,0.0310
28,0,6.6720,0.0310
5349,0,6.7050,0.0330
416,0,6.7660,0.0610
35,0,6.7820,0.0160
4151,0,6.8280,0.0460
453,0,6.8440,0.0160
247,0,6.9120,0.0680
33,0,6.9720,0.0600
18,0,6.9860,0.0140
19,0,7.0650,0.0790
18,0,7.0790,0.0140
18,0,7.0950,0.0160
15,0,7.1250,0.0300
18,0,7.1410,0.0160
24,0,7.2360,0.0950
51,0,7.3930,0.1570
33,0,7.4080,0.0150
18,0,7.4230,0.0150
23,0,7.4380,0.0150
73,0,7.4530,0.0150
140,0,7.4870,0.0340
105,0,7.5350,0.0480
4162,0,7.5490,0.0140
35,0,7.5660,0.0170
25,0,7.5790,0.0130
14,0,7.6110,0.0320
417,0,7.6290,0.0180
67,0,7.6410,0.0120
35,0,7.6580,0.0170
72,0,7.7980,0.1400
51,0,7.8760,0.0780
340,0,7.9080,0.0320
33,0,7.9530,0.0450
33,0,7.9730,0.0200
18,0,7.9840,0.0110
23,0,8.0150,0.0310
18,0,8.0400,0.0250
18,0,8.0650,0.0250
15,0,8.0820,0.0170
23,0,8.1160,0.0340
85,0,8.1580,0.0420
74,0,8.1800,0.0220
18,0,8.1920,0.0120
23,0,8.2100,0.0180
4,0,8.2820,0.0720
4,0,8.3280,0.0460
80,0,8.3920,0.0640
61,0,8.4100,0.0180
85,0,8.4260,0.0160
85,0,8.4370,0.0110
51,0,8.4730,0.0360
73,0,8.4920,0.0190
51,0,8.5230,0.0310
51,0,8.5370,0.0140
73,0,8.5540,0.0170
15,0,8.5670,0.0130
37,0,8.5990,0.0320
61,0,8.6160,0.0170
40,0,8.6250,0.0090
49,0,8.6410,0.0160
80,4,8.6560,0.0150
49,0,8.6570,0.0010
80,4,8.6720,0.0150
74,2,8.6870,0.0150
112,4,8.7050,0.0180
112,4,8.7050,0.0180
80,4,8.7190,0.0140
22,0,8.8300,0.1110
24,0,8.9070,0.0770
444,0,8.9410,0.0340
356,0,8.9590,0.0180
356,0,9.0010,0.0420
33,0,9.0310,0.0300
22,0,9.0640,0.0330
22,0,9.0950,0.0310
282,0,9.1150,0.0200
36,0,9.1260,0.0110
22,0,9.1900,0.0640
453,0,9.2050,0.0150
72,0,9.2210,0.0160
64,0,9.2360,0.0150
453,0,9.2520,0.0160
453,0,9.2660,0.0140
61,0,9.3200,0.0540
40,0,9.3330,0.0130
22,0,9.3790,0.0460
192,0,9.4220,0.0430
22,0,9.4380,0.0160
416,0,9.4690,0.0310
453,0,9.5320,0.0630
453,0,9.6170,0.0850
416,0,9.6250,0.0080
453,0,9.6570,0.0320
61,0,9.6790,0.0220
51,0,9.6910,0.0120
4,0,9.7080,0.0170
4,0,9.7370,0.0290
61,0,9.8090,0.0720
85,0,9.8130,0.0040
24,0,9.8330,0.0200
24,0,9.8590,0.0260
5254,0,10.0480,0.1890
5254,0,10.0790,0.0310
5254,0,10.1090,0.0300
5254,0,10.1350,0.0260
5254,0,10.1420,0.0070
5254,0,10.1630,0.0210
5254,0,10.1720,0.0090
5254,0,10.2050,0.0330
5254,0,10.2360,0.0310
5254,0,10.2660,0.0300
5254,0,10.2870,0.0210
5254,0,10.3020,0.0150
5254,0,10.3130,0.0110
5254,0,10.3310,0.0180
5254,0,10.3500,0.0190
5254,0,10.3650,0.0150
5254,0,10.3940,0.0290
5254,0,10.4130,0.0190
5254,0,10.4470,0.0340
39,0,10.4860,0.0390
61,0,10.5030,0.0170
5254,0,10.5320,0.0290
5254,0,10.5490,0.0170
5254,0,10.5790,0.0300
5254,0,10.6310,0.0520
5254,0,10.6590,0.0280
5254,0,10.6730,0.0140
5254,0,10.6900,0.0170
30,0,10.7050,0.0150
30,0,10.7220,0.0170
24,0,10.7360,0.0140
22,0,10.7520,0.0160
15,0,10.7690,0.0170
61,0,10.8470,0.0780
22,0,10.8910,0.0440
23,0,10.9060,0.0150
55,0,10.9230,0.0170
80,3,10.9380,0.0150
369,0,10.9560,0.0180
14,4,10.9690,0.0130
469,3,10.9690,0.0130
469,3,10.9690,0.013022,0,11.0480,0.0790
453,0,11.0660,0.0180
4151,0,11.1950,0.1290
80,0,11.2040,0.0090
54,0,11.2280,0.0240
416,0,11.2370,0.0090
85,0,11.2660,0.0290
416,0,11.3440,0.0780
453,0,11.3950,0.0510
453,0,11.4150,0.0200
453,0,11.4200,0.0050
453,0,11.4220,0.0020
72,0,11.5390,0.1170
340,0,11.5500,0.0110
416,0,11.5620,0.0120
453,0,11.5960,0.0340
22,0,11.6280,0.0320
14,0,11.6510,0.0230
80,0,11.7980,0.1470
15,0,11.8130,0.0150
80,0,11.9220,0.1090
91,0,11.9570,0.0350
15,0,11.9690,0.0120
15,0,12.0000,0.0310
15,0,12.0790,0.0790
80,0,12.0950,0.0160
4275,0,12.1100,0.0150
4275,0,12.1260,0.0160
15,0,12.1440,0.0180
80,0,12.1570,0.0130
96,0,12.1880,0.0310
15,0,12.2030,0.0150
61,0,12.3130,0.1100
61,0,12.3280,0.0150
80,0,12.3440,0.0160
18,0,12.4230,0.0790
18,0,12.4380,0.0150
18,0,12.4570,0.0190
18,0,12.4750,0.0180
453,0,12.4920,0.0170
33,0,12.5470,0.0550
18,0,12.5760,0.0290
15,0,12.5780,0.0020
18,0,12.5980,0.0200
25,0,12.6430,0.0450
140,0,12.6720,0.0290
33,0,12.7030,0.0310
61,0,12.7340,0.0310
85,0,12.7560,0.0220
15,0,12.7670,0.0110
35,0,12.7820,0.0150
51,0,12.8140,0.0320
17,0,12.8440,0.0300
42,0,12.8590,0.0150
33,0,12.8790,0.0200
340,0,12.9380,0.0590
85,0,12.9690,0.0310
15,0,13.0470,0.0780
24,0,13.0630,0.0160
28,0,13.0780,0.0150
15,0,13.0940,0.0160
4,0,13.1100,0.0160
