SysID,Thread ID,time,inetrval
14,0,0.1720,0.1720
80,0,0.5000,0.3280
80,0,0.5160,0.0160
18,0,0.5310,0.0150
18,0,0.5780,0.0470
18,0,0.6740,0.0960
37,0,0.8590,0.1850
55,0,0.8940,0.0350
61,0,0.9240,0.0300
51,0,0.9560,0.0320
49,0,1.0340,0.0780
80,0,1.0480,0.0140
347,0,1.0780,0.0300
80,0,1.1740,0.0960
80,0,1.3040,0.1300
15,0,1.3140,0.0100
76,0,1.3470,0.0330
416,0,1.3770,0.0300
453,0,1.4070,0.0300
453,0,1.4380,0.0310
453,0,1.4550,0.0170
18,0,1.5630,0.1080
23,0,1.5780,0.0150
453,0,1.5950,0.0170
453,0,1.6260,0.0310
24,0,1.6420,0.0160
24,0,1.7350,0.0930
80,0,1.7670,0.0320
453,0,1.7820,0.0150
18,0,1.8130,0.0310
51,0,1.9540,0.1410
15,0,1.9700,0.0160
51,0,1.9850,0.0150
51,0,2.0010,0.0160
24,0,2.0810,0.0800
85,0,2.0940,0.0130
17,0,2.1110,0.0170
54,0,2.1740,0.0630
340,0,2.1880,0.0140
356,0,2.2820,0.0940
453,0,2.3910,0.1090
15,0,2.4060,0.0150
38,0,2.4370,0.0310
15,0,2.4700,0.0330
85,0,2.4840,0.0140
33,0,2.5010,0.0170
15,0,2.5160,0.0150
76,0,2.5330,0.0170
15,0,2.5490,0.0160
293,0,2.5800,0.0310
24,0,2.7820,0.2020
15,0,2.8310,0.0490
37,0,2.9400,0.1090
354,0,2.9580,0.0180
417,0,2.9710,0.0130
417,0,2.9880,0.0170
80,0,3.0040,0.0160
55,0,3.0160,0.0120
49,0,3.0330,0.0170
49,0,3.0480,0.0150
369,0,3.0790,0.0310
67,2,3.0940,0.0150
55,0,3.1090,0.0150
469,2,3.1250,0.0160
49,0,3.1730,0.0480
80,0,3.1880,0.0150
40,0,3.2190,0.0310
24,2,3.2510,0.0320
80,0,3.2660,0.0150
18,2,3.2830,0.0170
24,2,3.2970,0.0140
112,2,3.3450,0.0480
28,2,3.3750,0.0300
469,2,3.3910,0.0160
55,0,3.4070,0.0160
24,0,3.4220,0.0150
24,2,3.4390,0.0170
40,0,3.4850,0.0460
49,0,3.5000,0.0150
466,2,3.5160,0.0160
80,0,3.5310,0.0150
469,4,3.5480,0.0170
76,0,3.5680,0.0200
76,0,3.5800,0.0120
76,0,3.6130,0.0330
24,0,3.6790,0.0660
73,0,3.7980,0.1190
73,0,3.8180,0.0200
24,0,3.8280,0.0100
18,0,3.9530,0.1250
23,0,3.9850,0.0320
24,0,4.0310,0.0460
24,0,4.0470,0.0160
35,0,4.0780,0.0310
416,0,4.1250,0.0470
416,0,4.1570,0.0320
453,0,4.1720,0.0150
25,0,4.1880,0.0160
192,0,4.2030,0.0150
51,0,4.2340,0.0310
35,0,4.2500,0.0160
453,0,4.3280,0.0780
24,0,4.3750,0.0470
24,0,4.4220,0.0470
453,0,4.5320,0.1100
453,0,4.5780,0.0460
453,0,4.5950,0.0170
417,0,4.6110,0.0160
450,0,4.6250,0.0140
24,0,4.6570,0.0320
51,0,4.7220,0.0650
289,0,4.8910,0.1690
22,0,4.9060,0.0150
23,0,4.9370,0.0310
28,0,4.9840,0.0470
51,0,5.0000,0.0160
15,0,5.0160,0.0160
215,0,5.0320,0.0160
15,0,5.0470,0.0150
51,0,5.0780,0.0310
85,0,5.1100,0.0320
8,0,5.1250,0.0150
80,0,5.2390,0.1140
24,0,5.2850,0.0460
18,0,5.3170,0.0320
201,0,5.3340,0.0170
18,0,5.3460,0.0120
18,0,5.3640,0.0180
15,0,5.3750,0.0110
33,0,5.4600,0.0850
18,0,5.4750,0.0150
18,0,5.4900,0.0150
76,0,5.5030,0.0130
25,0,5.5360,0.0330
247,0,5.5780,0.0420
33,0,5.6310,0.0530
18,0,5.6450,0.0140
19,0,5.7080,0.0630
15,0,5.7220,0.0140
18,0,5.7380,0.0160
15,0,5.7550,0.0170
18,0,5.7690,0.0140
140,0,5.9850,0.2160
340,0,6.0350,0.0500
24,0,6.0650,0.0300
15,0,6.0810,0.0160
4,0,6.0980,0.0170
25,0,6.4850,0.3870
44,0,6.5060,0.0210
15,0,6.5470,0.0410
15,0,6.5780,0.0310
15,0,6.6090,0.0310
15,0,6.6250,0.0160
15,0,6.6870,0.0620
15,0,6.7190,0.0320
