SysID,Thread ID,time,inetrval
14,0,0.2180,0.2180
80,0,0.5460,0.3280
80,0,0.5620,0.0160
18,0,0.5780,0.0160
18,0,0.6280,0.0500
18,0,0.7510,0.1230
37,0,0.9420,0.1910
55,0,0.9720,0.0300
61,0,1.0040,0.0320
51,0,1.0310,0.0270
49,0,1.1120,0.0810
80,0,1.1370,0.0250
347,0,1.1630,0.0260
80,0,1.2540,0.0910
80,0,1.3910,0.1370
15,0,1.4060,0.0150
76,0,1.4530,0.0470
416,0,1.4700,0.0170
453,0,1.5000,0.0300
453,0,1.5470,0.0470
453,0,1.5660,0.0190
18,0,1.7040,0.1380
15,0,1.7210,0.0170
453,0,1.7370,0.0160
453,0,1.7650,0.0280
24,0,1.8600,0.0950
80,0,1.8920,0.0320
453,0,1.9070,0.0150
453,0,1.9230,0.0160
18,0,1.9380,0.0150
51,0,2.0840,0.1460
15,0,2.1000,0.0160
51,0,2.1100,0.0100
51,0,2.1300,0.0200
24,0,2.2190,0.0890
85,0,2.2530,0.0340
17,0,2.2660,0.0130
54,0,2.3440,0.0780
340,0,2.3600,0.0160
356,0,2.4210,0.0610
453,0,2.5330,0.1120
15,0,2.5480,0.0150
38,0,2.5650,0.0170
297,0,2.5800,0.0150
15,0,2.5980,0.0180
85,0,2.6120,0.0140
33,0,2.6430,0.0310
15,0,2.6590,0.0160
76,0,2.6820,0.0230
15,0,2.6900,0.0080
293,0,2.7340,0.0440
24,0,2.9370,0.2030
15,0,2.9870,0.0500
37,0,3.1110,0.1240
354,0,3.1250,0.0140
417,0,3.1450,0.0200
144,0,3.1590,0.0140
417,0,3.1740,0.0150
80,0,3.1890,0.0150
40,0,3.2040,0.0150
80,0,3.2200,0.0160
49,0,3.2360,0.0160
369,0,3.2810,0.0450
67,2,3.2980,0.0170
15,0,3.3130,0.0150
55,0,3.3300,0.0170
469,2,3.3440,0.0140
49,0,3.3600,0.0160
80,0,3.3750,0.0150
80,0,3.3910,0.0160
80,0,3.4060,0.0150
466,2,3.4530,0.0470
18,0,3.4720,0.0190
24,0,3.4910,0.0190
112,0,3.5240,0.0330
28,2,3.5470,0.0230
469,2,3.5780,0.0310
55,0,3.5970,0.0190
80,2,3.6090,0.0120
40,0,3.6580,0.0490
49,0,3.6690,0.0110
369,0,3.6720,0.0030
1,3,3.6870,0.0150
466,2,3.7190,0.0320
40,0,3.7330,0.0140
80,2,3.7340,0.0010
49,0,3.7520,0.0180
49,0,3.7700,0.0180
49,0,3.7820,0.0120
49,0,3.8160,0.0340
80,3,3.8260,0.0100
14,3,3.8270,0.0010
369,0,3.8280,0.0010
49,0,3.8480,0.0200
369,0,3.8570,0.0090
15,0,3.8610,0.0040
24,0,3.8900,0.0290
51,0,3.9280,0.0380
24,0,3.9600,0.0320
369,0,3.9870,0.0270
55,0,3.9980,0.0110
61,3,4.0000,0.0020
51,3,4.0170,0.0170
356,2,4.0370,0.0200
49,3,4.0460,0.0090
80,3,4.0470,0.0010
80,3,4.0620,0.0150
18,2,4.0790,0.0170
24,2,4.1090,0.0300
369,3,4.1410,0.0320
15,3,4.1710,0.0300
469,3,4.1870,0.0160
49,2,4.2040,0.0170
51,0,4.2520,0.0480
76,0,4.2680,0.0160
76,0,4.2830,0.0150
51,0,4.3120,0.0290
76,0,4.3340,0.0220
76,0,4.3480,0.0140
76,0,4.3610,0.0130
416,0,4.3810,0.0200
24,0,4.4380,0.0570
73,0,4.6870,0.2490
73,0,4.7180,0.0310
18,0,4.8920,0.1740
23,0,4.9250,0.0330
24,0,4.9690,0.0440
24,0,4.9840,0.0150
35,0,5.0150,0.0310
416,0,5.0650,0.0500
416,0,5.0940,0.0290
453,0,5.1250,0.0310
453,0,5.1410,0.0160
72,0,5.1560,0.0150
51,0,5.1720,0.0160
7,0,5.1870,0.0150
453,0,5.2650,0.0780
24,0,5.3900,0.1250
453,0,5.4840,0.0940
453,0,5.5310,0.0470
416,0,5.5510,0.0200
35,0,5.6440,0.0930
35,0,5.6750,0.0310
35,0,5.6880,0.0130
35,0,5.7090,0.0210
35,0,5.7190,0.0100
24,0,5.7730,0.0540
73,0,5.7970,0.0240
73,0,5.8150,0.0180
35,0,5.8910,0.0760
24,0,5.9560,0.0650
416,0,6.0060,0.0500
35,0,6.0780,0.0720
35,0,6.1040,0.0260
35,0,6.1090,0.0050
416,0,6.5800,0.4710
54,0,6.5940,0.0140
140,0,6.6270,0.0330
25,0,6.6400,0.0130
18,0,6.6560,0.0160
18,0,6.6720,0.0160
18,0,6.6890,0.0170
18,0,6.7180,0.0290
18,0,6.7340,0.0160
4834,0,6.7500,0.0160
24,0,6.7660,0.0160
80,0,6.7820,0.0160
51,0,6.9380,0.1560
35,0,7.0000,0.0620
37,0,7.0150,0.0150
297,0,7.0310,0.0160
0,0,7.0780,0.0470
25,0,7.0940,0.0160
289,0,7.1090,0.0150
22,0,7.1250,0.0160
23,0,7.1560,0.0310
28,0,7.1720,0.0160
18,0,7.1870,0.0150
5349,0,7.2030,0.0160
416,0,7.2190,0.0160
416,0,7.2650,0.0460
35,0,7.2810,0.0160
4151,0,7.3120,0.0310
4151,0,7.3280,0.0160
247,0,7.4060,0.0780
33,0,7.4530,0.0470
18,0,7.4690,0.0160
18,0,7.4840,0.0150
19,0,7.5460,0.0620
15,0,7.5620,0.0160
18,0,7.5780,0.0160
15,0,7.6090,0.0310
24,0,7.6720,0.0630
51,0,7.8750,0.2030
33,0,7.8900,0.0150
18,0,7.9060,0.0160
23,0,7.9220,0.0160
73,0,7.9370,0.0150
140,0,7.9700,0.0330
105,0,8.0040,0.0340
105,0,8.0220,0.0180
4162,0,8.0360,0.0140
35,0,8.0630,0.0270
14,0,8.0860,0.0230
417,0,8.1160,0.0300
35,0,8.1250,0.0090
35,0,8.1480,0.0230
21,0,8.2540,0.1060
21,0,8.2670,0.0130
21,0,8.2830,0.0160
72,0,8.2980,0.0150
340,0,8.3300,0.0320
21,0,8.3450,0.0150
33,0,8.3630,0.0180
33,0,8.3770,0.0140
282,0,8.3930,0.0160
23,0,8.4100,0.0170
18,0,8.4250,0.0150
18,0,8.4600,0.0350
23,0,8.4740,0.0140
23,0,8.5020,0.0280
85,0,8.5620,0.0600
15,0,8.5860,0.0240
18,0,8.5970,0.0110
21,0,8.6440,0.0470
4,0,8.6620,0.0180
21,0,8.6770,0.0150
4,0,8.7250,0.0480
80,0,8.7690,0.0440
51,0,8.7860,0.0170
61,0,8.7970,0.0110
85,0,8.8140,0.0170
85,0,8.8330,0.0190
51,0,8.8610,0.0280
15,0,8.8760,0.0150
51,0,8.9070,0.0310
51,0,8.9250,0.0180
73,0,8.9390,0.0140
51,0,8.9570,0.0180
37,0,8.9880,0.0310
61,0,9.0020,0.0140
49,0,9.0150,0.0130
40,0,9.0340,0.0190
369,0,9.0470,0.0130
80,4,9.0630,0.0160
112,3,9.0780,0.0150
80,3,9.0940,0.0160
22,0,9.1940,0.1000
22,0,9.2090,0.0150
24,0,9.2710,0.0620
444,0,9.3030,0.0320
356,0,9.3160,0.0130
356,0,9.3610,0.0450
33,0,9.3910,0.0300
22,0,9.4170,0.0260
22,0,9.4230,0.0060
22,0,9.4470,0.0240
289,0,9.4480,0.0010
22,0,9.4530,0.0050
36,0,9.4740,0.0210
22,0,9.5320,0.0580
453,0,9.5530,0.0210
72,0,9.5670,0.0140
64,0,9.5860,0.0190
453,0,9.5960,0.0100
453,0,9.6090,0.0130
61,0,9.6580,0.0490
42,0,9.6790,0.0210
22,0,9.7190,0.0400
192,0,9.7720,0.0530
192,0,9.7860,0.0140
416,0,9.8150,0.0290
453,0,9.8610,0.0460
416,0,9.8820,0.0210
453,0,9.9550,0.0730
453,0,9.9870,0.0320
14,0,10.0050,0.0180
51,0,10.0310,0.0260
5125,0,10.0590,0.0280
4156,0,10.0640,0.0050
80,0,10.0830,0.0190
80,0,10.0970,0.0140
4188,0,10.1260,0.0290
4328,0,10.1560,0.0300
4211,0,10.1880,0.0320
4,0,10.2180,0.0300
24,0,10.2550,0.0370
4,0,10.2720,0.0170
4,0,10.2860,0.0140
4819,0,10.3200,0.0340
4802,0,10.3310,0.0110
4200,0,10.3540,0.0230
4131,0,10.3900,0.0360
4258,0,10.4530,0.0630
4158,0,10.4850,0.0320
4212,0,10.5120,0.0270
5,0,10.5160,0.0040
4242,0,10.5390,0.0230
4251,0,10.5470,0.0080
5,0,10.5740,0.0270
4103,0,10.5790,0.0050
18,0,10.6400,0.0610
51,0,10.6560,0.0160
35,0,10.6780,0.0220
35,0,10.6910,0.0130
4101,0,10.7090,0.0180
5,0,10.7180,0.0090
4258,0,10.7690,0.0510
4258,0,10.7870,0.0180
4,0,10.7970,0.0100
4158,0,10.8280,0.0310
4264,0,10.8590,0.0310
4212,0,10.8600,0.0010
5225,0,10.8820,0.0220
5412,0,10.9230,0.0410
37,0,10.9550,0.0320
49,0,10.9690,0.0140
453,0,11.0150,0.0460
24,0,11.0310,0.0160
14,0,11.0780,0.0470
4110,0,11.0940,0.0160
4166,0,11.1090,0.0150
4162,0,11.1250,0.0160
4188,0,11.1400,0.0150
5292,0,11.1560,0.0160
4131,0,11.1720,0.0160
4103,0,11.2030,0.0310
5,0,11.2250,0.0220
4258,0,11.2380,0.0130
4158,0,11.2560,0.0180
4103,0,11.2690,0.0130
5,0,11.2870,0.0180
5412,0,11.2990,0.0120
5,0,11.3200,0.0210
4158,0,11.3300,0.0100
5412,0,11.3440,0.0140
4106,0,11.3810,0.0370
4787,0,11.3940,0.0130
5,0,11.4110,0.0170
4177,0,11.4200,0.0090
5,0,11.4230,0.0030
4123,0,11.4440,0.0210
4106,0,11.4930,0.0490
4180,0,11.5010,0.0080
4107,0,11.5180,0.0170
4222,0,11.5520,0.0340
80,0,11.5660,0.0140
80,0,11.5820,0.0160
5292,0,11.6010,0.0190
4100,0,11.6140,0.0130
4123,0,11.6300,0.0160
4103,0,11.6430,0.0130
4177,0,11.6720,0.0290
4187,0,11.7190,0.0470
4100,0,11.7340,0.0150
4097,0,11.7650,0.0310
4,0,11.7660,0.0010
14,5,11.7970,0.0310
67,5,11.8120,0.0150
0
67,5,11.8120,0.0150
4,0,11.8290,0.0170
4098,5,11.8440,0.0150
4097,0,11.8610,0.0170
4,5,11.8910,0.0300
4112,5,11.9580,0.0670
4103,0,11.9700,0.0120
85,5,11.9880,0.0180
24,5,12.0020,0.0140
24,5,12.0200,0.0180
5254,5,12.2180,0.1980
8,5,12.2340,0.0160
4162,0,12.2530,0.0190
5254,5,12.2980,0.0450
5254,5,12.3610,0.0630
5254,5,12.3770,0.0160
5254,5,12.4100,0.0330
5254,5,12.4400,0.0300
5254,5,12.4550,0.0150
5254,5,12.4870,0.0320
5254,5,12.5010,0.0140
5254,5,12.5170,0.0160
39,5,12.5490,0.0320
51,5,12.5650,0.0160
30,5,12.5790,0.0140
30,5,12.6110,0.0320
24,5,12.6260,0.0150
60,0,12.6430,0.0170
4096,0,12.6560,0.0130
5,0,12.6780,0.0220
5412,0,12.6910,0.0130
5412,0,12.6990,0.0080
4131,0,12.7040,0.0050
23,0,12.7220,0.0180
21,0,12.7350,0.0130
61,0,12.7820,0.0470
22,0,12.8170,0.0350
23,0,12.8330,0.0160
37,0,12.8470,0.0140
55,0,12.8560,0.0090
49,0,12.8590,0.0030
80,0,12.8760,0.0170
40,0,12.8910,0.0150
369,0,12.9070,0.0160
80,4,12.9210,0.0140
14,4,12.9220,0.0010
22,0,13.0030,0.0810
453,0,13.0330,0.0300
4151,0,13.2000,0.1670
80,0,13.2050,0.0050
54,0,13.2240,0.0190
25,0,13.2340,0.0100
416,0,13.2500,0.0160
85,0,13.2690,0.0190
340,0,13.2830,0.0140
416,0,13.3280,0.0450
453,0,13.3750,0.0470
453,0,13.3900,0.0150
72,0,13.4690,0.0790
180,0,13.4840,0.0150
416,0,13.5000,0.0160
453,0,13.5310,0.0310
416,0,13.5470,0.0160
22,0,13.5620,0.0150
15,0,13.5780,0.0160
80,0,13.7190,0.1410
15,0,13.7340,0.0150
80,0,13.8280,0.0940
13,0,13.8470,0.0190
15,0,13.8630,0.0160
15,0,13.8950,0.0320
15,0,13.9720,0.0770
80,0,13.9850,0.0130
15,0,14.0080,0.0230
80,0,14.0150,0.0070
96,0,14.0550,0.0400
61,0,14.1620,0.1070
61,0,14.1720,0.0100
80,0,14.1910,0.0190
18,0,14.2690,0.0780
201,0,14.2840,0.0150
18,0,14.3020,0.0180
297,0,14.3120,0.0100
453,0,14.3370,0.0250
33,0,14.4070,0.0700
33,0,14.4230,0.0160
25,0,14.4770,0.0540
73,0,14.4890,0.0120
140,0,14.5210,0.0320
33,0,14.5340,0.0130
85,0,14.5480,0.0140
61,0,14.5690,0.0210
85,0,14.5800,0.0110
35,0,14.6260,0.0460
51,0,14.6410,0.0150
17,0,14.6730,0.0320
39,0,14.6880,0.0150
17,0,14.7080,0.0200
42,0,14.7260,0.0180
15,0,14.7360,0.0100
340,0,14.7970,0.0610
85,0,14.8280,0.0310
15,0,14.9150,0.0870
24,0,14.9220,0.0070
15,0,14.9370,0.0150
4,0,14.9580,0.0210
25,0,15.0440,0.0860
22,0,15.0470,0.0030
4,0,15.0620,0.0150
15,0,15.0780,0.0160
51,0,15.0970,0.0190
51,0,15.1110,0.0140
4,0,15.1400,0.0290
4,0,15.1560,0.0160
15,0,15.1710,0.0150
215,0,15.1880,0.0170
44,0,15.2190,0.0310
15,0,15.2830,0.0640
15,0,15.3280,0.0450
15,0,15.3430,0.0150
15,0,15.4210,0.0780
13,0,15.5000,0.0790
15,0,15.5150,0.0150
15,0,15.5310,0.0160
15,0,15.5460,0.0150
15,0,15.5620,0.0160
15,0,15.5780,0.0160
13,0,15.6400,0.0620
4275,0,15.6560,0.0160
42,0,15.6710,0.0150
13,0,15.7030,0.0320
15,0,15.7500,0.0470
18,0,15.7670,0.0170
30,0,15.7990,0.0320
13,0,15.8120,0.0130
15,0,15.9060,0.0940
15,0,15.9250,0.0190
15,0,15.9500,0.0250
15,0,15.9530,0.0030
15,0,16.0000,0.0470
15,0,16.0170,0.0170
15,0,16.0350,0.0180
