SysID,Thread ID,time,inetrval
14,0,0.2350,0.2350
80,0,0.5460,0.3110
80,0,0.5650,0.0190
80,0,0.5770,0.0120
33,0,0.5930,0.0160
18,0,0.6420,0.0490
18,0,0.7360,0.0940
15,0,0.7550,0.0190
37,0,0.9370,0.1820
55,0,0.9680,0.0310
61,0,1.0000,0.0320
51,0,1.0190,0.0190
40,0,1.0330,0.0140
49,0,1.0980,0.0650
80,0,1.1130,0.0150
347,0,1.1410,0.0280
80,0,1.2810,0.1400
80,0,1.4220,0.1410
15,0,1.4380,0.0160
76,0,1.5150,0.0770
416,0,1.5630,0.0480
453,0,1.5930,0.0300
453,0,1.6270,0.0340
453,0,1.6440,0.0170
18,0,1.7530,0.1090
23,0,1.7660,0.0130
453,0,1.7810,0.0150
453,0,1.8130,0.0320
24,0,1.8280,0.0150
24,0,1.9070,0.0790
80,0,1.9370,0.0300
453,0,1.9530,0.0160
453,0,1.9690,0.0160
18,0,1.9850,0.0160
23,0,2.0010,0.0160
51,0,2.1400,0.1390
15,0,2.1580,0.0180
51,0,2.2030,0.0450
24,0,2.3120,0.1090
85,0,2.3280,0.0160
17,0,2.3470,0.0190
54,0,2.4220,0.0750
356,0,2.4890,0.0670
453,0,2.6120,0.1230
15,0,2.6250,0.0130
38,0,2.6440,0.0190
297,0,2.6600,0.0160
33,0,2.6690,0.0090
15,0,2.6730,0.0040
85,0,2.7030,0.0300
33,0,2.7190,0.0160
23,0,2.7350,0.0160
76,0,2.7510,0.0160
15,0,2.7700,0.0190
293,0,2.8140,0.0440
24,0,3.0010,0.1870
15,0,3.0480,0.0470
37,0,3.1580,0.1100
354,0,3.1820,0.0240
205,0,3.1910,0.0090
144,0,3.2040,0.0130
417,0,3.2180,0.0140
80,0,3.2340,0.0160
55,0,3.2500,0.0160
40,0,3.2660,0.0160
80,0,3.2840,0.0180
49,0,3.2980,0.0140
369,0,3.3200,0.0220
15,0,3.3280,0.0080
55,0,3.3590,0.0310
40,0,3.3750,0.0160
49,0,3.4220,0.0470
80,0,3.4380,0.0160
24,2,3.4840,0.0460
18,2,3.4990,0.0150
24,2,3.5210,0.0220
112,2,3.5490,0.0280
28,2,3.5620,0.0130
469,2,3.5930,0.0310
49,0,3.6130,0.0200
24,0,3.6400,0.0270
40,0,3.6870,0.0470
80,0,3.7040,0.0170
469,3,3.7180,0.0140
55,0,3.7330,0.0150
80,2,3.7340,0.0010
14,3,3.7510,0.0170
49,0,3.7670,0.0160
49,0,3.7970,0.0300
49,0,3.8120,0.0150
80,3,3.8320,0.0200
49,0,3.8440,0.0120
15,0,3.8610,0.0170
469,3,3.8740,0.0130
18,0,3.8900,0.0160
80,2,3.9060,0.0160
469,2,3.9220,0.0160
24,0,3.9530,0.0310
55,0,3.9780,0.0250
369,0,3.9800,0.0020
4,0,3.9840,0.0040
51,2,4.0000,0.0160
356,4,4.0150,0.0150
356,4,4.0310,0.0160
18,4,4.0630,0.0320
80,2,4.0770,0.0140
24,2,4.1250,0.0480
369,2,4.1400,0.0150
469,2,4.1560,0.0160
51,4,4.1720,0.0160
369,4,4.1870,0.0150
51,0,4.2190,0.0320
51,0,4.2470,0.0280
76,0,4.2500,0.0030
51,0,4.2830,0.0330
76,0,4.3070,0.0240
76,0,4.3120,0.0050
76,0,4.3430,0.0310
24,0,4.4060,0.0630
73,0,4.6250,0.2190
73,0,4.6410,0.0160
18,0,4.7840,0.1430
23,0,4.8130,0.0290
24,0,4.8440,0.0310
24,0,4.8740,0.0300
416,0,4.9410,0.0670
416,0,4.9720,0.0310
453,0,4.9880,0.0160
453,0,5.0030,0.0150
72,0,5.0230,0.0200
51,0,5.0360,0.0130
35,0,5.0530,0.0170
453,0,5.1290,0.0760
24,0,5.2410,0.1120
453,0,5.3000,0.0590
453,0,5.3590,0.0590
35,0,5.4740,0.1150
35,0,5.5070,0.0330
35,0,5.5210,0.0140
35,0,5.5380,0.0170
35,0,5.5530,0.0150
24,0,5.5690,0.0160
73,0,5.5830,0.0140
35,0,5.6560,0.0730
24,0,5.7200,0.0640
416,0,5.7500,0.0300
35,0,5.8280,0.0780
35,0,5.8430,0.0150
35,0,5.8590,0.0160
24,0,6.2020,0.3430
416,0,6.2650,0.0630
54,0,6.2810,0.0160
140,0,6.3120,0.0310
25,0,6.3280,0.0160
453,0,6.3430,0.0150
18,0,6.3590,0.0160
18,0,6.3960,0.0370
18,0,6.4080,0.0120
15,0,6.4230,0.0150
37,0,6.4380,0.0150
80,0,6.4570,0.0190
247,0,6.5640,0.1070
33,0,6.6250,0.0610
33,0,6.6410,0.0160
19,0,6.7210,0.0800
18,0,6.7360,0.0150
23,0,6.7530,0.0170
15,0,6.7660,0.0130
18,0,6.7840,0.0180
35,0,7.0780,0.2940
4101,0,7.0950,0.0170
4224,0,7.1100,0.0150
66,0,7.1260,0.0160
0,0,7.1560,0.0300
15,0,7.1740,0.0180
289,0,7.1880,0.0140
22,0,7.2040,0.0160
289,0,7.2240,0.0200
23,0,7.2510,0.0270
28,0,7.2650,0.0140
18,0,7.2820,0.0170
5349,0,7.2970,0.0150
416,0,7.3610,0.0640
35,0,7.3800,0.0190
416,0,7.3880,0.0080
4151,0,7.4240,0.0360
453,0,7.4380,0.0140
51,0,7.5330,0.0950
33,0,7.5480,0.0150
18,0,7.5680,0.0200
17,0,7.5820,0.0140
140,0,7.6110,0.0290
105,0,7.6400,0.0290
105,0,7.6710,0.0310
4162,0,7.6970,0.0260
35,0,7.7070,0.0100
14,0,7.7430,0.0360
417,0,7.7540,0.0110
35,0,7.7860,0.0320
72,0,7.8910,0.1050
51,0,7.9550,0.0640
340,0,7.9870,0.0320
33,0,8.0170,0.0300
72,0,8.0410,0.0240
24,0,8.0510,0.0100
23,0,8.0710,0.0200
18,0,8.0780,0.0070
18,0,8.1110,0.0330
23,0,8.1260,0.0150
23,0,8.1590,0.0330
85,0,8.2030,0.0440
74,0,8.2190,0.0160
18,0,8.2370,0.0180
23,0,8.2510,0.0140
4,0,8.2980,0.0470
4,0,8.3620,0.0640
80,0,8.4070,0.0450
51,0,8.4220,0.0150
61,0,8.4400,0.0180
85,0,8.4530,0.0130
85,0,8.4700,0.0170
51,0,8.5010,0.0310
73,0,8.5180,0.0170
51,0,8.5480,0.0300
51,0,8.5650,0.0170
17,0,8.5790,0.0140
15,0,8.5950,0.0160
37,0,8.6260,0.0310
61,0,8.6430,0.0170
49,0,8.6530,0.0100
49,0,8.6570,0.0040
55,0,8.6740,0.0170
49,0,8.6870,0.0130
28,2,8.7030,0.0160
28,2,8.7030,0.0160
61,2,8.7190,0.0160
80,4,8.7330,0.0140
466,4,8.7340,0.0010
80,3,8.7500,0.0160
22,0,8.8440,0.0940
23,0,8.8680,0.0240
24,0,8.9290,0.0610
356,0,8.9390,0.0100
444,0,8.9720,0.0330
356,0,9.0150,0.0430
33,0,9.0470,0.0320
22,0,9.0720,0.0250
289,0,9.0810,0.0090
18,0,9.0980,0.0170
22,0,9.1150,0.0170
36,0,9.1320,0.0170
33,0,9.1450,0.0130
22,0,9.2060,0.0610
72,0,9.2210,0.0150
72,0,9.2350,0.0140
453,0,9.2570,0.0220
453,0,9.2690,0.0120
61,0,9.3290,0.0600
22,0,9.3600,0.0310
416,0,9.3820,0.0220
192,0,9.4260,0.0440
192,0,9.4430,0.0170
416,0,9.4720,0.0290
453,0,9.5180,0.0460
416,0,9.5340,0.0160
453,0,9.5940,0.0600
453,0,9.6170,0.0230
453,0,9.6470,0.0300
14,0,9.6560,0.0090
51,0,9.6820,0.0260
4,0,9.6890,0.0070
4,0,9.7190,0.0300
4,0,9.7410,0.0220
61,0,9.8170,0.0760
24,0,9.8320,0.0150
24,0,9.8510,0.0190
24,0,9.8620,0.0110
5254,0,10.0500,0.1880
5254,0,10.0780,0.0280
5254,0,10.1100,0.0320
5254,0,10.1460,0.0360
5254,0,10.1750,0.0290
5254,0,10.2060,0.0310
5254,0,10.2210,0.0150
5254,0,10.2520,0.0310
5254,0,10.2860,0.0340
5254,0,10.3130,0.0270
5254,0,10.3800,0.0670
39,0,10.4210,0.0410
5254,0,10.4550,0.0340
5254,0,10.4720,0.0170
5254,0,10.4850,0.0130
5254,0,10.5010,0.0160
5254,0,10.5160,0.0150
5254,0,10.5560,0.0400
8,0,10.5690,0.0130
5254,0,10.5830,0.0140
5254,0,10.5970,0.0140
5254,0,10.6200,0.0230
5254,0,10.6270,0.0070
5254,0,10.6560,0.0290
5254,0,10.6760,0.0200
5254,0,10.6870,0.0110
5254,0,10.7030,0.0160
5254,0,10.7180,0.0150
5254,0,10.7340,0.0160
5254,0,10.7500,0.0160
5254,0,10.7660,0.0160
5254,0,10.7810,0.0150
5254,0,10.7960,0.0150
5254,0,10.8120,0.0160
5254,0,10.8290,0.0170
5254,0,10.8430,0.0140
5254,0,10.8640,0.0210
5254,0,10.8740,0.0100
5254,0,10.8900,0.0160
5254,0,10.9220,0.0320
5254,0,10.9380,0.0160
5254,0,10.9530,0.0150
5254,0,10.9690,0.0160
5254,0,10.9840,0.0150
5254,0,11.0160,0.0320
5254,0,11.0320,0.0160
5254,0,11.0510,0.0190
5254,0,11.0650,0.0140
5254,0,11.0880,0.0230
5254,0,11.0940,0.0060
5254,0,11.1260,0.0320
5254,0,11.1500,0.0240
5254,0,11.1590,0.0090
5254,0,11.1910,0.0320
5254,0,11.2190,0.0280
5254,0,11.2460,0.0270
5254,0,11.2500,0.0040
5254,0,11.2840,0.0340
5254,0,11.2960,0.0120
5254,0,11.3300,0.0340
5254,0,11.3610,0.0310
5254,0,11.3790,0.0180
5254,0,11.4100,0.0310
5254,0,11.4410,0.0310
5254,0,11.4590,0.0180
5254,0,11.4730,0.0140
5254,0,11.5040,0.0310
5254,0,11.5240,0.0200
5254,0,11.5340,0.0100
5254,0,11.5630,0.0290
5254,0,11.5940,0.0310
5254,0,11.6250,0.0310
5254,0,11.6560,0.0310
5254,0,11.6710,0.0150
5254,0,11.7030,0.0320
5254,0,11.7180,0.0150
5254,0,11.7420,0.0240
5254,0,11.7530,0.0110
5254,0,11.7820,0.0290
5254,0,11.7990,0.0170
5254,0,11.8140,0.0150
5254,0,11.8290,0.0150
5254,0,11.8480,0.0190
5254,0,11.8800,0.0320
5254,0,11.9070,0.0270
5254,0,11.9530,0.0460
5254,0,11.9690,0.0160
5254,0,11.9850,0.0160
5254,0,12.0000,0.0150
5254,0,12.0310,0.0310
5254,0,12.0470,0.0160
5254,0,12.0630,0.0160
5254,0,12.0940,0.0310
5254,0,12.1100,0.0160
5254,0,12.1250,0.0150
5254,0,12.1410,0.0160
5254,0,12.1730,0.0320
5254,0,12.1880,0.0150
5254,0,12.2030,0.0150
5254,0,12.2350,0.0320
5254,0,12.2500,0.0150
5254,0,12.2660,0.0160
5254,0,12.2820,0.0160
5254,0,12.3130,0.0310
5254,0,12.3290,0.0160
5254,0,12.3440,0.0150
5254,0,12.3590,0.0150
5254,0,12.3760,0.0170
5254,0,12.4070,0.0310
5254,0,12.4220,0.0150
5254,0,12.4530,0.0310
5254,0,12.4680,0.0150
5254,0,12.4840,0.0160
5254,0,12.4990,0.0150
5254,0,12.5190,0.0200
5254,0,12.5310,0.0120
5254,0,12.5630,0.0320
5254,0,12.5800,0.0170
5254,0,12.5930,0.0130
5254,0,12.6260,0.0330
5254,0,12.6430,0.0170
5254,0,12.6720,0.0290
5254,0,12.6890,0.0170
5254,0,12.7050,0.0160
5254,0,12.7190,0.0140
5254,0,12.7510,0.0320
5254,0,12.7830,0.0320
5254,0,12.8150,0.0320
5254,0,12.8300,0.0150
5254,0,12.8590,0.0290
5254,0,12.8920,0.0330
5254,0,12.9070,0.0150
5254,0,12.9220,0.0150
5254,0,12.9380,0.0160
30,0,12.9700,0.0320
22,0,12.9870,0.0170
23,0,12.9990,0.0120
24,0,13.0630,0.0640
22,0,13.1100,0.0470
23,0,13.1250,0.0150
51,0,13.1420,0.0170
369,0,13.1560,0.0140
49,0,13.1720,0.0160
80,3,13.1870,0.0150
22,0,13.2650,0.0780
453,0,13.2810,0.0160
4151,0,13.4530,0.1720
80,0,13.4710,0.0180
25,0,13.4860,0.0150
416,0,13.5000,0.0140
85,0,13.5190,0.0190
340,0,13.5320,0.0130
416,0,13.5820,0.0500
453,0,13.6130,0.0310
453,0,13.6260,0.0130
453,0,13.6410,0.0150
72,0,13.7350,0.0940
416,0,13.7510,0.0160
453,0,13.7820,0.0310
416,0,13.7970,0.0150
22,0,13.8300,0.0330
80,0,13.9850,0.1550
15,0,14.0010,0.0160
80,0,14.0940,0.0930
13,0,14.1110,0.0170
91,0,14.1340,0.0230
15,0,14.1400,0.0060
15,0,14.1620,0.0220
15,0,14.1770,0.0150
15,0,14.2400,0.0630
80,0,14.2530,0.0130
4275,0,14.2760,0.0230
4275,0,14.2850,0.0090
80,0,14.2990,0.0140
14,0,14.3160,0.0170
96,0,14.3300,0.0140
15,0,14.3510,0.0210
61,0,14.4540,0.1030
80,0,14.4770,0.0230
18,0,14.5670,0.0900
18,0,14.5800,0.0130
297,0,14.5960,0.0160
453,0,14.6260,0.0300
25,0,14.6880,0.0620
323,0,14.7130,0.0250
15,0,14.7180,0.0050
33,0,14.7490,0.0310
18,0,14.7790,0.0300
15,0,14.7810,0.0020
25,0,14.8120,0.0310
140,0,14.8630,0.0510
25,0,14.8750,0.0120
85,0,14.8900,0.0150
61,0,14.9060,0.0160
85,0,14.9210,0.0150
35,0,14.9530,0.0320
51,0,14.9680,0.0150
15,0,14.9840,0.0160
17,0,15.0150,0.0310
42,0,15.0310,0.0160
15,0,15.0460,0.0150
340,0,15.1090,0.0630
85,0,15.1400,0.0310
15,0,15.2180,0.0780
58,0,15.2340,0.0160
15,0,15.2500,0.0160
4,0,15.2660,0.0160
25,0,18.2700,3.0040
15,0,18.2780,0.0080
18,0,18.2890,0.0110
25,0,18.2950,0.0060
76,0,18.3020,0.0070
25,0,18.3060,0.0040
140,0,18.3090,0.0030
25,0,18.3350,0.0260
4,0,18.3420,0.0070
51,0,18.3500,0.0080
51,0,18.3570,0.0070
15,0,18.3610,0.0040
15,0,18.3670,0.0060
51,0,18.3810,0.0140
51,0,18.3900,0.0090
4,0,18.4000,0.0100
323,0,18.4100,0.0100
4,0,18.4260,0.0160
4,0,18.4350,0.0090
15,0,18.4420,0.0070
51,0,18.4460,0.0040
22,0,18.4510,0.0050
215,0,18.4610,0.0100
15,0,18.4680,0.0070
44,0,18.5120,0.0440
15,0,18.5920,0.0800
15,0,18.6280,0.0360
13,0,18.6340,0.0060
15,0,18.6910,0.0570
13,0,18.7000,0.0090
13,0,18.7650,0.0650
15,0,18.7960,0.0310
15,0,18.8110,0.0150
15,0,18.8210,0.0100
15,0,18.8280,0.0070
15,0,18.8480,0.0200
15,0,18.8530,0.0050
15,0,18.8570,0.0040
13,0,18.9460,0.0890
4275,0,18.9600,0.0140
42,0,18.9660,0.0060
15,0,18.9770,0.0110
13,0,19.0120,0.0350
15,0,19.0570,0.0450
18,0,19.0660,0.0090
13,0,19.0760,0.0100
15,0,19.1730,0.0970
15,0,19.1940,0.0210
15,0,19.2180,0.0240
15,0,19.2650,0.0470
15,0,19.3000,0.0350
15,0,19.3080,0.0080
15,0,19.3110,0.0030
