SysID,Thread ID,time,inetrval
14,0,0.2230,0.2230
80,0,0.5150,0.2920
80,0,0.5310,0.0160
18,0,0.5470,0.0160
18,0,0.5940,0.0470
18,0,0.6880,0.0940
37,0,0.8620,0.1740
55,0,0.8940,0.0320
61,0,0.9270,0.0330
51,0,0.9400,0.0130
74,0,0.9560,0.0160
40,0,0.9660,0.0100
49,0,1.0190,0.0530
80,0,1.0350,0.0160
80,0,1.0500,0.0150
347,0,1.0660,0.0160
80,0,1.1580,0.0920
80,0,1.2970,0.1390
76,0,1.3450,0.0480
416,0,1.3760,0.0310
453,0,1.4070,0.0310
453,0,1.4380,0.0310
453,0,1.4540,0.0160
18,0,1.5630,0.1090
23,0,1.5790,0.0160
453,0,1.5950,0.0160
453,0,1.6090,0.0140
24,0,1.6390,0.0300
24,0,1.7080,0.0690
80,0,1.7360,0.0280
453,0,1.7530,0.0170
453,0,1.7690,0.0160
18,0,1.7860,0.0170
51,0,1.9260,0.1400
15,0,1.9410,0.0150
51,0,1.9560,0.0150
51,0,1.9710,0.0150
24,0,2.0350,0.0640
85,0,2.0500,0.0150
17,0,2.0660,0.0160
54,0,2.1250,0.0590
356,0,2.2190,0.0940
453,0,2.3280,0.1090
15,0,2.3450,0.0170
38,0,2.3600,0.0150
297,0,2.3750,0.0150
15,0,2.4060,0.0310
85,0,2.4220,0.0160
33,0,2.4380,0.0160
15,0,2.4530,0.0150
76,0,2.4720,0.0190
293,0,2.5170,0.0450
24,0,2.7030,0.1860
15,0,2.7660,0.0630
37,0,2.8790,0.1130
354,0,2.8940,0.0150
196,0,2.9110,0.0170
417,0,2.9250,0.0140
80,0,2.9400,0.0150
49,0,2.9550,0.0150
80,0,2.9730,0.0180
49,0,2.9840,0.0110
369,0,3.0070,0.0230
15,0,3.0130,0.0060
67,2,3.0150,0.0020
55,0,3.0320,0.0170
1,2,3.0470,0.0150
469,2,3.0630,0.0160
80,0,3.1090,0.0460
24,2,3.1560,0.0470
18,2,3.1870,0.0310
112,2,3.2350,0.0480
40,0,3.2510,0.0160
28,2,3.2660,0.0150
49,0,3.2830,0.0170
469,2,3.2970,0.0140
24,0,3.3280,0.0310
40,0,3.3600,0.0320
49,0,3.3760,0.0160
369,0,3.3900,0.0140
80,2,3.4060,0.0160
15,0,3.4220,0.0160
466,0,3.4370,0.0150
80,3,3.4550,0.0180
49,0,3.4720,0.0170
49,0,3.4840,0.0120
55,0,3.5050,0.0210
49,0,3.5170,0.0120
80,2,3.5350,0.0180
49,0,3.5480,0.0130
15,0,3.5630,0.0150
469,2,3.5810,0.0180
18,0,3.5930,0.0120
469,3,3.6100,0.0170
24,0,3.6450,0.0350
369,0,3.6600,0.0150
61,3,3.6710,0.0110
356,4,3.6880,0.0170
356,4,3.7040,0.0160
18,4,3.7340,0.0300
51,3,3.7510,0.0170
74,3,3.7980,0.0470
61,4,3.8140,0.0160
51,4,3.8280,0.0140
469,2,3.8440,0.0160
15,4,3.8600,0.0160
469,2,3.8750,0.0150
469,2,3.8750,0.0150
51,0,3.9260,0.0510
76,0,3.9430,0.0170
76,0,3.9540,0.0110
51,0,3.9870,0.0330
76,0,4.0030,0.0160
76,0,4.0190,0.0160
416,0,4.0340,0.0150
24,0,4.0930,0.0590
73,0,4.2230,0.1300
18,0,4.3620,0.1390
23,0,4.3780,0.0160
24,0,4.4530,0.0750
24,0,4.4840,0.0310
35,0,4.5160,0.0320
416,0,4.5630,0.0470
416,0,4.5790,0.0160
453,0,4.6040,0.0250
453,0,4.6090,0.0050
51,0,4.6400,0.0310
453,0,4.7340,0.0940
24,0,4.8280,0.0940
453,0,4.8910,0.0630
453,0,4.9220,0.0310
453,0,4.9370,0.0150
35,0,5.0330,0.0960
35,0,5.0650,0.0320
35,0,5.0810,0.0160
35,0,5.0970,0.0160
24,0,5.1100,0.0130
73,0,5.1420,0.0320
35,0,5.1910,0.0490
24,0,5.2350,0.0440
24,0,5.2560,0.0210
416,0,5.2860,0.0300
35,0,5.3630,0.0770
35,0,5.3770,0.0140
35,0,5.3950,0.0180
416,0,5.7660,0.3710
140,0,5.7990,0.0330
25,0,5.8290,0.0300
18,0,5.8660,0.0370
18,0,5.8760,0.0100
18,0,5.9080,0.0320
4834,0,5.9320,0.0240
37,0,5.9410,0.0090
80,0,5.9620,0.0210
247,0,6.0680,0.1060
33,0,6.1140,0.0460
18,0,6.1320,0.0180
19,0,6.1910,0.0590
15,0,6.2090,0.0180
33,0,6.2250,0.0160
15,0,6.2570,0.0320
18,0,6.2620,0.0050
15,0,6.2670,0.0050
24,0,6.3620,0.0950
35,0,6.5620,0.2000
4101,0,6.5780,0.0160
37,0,6.5930,0.0150
80,0,6.5940,0.0010
66,0,6.6100,0.0160
0,0,6.6560,0.0460
15,0,6.6720,0.0160
289,0,6.6880,0.0160
22,0,6.7030,0.0150
289,0,6.7180,0.0150
23,0,6.7340,0.0160
28,0,6.7650,0.0310
18,0,6.7810,0.0160
5349,0,6.7970,0.0160
416,0,6.8600,0.0630
35,0,6.8750,0.0150
4151,0,6.9060,0.0310
4151,0,6.9220,0.0160
51,0,7.0150,0.0930
33,0,7.0310,0.0160
18,0,7.0620,0.0310
73,0,7.0780,0.0160
140,0,7.0940,0.0160
15,0,7.1090,0.0150
105,0,7.1400,0.0310
4162,0,7.1710,0.0310
35,0,7.1870,0.0160
416,0,7.2060,0.0190
14,0,7.2340,0.0280
417,0,7.2500,0.0160
14,0,7.2650,0.0150
35,0,7.2810,0.0160
72,0,7.3900,0.1090
51,0,7.4530,0.0630
340,0,7.4690,0.0160
33,0,7.5000,0.0310
33,0,7.5150,0.0150
18,0,7.5310,0.0160
24,0,7.5460,0.0150
23,0,7.5620,0.0160
23,0,7.5780,0.0160
18,0,7.6090,0.0310
23,0,7.6400,0.0310
85,0,7.6880,0.0480
74,0,7.7030,0.0150
40,0,7.7180,0.0150
23,0,7.7340,0.0160
4,0,7.7960,0.0620
4,0,7.8600,0.0640
80,0,7.9080,0.0480
51,0,7.9270,0.0190
85,0,7.9400,0.0130
15,0,7.9550,0.0150
85,0,7.9720,0.0170
51,0,8.0030,0.0310
51,0,8.0350,0.0320
51,0,8.0490,0.0140
17,0,8.0660,0.0170
73,0,8.0780,0.0120
37,0,8.1090,0.0310
61,0,8.1250,0.0160
80,0,8.1400,0.0150
55,0,8.1590,0.0190
80,0,8.1710,0.0120
80,0,8.1720,0.0010
49,2,8.1870,0.0150
40,3,8.2030,0.0160
40,3,8.2030,0.0160
28,4,8.2200,0.0170
22,0,8.3160,0.0960
356,0,8.3940,0.0780
444,0,8.4090,0.0150
356,0,8.4250,0.0160
356,0,8.4560,0.0310
33,0,8.5030,0.0470
22,0,8.5200,0.0170
18,0,8.5350,0.0150
22,0,8.5510,0.0160
36,0,8.5670,0.0160
15,0,8.5820,0.0150
22,0,8.6280,0.0460
453,0,8.6430,0.0150
72,0,8.6590,0.0160
453,0,8.6770,0.0180
453,0,8.6910,0.0140
61,0,8.7380,0.0470
40,0,8.7540,0.0160
22,0,8.7860,0.0320
416,0,8.7990,0.0130
192,0,8.8310,0.0320
192,0,8.8470,0.0160
416,0,8.8620,0.0150
416,0,8.8930,0.0310
453,0,8.9250,0.0320
416,0,8.9410,0.0160
453,0,9.0010,0.0600
453,0,9.0350,0.0340
14,0,9.0490,0.0140
51,0,9.0670,0.0180
24,0,9.0800,0.0130
4,0,9.1090,0.0290
61,0,9.1610,0.0520
4,0,9.1760,0.0150
24,0,9.1900,0.0140
24,0,9.2070,0.0170
5254,0,9.3930,0.1860
8,0,9.4100,0.0170
5254,0,9.4430,0.0330
5254,0,9.4720,0.0290
5254,0,9.4870,0.0150
5254,0,9.5180,0.0310
5254,0,9.5500,0.0320
5254,0,9.5820,0.0320
5254,0,9.6130,0.0310
5254,0,9.6430,0.0300
5254,0,9.6750,0.0320
5254,0,9.7050,0.0300
5254,0,9.7240,0.0190
5254,0,9.7530,0.0290
5254,0,9.7840,0.0310
5254,0,9.8150,0.0310
5254,0,9.8470,0.0320
5254,0,9.8790,0.0320
5254,0,9.9090,0.0300
5254,0,9.9250,0.0160
39,0,9.9560,0.0310
51,0,9.9730,0.0170
5254,0,10.0030,0.0300
5254,0,10.0190,0.0160
5254,0,10.0500,0.0310
5254,0,10.1090,0.0590
5254,0,10.1420,0.0330
5254,0,10.1750,0.0330
5254,0,10.1910,0.0160
8,0,10.2060,0.0150
5254,0,10.2220,0.0160
5254,0,10.2540,0.0320
5254,0,10.2830,0.0290
5254,0,10.3140,0.0310
5254,0,10.3310,0.0170
5254,0,10.3490,0.0180
5254,0,10.3780,0.0290
5254,0,10.4090,0.0310
5254,0,10.4250,0.0160
5254,0,10.4570,0.0320
5254,0,10.4720,0.0150
5254,0,10.5030,0.0310
5254,0,10.5190,0.0160
5254,0,10.5500,0.0310
5254,0,10.5650,0.0150
5254,0,10.5940,0.0290
5254,0,10.6100,0.0160
5254,0,10.6400,0.0300
5254,0,10.6630,0.0230
5254,0,10.6910,0.0280
5254,0,10.7060,0.0150
5254,0,10.7370,0.0310
5254,0,10.7530,0.0160
5254,0,10.7850,0.0320
5254,0,10.7990,0.0140
5254,0,10.8310,0.0320
5254,0,10.8470,0.0160
5254,0,10.8750,0.0280
5254,0,10.9070,0.0320
5254,0,10.9220,0.0150
5254,0,10.9530,0.0310
5254,0,10.9690,0.0160
5254,0,11.0000,0.0310
5254,0,11.0160,0.0160
5254,0,11.0470,0.0310
5254,0,11.0620,0.0150
5254,0,11.0940,0.0320
5254,0,11.1130,0.0190
5254,0,11.1400,0.0270
5254,0,11.1720,0.0320
5254,0,11.1940,0.0220
5254,0,11.2240,0.0300
5254,0,11.2570,0.0330
5254,0,11.2810,0.0240
5254,0,11.3000,0.0190
5254,0,11.3150,0.0150
15,0,11.3310,0.0160
30,0,11.3460,0.0150
24,0,11.3720,0.0260
24,0,11.3760,0.0040
61,0,11.4610,0.0850
22,0,11.4910,0.0300
23,0,11.5030,0.0120
40,0,11.5200,0.0170
49,0,11.5270,0.0070
369,0,11.5340,0.0070
80,0,11.5450,0.0110
14,3,11.5460,0.0010
49,0,11.5470,0.0010
80,4,11.5620,0.0150
22,0,11.6450,0.0830
453,0,11.6540,0.0090
453,0,11.6550,0.0010
453,0,11.6570,0.0020
4151,0,11.7850,0.1280
80,0,11.8010,0.0160
54,0,11.8160,0.0150
416,0,11.8310,0.0150
85,0,11.8440,0.0130
340,0,11.8600,0.0160
416,0,11.8910,0.0310
453,0,11.9230,0.0320
453,0,11.9420,0.0190
72,0,12.0310,0.0890
72,0,12.0470,0.0160
453,0,12.0790,0.0320
416,0,12.0970,0.0180
22,0,12.1250,0.0280
80,0,12.2680,0.1430
15,0,12.2840,0.0160
80,0,12.3780,0.0940
13,0,12.3910,0.0130
15,0,12.4120,0.0210
15,0,12.4230,0.0110
15,0,12.4410,0.0180
15,0,12.5030,0.0620
80,0,12.5150,0.0120
4275,0,12.5380,0.0230
15,0,12.5490,0.0110
80,0,12.5670,0.0180
96,0,12.6000,0.0330
61,0,12.6910,0.0910
61,0,12.7070,0.0160
80,0,12.7220,0.0150
18,0,12.8010,0.0790
18,0,12.8120,0.0110
18,0,12.8350,0.0230
15,0,12.8470,0.0120
33,0,12.9090,0.0620
15,0,12.9260,0.0170
18,0,12.9410,0.0150
25,0,12.9870,0.0460
140,0,13.0190,0.0320
297,0,13.0350,0.0160
33,0,13.0470,0.0120
340,0,13.0930,0.0460
85,0,13.1320,0.0390
15,0,13.3310,0.1990
58,0,13.3410,0.0100
58,0,13.3430,0.0020
15,0,13.3590,0.0160
4,0,13.3750,0.0160
25,0,13.5010,0.1260
15,0,13.5140,0.0130
15,0,13.5150,0.0010
25,0,13.5310,0.0160
51,0,13.5590,0.0280
323,0,13.5620,0.0030
51,0,13.5780,0.0160
33,0,13.5940,0.0160
297,0,13.6090,0.0150
