SysID,Thread ID,time,inetrval
14,0,0.2220,0.2220
80,0,0.5310,0.3090
80,0,0.5470,0.0160
18,0,0.5630,0.0160
18,0,0.6090,0.0460
18,0,0.7200,0.1110
37,0,0.8910,0.1710
55,0,0.9220,0.0310
61,0,0.9540,0.0320
51,0,0.9870,0.0330
49,0,1.0630,0.0760
80,0,1.0780,0.0150
347,0,1.1090,0.0310
80,0,1.1910,0.0820
80,0,1.3350,0.1440
15,0,1.3470,0.0120
76,0,1.3910,0.0440
416,0,1.4060,0.0150
453,0,1.4380,0.0320
453,0,1.4690,0.0310
453,0,1.4840,0.0150
18,0,1.6100,0.1260
453,0,1.6380,0.0280
453,0,1.6560,0.0180
24,0,1.6730,0.0170
24,0,1.7690,0.0960
80,0,1.7980,0.0290
453,0,1.8170,0.0190
18,0,1.8480,0.0310
51,0,1.9850,0.1370
51,0,2.0150,0.0300
24,0,2.0940,0.0790
85,0,2.1090,0.0150
17,0,2.1250,0.0160
54,0,2.1880,0.0630
356,0,2.2670,0.0790
453,0,2.3910,0.1240
15,0,2.4060,0.0150
38,0,2.4380,0.0320
24,0,2.4540,0.0160
15,0,2.4690,0.0150
85,0,2.4850,0.0160
33,0,2.5160,0.0310
15,0,2.5320,0.0160
85,0,2.5480,0.0160
293,0,2.5980,0.0500
24,0,2.7810,0.1830
15,0,2.8440,0.0630
37,0,2.9580,0.1140
354,0,2.9690,0.0110
196,0,2.9910,0.0220
417,0,3.0030,0.0120
80,0,3.0190,0.0160
40,0,3.0350,0.0160
49,0,3.0470,0.0120
49,0,3.0620,0.0150
369,0,3.0950,0.0330
67,2,3.1090,0.0140
1,2,3.1250,0.0160
469,2,3.1410,0.0160
80,2,3.1880,0.0470
40,0,3.2030,0.0150
24,2,3.2210,0.0180
49,0,3.2340,0.0130
80,0,3.2500,0.0160
80,0,3.2660,0.0160
466,0,3.2970,0.0310
112,2,3.3160,0.0190
28,2,3.3260,0.0100
55,0,3.3280,0.0020
40,0,3.3440,0.0160
14,2,3.3600,0.0160
469,2,3.3910,0.0310
24,0,3.4070,0.0160
24,2,3.4250,0.0180
40,0,3.4530,0.0280
80,0,3.4670,0.0140
80,0,3.4690,0.0020
369,0,3.4840,0.0150
15,0,3.5000,0.0160
80,0,3.5160,0.0160
49,0,3.5330,0.0170
80,0,3.5500,0.0170
49,0,3.5630,0.0130
49,0,3.5780,0.0150
369,0,3.6000,0.0220
80,3,3.6060,0.0060
49,0,3.6100,0.0040
369,0,3.6300,0.0200
80,3,3.6380,0.0080
469,4,3.6570,0.0190
18,0,3.6720,0.0150
24,0,3.7220,0.0500
55,0,3.7390,0.0170
51,3,3.7500,0.0110
74,3,3.7660,0.0160
40,3,3.7820,0.0160
49,3,3.7970,0.0150
18,2,3.8120,0.0150
80,3,3.8590,0.0470
80,3,3.8750,0.0160
369,3,3.9070,0.0320
49,2,3.9220,0.0150
15,2,3.9370,0.0150
80,3,3.9380,0.0010
51,0,3.9860,0.0480
76,0,4.0050,0.0190
51,0,4.0350,0.0300
348,0,4.0500,0.0150
76,0,4.0660,0.0160
76,0,4.0780,0.0120
24,0,4.1430,0.0650
73,0,4.2690,0.1260
73,0,4.2840,0.0150
18,0,4.4090,0.1250
23,0,4.4380,0.0290
24,0,4.5000,0.0620
24,0,4.5160,0.0160
18,0,4.5320,0.0160
35,0,4.5630,0.0310
416,0,4.6090,0.0460
416,0,4.6410,0.0320
453,0,4.6570,0.0160
72,0,4.6900,0.0330
35,0,4.7200,0.0300
453,0,4.7820,0.0620
24,0,4.8760,0.0940
453,0,4.9400,0.0640
416,0,4.9570,0.0170
453,0,4.9880,0.0310
453,0,5.0040,0.0160
35,0,5.0930,0.0890
35,0,5.1280,0.0350
35,0,5.1530,0.0250
35,0,5.1570,0.0040
24,0,5.1930,0.0360
73,0,5.2110,0.0180
35,0,5.2690,0.0580
24,0,5.3310,0.0620
416,0,5.3470,0.0160
35,0,5.4390,0.0920
35,0,5.4670,0.0280
35,0,5.4690,0.0020
24,0,5.7970,0.3280
416,0,5.8440,0.0470
54,0,5.8600,0.0160
140,0,5.8950,0.0350
25,0,5.9090,0.0140
453,0,5.9250,0.0160
18,0,5.9410,0.0160
18,0,5.9720,0.0310
18,0,5.9870,0.0150
4834,0,6.0030,0.0160
24,0,6.0190,0.0160
80,0,6.0340,0.0150
247,0,6.1280,0.0940
33,0,6.1920,0.0640
18,0,6.2060,0.0140
19,0,6.2690,0.0630
18,0,6.2860,0.0170
23,0,6.3010,0.0150
15,0,6.3160,0.0150
18,0,6.3320,0.0160
35,0,6.5980,0.2660
4101,0,6.6140,0.0160
4098,0,6.6280,0.0140
0,0,6.6760,0.0480
25,0,6.6910,0.0150
289,0,6.7060,0.0150
22,0,6.7240,0.0180
23,0,6.7540,0.0300
28,0,6.7690,0.0150
18,0,6.7840,0.0150
5349,0,6.8000,0.0160
416,0,6.8480,0.0480
25,0,6.8630,0.0150
4151,0,6.9090,0.0460
453,0,6.9250,0.0160
51,0,7.0040,0.0790
33,0,7.0200,0.0160
18,0,7.0350,0.0150
23,0,7.0510,0.0160
73,0,7.0660,0.0150
140,0,7.0780,0.0120
15,0,7.1010,0.0230
105,0,7.1280,0.0270
4162,0,7.1600,0.0320
25,0,7.1770,0.0170
14,0,7.1940,0.0170
417,0,7.2250,0.0310
35,0,7.2530,0.0280
72,0,7.3470,0.0940
51,0,7.4100,0.0630
340,0,7.4410,0.0310
33,0,7.4720,0.0310
33,0,7.4880,0.0160
24,0,7.5040,0.0160
23,0,7.5190,0.0150
23,0,7.5350,0.0160
18,0,7.5650,0.0300
23,0,7.5990,0.0340
85,0,7.6430,0.0440
74,0,7.6600,0.0170
40,0,7.6760,0.0160
18,0,7.6880,0.0120
4,0,7.7500,0.0620
4,0,7.8000,0.0500
80,0,7.8470,0.0470
51,0,7.8630,0.0160
85,0,7.8790,0.0160
15,0,7.8930,0.0140
85,0,7.9110,0.0180
51,0,7.9410,0.0300
51,0,7.9710,0.0300
51,0,8.0020,0.0310
15,0,8.0260,0.0240
15,0,8.0350,0.0090
37,0,8.0570,0.0220
61,0,8.0650,0.0080
40,0,8.0790,0.0140
49,0,8.0910,0.0120
80,0,8.0950,0.0040
80,4,8.1080,0.0130
49,0,8.1100,0.0020
49,3,8.1250,0.0150
28,4,8.1250,0.0150
55,3,8.1410,0.0160
112,4,8.1560,0.0150
112,4,8.1560,0.0150
80,4,8.1730,0.0170
22,0,8.2700,0.0970
24,0,8.3300,0.0600
356,0,8.3470,0.0170
444,0,8.3780,0.0310
356,0,8.4260,0.0480
33,0,8.4540,0.0280
22,0,8.4820,0.0280
410,0,8.4840,0.0020
18,0,8.5000,0.0160
22,0,8.5160,0.0160
36,0,8.5310,0.0150
22,0,8.5470,0.0160
22,0,8.5930,0.0460
453,0,8.6090,0.0160
72,0,8.6250,0.0160
453,0,8.6400,0.0150
453,0,8.6560,0.0160
61,0,8.7030,0.0470
51,0,8.7190,0.0160
22,0,8.7650,0.0460
192,0,8.7970,0.0320
22,0,8.8120,0.0150
192,0,8.8280,0.0160
416,0,8.8590,0.0310
453,0,8.8900,0.0310
416,0,8.9060,0.0160
453,0,8.9690,0.0630
453,0,8.9840,0.0150
453,0,9.0090,0.0250
14,0,9.0190,0.0100
51,0,9.0360,0.0170
4,0,9.0540,0.0180
4,0,9.0860,0.0320
61,0,9.1510,0.0650
24,0,9.1570,0.0060
24,0,9.1810,0.0240
24,0,9.1910,0.0100
5254,0,9.4450,0.2540
5254,0,9.4820,0.0370
39,0,9.5110,0.0290
15,0,9.5160,0.0050
5254,0,9.5500,0.0340
5254,0,9.5670,0.0170
5254,0,9.6050,0.0380
5254,0,9.6100,0.0050
5254,0,9.6420,0.0320
5254,0,9.6620,0.0200
5254,0,9.6760,0.0140
30,0,9.6930,0.0170
30,0,9.7190,0.0260
22,0,9.7550,0.0360
15,0,9.7690,0.0140
24,0,9.8290,0.0600
22,0,9.8610,0.0320
23,0,9.8850,0.0240
37,0,9.8920,0.0070
55,0,9.9020,0.0100
49,0,9.9070,0.0050
80,0,9.9220,0.0150
80,4,9.9370,0.0150
80,2,9.9380,0.0010
80,4,9.9540,0.0160
22,0,10.0190,0.0650
453,0,10.0350,0.0160
4151,0,10.1600,0.1250
54,0,10.1880,0.0280
416,0,10.2140,0.0260
85,0,10.2210,0.0070
340,0,10.2440,0.0230
416,0,10.2720,0.0280
453,0,10.3170,0.0450
453,0,10.3360,0.0190
72,0,10.4070,0.0710
72,0,10.4320,0.0250
416,0,10.4400,0.0080
453,0,10.4710,0.0310
416,0,10.4960,0.0250
22,0,10.5010,0.0050
14,0,10.5220,0.0210
80,0,10.6690,0.1470
15,0,10.6720,0.0030
80,0,10.7750,0.1030
13,0,10.7830,0.0080
15,0,10.8080,0.0250
91,0,10.8120,0.0040
15,0,10.8450,0.0330
15,0,10.9100,0.0650
80,0,10.9250,0.0150
4275,0,10.9420,0.0170
15,0,10.9610,0.0190
15,0,10.9680,0.0070
96,0,11.0160,0.0480
61,0,11.1120,0.0960
61,0,11.1290,0.0170
80,0,11.1430,0.0140
18,0,11.2220,0.0790
18,0,11.2370,0.0150
33,0,11.2580,0.0210
18,0,11.2710,0.0130
33,0,11.3480,0.0770
18,0,11.3670,0.0190
76,0,11.3790,0.0120
25,0,11.4230,0.0440
140,0,11.4550,0.0320
33,0,11.4790,0.0240
85,0,11.4870,0.0080
61,0,11.5070,0.0200
85,0,11.5210,0.0140
35,0,11.5470,0.0260
51,0,11.5690,0.0220
17,0,11.5960,0.0270
42,0,11.6290,0.0330
340,0,11.6910,0.0620
85,0,11.7220,0.0310
15,0,11.7830,0.0610
28,0,11.8090,0.0260
15,0,11.8250,0.0160
4,0,11.8430,0.0180
25,0,12.5780,0.7350
18,0,12.5940,0.0160
82,0,12.6090,0.0150
25,0,12.6250,0.0160
51,0,12.6400,0.0150
39,0,12.6410,0.0010
51,0,12.6580,0.0170
51,0,12.6720,0.0140
4,0,12.6870,0.0150
323,0,12.7040,0.0170
4,0,12.7190,0.0150
15,0,12.7340,0.0150
15,0,12.7550,0.0210
44,0,12.7830,0.0280
15,0,12.8440,0.0610
15,0,12.8770,0.0330
15,0,12.9380,0.0610
13,0,13.0170,0.0790
15,0,13.0470,0.0300
15,0,13.0640,0.0170
15,0,13.0820,0.0180
15,0,13.0970,0.0150
13,0,13.1590,0.0620
4275,0,13.1760,0.0170
15,0,13.1910,0.0150
13,0,13.2190,0.0280
15,0,13.2500,0.0310
13,0,13.2790,0.0290
15,0,13.3440,0.0650
15,0,13.3790,0.0350
15,0,13.3950,0.0160
15,0,13.4420,0.0470
15,0,13.4740,0.0320
15,0,13.4830,0.0090
