SysID,Thread ID,time,inetrval
14,0,0.2230,0.2230
80,0,0.5470,0.3240
80,0,0.5620,0.0150
80,0,0.5800,0.0180
15,0,0.5920,0.0120
33,0,0.5940,0.0020
18,0,0.6410,0.0470
18,0,0.7370,0.0960
37,0,0.9380,0.2010
55,0,0.9710,0.0330
61,0,1.0020,0.0310
51,0,1.0170,0.0150
40,0,1.0320,0.0150
49,0,1.0940,0.0620
80,0,1.1120,0.0180
80,0,1.1270,0.0150
347,0,1.1420,0.0150
80,0,1.2510,0.1090
80,0,1.4130,0.1620
15,0,1.4220,0.0090
76,0,1.4690,0.0470
416,0,1.5010,0.0320
453,0,1.5320,0.0310
453,0,1.5630,0.0310
453,0,1.5790,0.0160
18,0,1.7080,0.1290
23,0,1.7190,0.0110
453,0,1.7350,0.0160
453,0,1.7660,0.0310
24,0,1.7840,0.0180
24,0,1.8610,0.0770
80,0,1.9070,0.0460
453,0,1.9260,0.0190
453,0,1.9390,0.0130
18,0,1.9710,0.0320
51,0,2.1640,0.1930
15,0,2.1760,0.0120
51,0,2.1870,0.0110
51,0,2.2160,0.0290
24,0,2.3140,0.0980
85,0,2.3280,0.0140
17,0,2.3480,0.0200
74,0,2.3600,0.0120
54,0,2.4220,0.0620
340,0,2.4420,0.0200
356,0,2.5310,0.0890
453,0,2.6410,0.1100
15,0,2.6570,0.0160
38,0,2.6870,0.0300
15,0,2.7190,0.0320
85,0,2.7510,0.0320
33,0,2.7680,0.0170
15,0,2.7840,0.0160
76,0,2.8000,0.0160
453,0,2.8150,0.0150
293,0,2.8600,0.0450
24,0,3.0650,0.2050
15,0,3.1270,0.0620
37,0,3.2500,0.1230
354,0,3.3020,0.0520
417,0,3.3210,0.0190
196,0,3.3310,0.0100
417,0,3.3450,0.0140
80,0,3.3620,0.0170
40,0,3.3770,0.0150
49,0,3.3900,0.0130
49,0,3.4090,0.0190
369,0,3.4390,0.0300
15,0,3.4510,0.0120
67,2,3.4530,0.0020
55,0,3.4840,0.0310
469,2,3.5000,0.0160
80,0,3.5370,0.0370
80,0,3.5470,0.0100
80,0,3.5630,0.0160
466,2,3.6250,0.0620
18,0,3.6440,0.0190
24,0,3.6620,0.0180
112,0,3.6890,0.0270
40,0,3.7040,0.0150
28,2,3.7170,0.0130
14,2,3.7500,0.0330
15,0,3.7670,0.0170
1,3,3.7820,0.0150
112,2,3.7990,0.0170
112,0,3.8140,0.0150
466,2,3.8450,0.0310
40,0,3.8750,0.0300
49,0,3.8910,0.0160
80,0,3.9060,0.0150
112,0,3.9320,0.0260
466,2,3.9360,0.0040
112,0,3.9370,0.0010
24,0,3.9400,0.0030
55,0,3.9640,0.0240
369,0,3.9690,0.0050
369,0,4.0000,0.0310
40,0,4.0150,0.0150
49,0,4.0340,0.0190
80,0,4.0470,0.0130
18,2,4.0630,0.0160
49,0,4.0800,0.0170
80,0,4.0930,0.0130
80,0,4.0940,0.0010
112,2,4.1250,0.0310
40,0,4.1420,0.0170
49,0,4.1600,0.0180
51,2,4.1720,0.0120
49,2,4.1890,0.0170
55,0,4.2030,0.0140
49,0,4.2500,0.0470
247,2,4.2820,0.0320
469,3,4.3000,0.0180469,3,4.3000,0.0180
49,0,4.3180,0.0180
80,0,4.3260,0.0080
80,0,4.3280,0.0020
80,0,4.3440,0.0160
369,0,4.3600,0.0160
18,2,4.3770,0.0170
80,4,4.3920,0.0150
469,3,4.4070,0.0150
80,0,4.4070,0.0150
469,4,4.4220,0.0150
40,0,4.4430,0.0210
49,0,4.4540,0.0110
369,0,4.5170,0.0630
49,0,4.5310,0.0140
369,0,4.5500,0.0190
18,2,4.5630,0.0130
23,2,4.5930,0.0300
28,4,4.6140,0.0210
49,0,4.6420,0.0280
80,0,4.6710,0.02900

80,0,4.6710,0.02900

18,2,4.6880,0.0170
18,2,4.6880,0.0170
15,0,4.7180,0.0300
469,3,4.7730,0.0550
18,0,4.7970,0.0240
51,0,4.8590,0.0620
369,0,4.9220,0.0630
51,3,4.9360,0.0140
74,3,4.9370,0.0010
40,3,4.9530,0.0160
80,0,4.9690,0.0160
369,0,5.0010,0.0320
80,3,5.0320,0.0310
80,3,5.0490,0.0170
49,3,5.0630,0.0140
15,3,5.0850,0.0220
28,4,5.0950,0.0100
40,0,5.1100,0.0150
15,3,5.1270,0.0170
15,3,5.1270,0.0170
80,0,5.1410,0.0140
61,3,5.1570,0.0160

61,3,5.1570,0.0160

80,0,5.1740,0.0170
51,4,5.1890,0.0150
80,3,5.2030,0.0140
15,3,5.2200,0.0170
40,4,5.2350,0.0150
466,0,5.2550,0.0200
80,3,5.2670,0.0120
15,4,5.2850,0.0180
28,0,5.2970,0.0120

28,0,5.2970,0.0120
80,4,5.3150,0.0180
51,2,5.3290,0.0140
469,3,5.3440,0.0150
140,2,5.3750,0.0310
15,2,5.3900,0.0150
80,2,5.4220,0.0320
55,2,5.4530,0.0310
51,0,5.5270,0.0740
76,0,5.5320,0.0050
51,0,5.5530,0.0210
76,0,5.5630,0.0100
76,0,5.5830,0.0200
76,0,5.5960,0.0130
76,0,5.6130,0.0170
76,0,5.6220,0.0090
76,0,5.6250,0.0030
76,0,5.6420,0.0170
76,0,5.6560,0.0140
76,0,5.6730,0.0170
416,0,5.6910,0.0180
416,0,5.7040,0.0130
24,0,5.7500,0.0460
73,0,5.8930,0.1430
73,0,5.9060,0.0130
18,0,6.0640,0.1580
23,0,6.1000,0.0360
24,0,6.1440,0.0440
24,0,6.1660,0.0220
35,0,6.1770,0.0110
416,0,6.2350,0.0580
35,0,6.3450,0.1100
35,0,6.3560,0.0110
35,0,6.3860,0.0300
35,0,6.3910,0.0050
35,0,6.4220,0.0310
24,0,6.4550,0.0330
73,0,6.4790,0.0240
35,0,6.5510,0.0720
416,0,6.6400,0.0890
85,0,6.6800,0.0400
340,0,6.6910,0.0110
24,0,6.7050,0.0140
416,0,6.7350,0.0300
416,0,6.7590,0.0240
453,0,6.7690,0.0100
453,0,6.7870,0.0180
192,0,6.8020,0.0150
51,0,6.8320,0.0300
416,0,6.8530,0.0210
453,0,6.8930,0.0400
453,0,6.9120,0.0190
453,0,6.9260,0.0140
72,0,7.0330,0.1070
416,0,7.0640,0.0310
35,0,7.0960,0.0320
289,0,7.2390,0.1430
22,0,7.2530,0.0140
289,0,7.2690,0.0160
23,0,7.2840,0.0150
28,0,7.3130,0.0290
35,0,7.3940,0.0810
35,0,7.4090,0.0150
444,0,7.4400,0.0310
35,0,7.4570,0.0170
35,0,7.4710,0.0140
356,0,7.4880,0.0170
33,0,7.5340,0.0460
22,0,7.5500,0.0160
22,0,7.5640,0.0140
22,0,7.5820,0.0180
22,0,7.5950,0.0130
282,0,7.6140,0.0190
33,0,7.6290,0.0150
35,0,7.7030,0.0740
22,0,7.7190,0.0160
24,0,7.7350,0.0160
72,0,7.7510,0.0160
453,0,7.7660,0.0150
453,0,7.7820,0.0160
416,0,7.8440,0.0620
72,0,7.9100,0.0660
453,0,7.9400,0.0300
25,0,7.9570,0.0170
22,0,7.9720,0.0150
24,0,8.0510,0.0790
18,0,8.1560,0.1050
15,0,8.1720,0.0160
51,0,8.1880,0.0160
35,0,8.2030,0.0150
35,0,8.2190,0.0160
35,0,8.2360,0.0170
35,0,8.2500,0.0140
35,0,8.2820,0.0320
416,0,8.3120,0.0300
35,0,8.3590,0.0470
35,0,8.3750,0.0160
35,0,8.3900,0.0150
24,0,8.7040,0.3140
416,0,8.8150,0.1110
416,0,8.8770,0.0620
416,0,8.8940,0.0170
54,0,8.9080,0.0140
140,0,8.9240,0.0160
25,0,8.9540,0.0300
18,0,8.9710,0.0170
18,0,8.9870,0.0160
18,0,9.0200,0.0330
18,0,9.0320,0.0120
4834,0,9.0490,0.0170
80,0,9.0820,0.0330
35,0,9.1580,0.0760
4101,0,9.1740,0.0160
5169,0,9.1900,0.0160
0,0,9.2450,0.0550
15,0,9.2500,0.0050
15,0,9.2710,0.0210
5349,0,9.2980,0.0270
453,0,9.3470,0.0490
416,0,9.3620,0.0150
453,0,9.3910,0.0290
416,0,9.4150,0.0240
453,0,9.4860,0.0710
24,0,9.5840,0.0980
453,0,9.6730,0.0890
453,0,9.7190,0.0460
453,0,9.7380,0.0190
24,0,9.7810,0.0430
73,0,9.8160,0.0350
24,0,9.9530,0.1370
18,0,9.9730,0.0200
35,0,10.0090,0.0360
4151,0,10.0150,0.0060
5125,0,10.0640,0.0490
0,0,10.0830,0.0190
15,0,10.0940,0.0110
4162,0,10.1280,0.0340
25,0,10.1580,0.0300
35,0,10.1880,0.0300
192,0,10.2990,0.1110
24,0,10.3300,0.0310
453,0,10.3460,0.0160
35,0,10.3630,0.0170
453,0,10.3770,0.0140
453,0,10.4100,0.0330
453,0,10.4250,0.0150
4151,0,10.4410,0.0160
416,0,10.4730,0.0320
453,0,10.5310,0.0580
453,0,10.5510,0.0200
35,0,10.5640,0.0130
35,0,10.5810,0.0170
35,0,10.5970,0.0160
35,0,10.6130,0.0160
35,0,10.6270,0.0140
35,0,10.6440,0.0170
35,0,10.6560,0.0120
35,0,10.6750,0.0190
416,0,10.7220,0.0470
35,0,10.7520,0.0300
35,0,10.7690,0.0170
22,0,10.8150,0.0460
453,0,10.8250,0.0100
4151,0,10.9690,0.1440
80,0,11.0130,0.0440
54,0,11.0160,0.0030
416,0,11.0350,0.0190
4151,0,11.0960,0.0610
4158,0,11.1110,0.0150
4264,0,11.1580,0.0470
4264,0,11.1740,0.0160
33,0,11.1900,0.0160
22,0,11.2050,0.0150
22,0,11.2370,0.0320
289,0,11.2530,0.0160
283,0,11.2650,0.0120
416,0,11.2860,0.0210
35,0,11.3150,0.0290
80,0,11.3460,0.0310
22,0,11.3780,0.0320
14,0,11.4060,0.0280
417,0,11.4290,0.0230
450,0,11.4400,0.0110
340,0,11.4690,0.0290
73,0,11.5500,0.0810
24,0,11.5650,0.0150
24,0,11.5960,0.0310
24,0,11.7340,0.1380
35,0,11.7510,0.0170
340,0,11.7670,0.0160
24,0,11.7990,0.0320
24,0,11.8140,0.0150
24,0,11.8940,0.0800
4138,0,11.9570,0.0630
4151,0,11.9970,0.0400
4106,0,12.0000,0.0030
4787,0,12.0240,0.0240
5292,0,12.0340,0.0100
4151,0,12.0490,0.0150
25,0,12.0650,0.0160
28,0,12.0830,0.0180
18,0,12.0960,0.0130
322,0,12.1120,0.0160
18,0,12.1270,0.0150
80,0,12.1430,0.0160
51,0,12.1890,0.0460
4233,0,12.2200,0.0310
33,0,12.2440,0.0240
4158,0,12.2670,0.0230
80,0,12.3780,0.1110
80,0,12.3930,0.0150
4272,0,12.4060,0.0130
80,0,12.4400,0.0340
4106,0,12.4570,0.0170
4171,0,12.4690,0.0120
4248,0,12.4860,0.0170
4149,0,12.5020,0.0160
4137,0,12.5170,0.0150
4154,0,12.5390,0.0220
4107,0,12.5460,0.0070
4106,0,12.5660,0.0200
4252,0,12.5990,0.0330
4178,0,12.6110,0.0120
4107,0,12.6270,0.0160
4131,0,12.6380,0.0110
80,0,12.6410,0.0030
4131,0,12.6560,0.0150
4254,0,12.6720,0.0160
4233,0,12.7030,0.0310
4158,0,12.7810,0.0780
4264,0,12.7970,0.0160
4264,0,12.8130,0.0160
4264,0,12.8340,0.0210
4158,0,12.8460,0.0120
4264,0,12.8630,0.0170
4264,0,12.8760,0.0130
4156,0,12.9530,0.0770
4173,0,12.9740,0.0210
4188,0,12.9860,0.0120
80,0,13.0010,0.0150
4328,0,13.0170,0.0160
4211,0,13.0480,0.0310
33,0,13.0940,0.0460
33,0,13.1110,0.0170
15,0,13.1260,0.0150
24,0,13.1410,0.0150
23,0,13.1590,0.0180
18,0,13.1730,0.0140
18,0,13.2070,0.0340
4,0,13.2370,0.0300
24,0,13.2660,0.0290
4,0,13.2830,0.0170
4,0,13.2990,0.0160
4819,0,13.3290,0.0300
4802,0,13.3440,0.0150
4200,0,13.3610,0.0170
4131,0,13.3950,0.0340
4258,0,13.4410,0.0460
4158,0,13.4610,0.0200
4264,0,13.4720,0.0110
5,0,13.4850,0.0130
5412,0,13.5330,0.0480
5,0,13.5630,0.0300
4242,0,13.6260,0.0630
4103,0,13.6430,0.0170
5,0,13.6580,0.0150
5,0,13.6740,0.0160
4258,0,13.7650,0.0910
5412,0,13.7810,0.0160
35,0,13.7970,0.0160
4106,0,13.8130,0.0160
4132,0,13.8440,0.0310
5,0,13.8610,0.0170
4212,0,13.8920,0.0310
4103,0,13.9090,0.0170
4187,0,13.9230,0.0140
4132,0,13.9380,0.0150
5,0,13.9550,0.0170
5412,0,14.0630,0.1080
4103,0,14.0800,0.0170
4158,0,14.0970,0.0170
4167,0,14.1140,0.0170
4222,0,14.1510,0.0370
4107,0,14.1560,0.0050
340,0,14.1870,0.0310
85,0,14.2390,0.0520
8,0,14.2500,0.0110
4206,0,14.3150,0.0650
13,0,14.3780,0.0630
42,0,14.4370,0.0590
35,0,14.4710,0.0340
13,0,14.5810,0.1100
80,0,14.6450,0.0640
15,0,14.6600,0.0150
13,0,14.6900,0.0300
15,0,14.7100,0.0200
15,0,14.7500,0.0400
13,0,14.7820,0.0320
15,0,14.8020,0.0200
15,0,14.8130,0.0110
15,0,14.8280,0.0150
15,0,14.8440,0.0160
15,0,14.8600,0.0160
4275,0,14.9460,0.0860
4275,0,14.9540,0.0080
15,0,14.9840,0.0300
15,0,15.0150,0.0310
15,0,15.0470,0.0320
15,0,15.0790,0.0320
15,0,15.1250,0.0460
18,0,15.1400,0.0150
13,0,15.1560,0.0160
13,0,15.2510,0.0950
15,0,15.2700,0.0190
15,0,15.2810,0.0110
91,0,15.3010,0.0200
32,0,15.3140,0.0130
15,0,15.3770,0.0630
15,0,15.4000,0.0230
15,0,15.4070,0.0070
15,0,15.4270,0.0200
15,0,15.4350,0.0080
15,0,15.4380,0.0030
13,0,15.5170,0.0790
15,0,15.5330,0.0160
15,0,15.5500,0.0170
15,0,15.5640,0.0140
15,0,15.6120,0.0480
15,0,15.6420,0.0300
15,0,15.7360,0.0940
15,0,15.7660,0.0300
15,0,15.7830,0.0170
