SysID,Thread ID,time,inetrval
14,0,0.2500,0.2500
80,0,0.6430,0.3930
80,0,0.6630,0.0200
18,0,0.6790,0.0160
15,0,0.6850,0.0060
33,0,0.6880,0.0030
18,0,0.7340,0.0460
18,0,0.8440,0.1100
37,0,1.0620,0.2180
55,0,1.0950,0.0330
61,0,1.1410,0.0460
51,0,1.1570,0.0160
40,0,1.1760,0.0190
49,0,1.2510,0.0750
80,0,1.2850,0.0340
80,0,1.2970,0.0120
347,0,1.3140,0.0170
80,0,1.4430,0.1290
80,0,1.6870,0.2440
76,0,1.7340,0.0470
416,0,1.7510,0.0170
453,0,1.7810,0.0300
453,0,1.8410,0.0600
453,0,1.8440,0.0030
18,0,1.9850,0.1410
453,0,2.0050,0.0200
453,0,2.0360,0.0310
24,0,2.0480,0.0120
24,0,2.1730,0.1250
80,0,2.2040,0.0310
453,0,2.2210,0.0170
453,0,2.2390,0.0180
18,0,2.2660,0.0270
51,0,2.4530,0.1870
15,0,2.4690,0.0160
51,0,2.4840,0.0150
51,0,2.5000,0.0160
24,0,2.5780,0.0780
85,0,2.5940,0.0160
74,0,2.6090,0.0150
54,0,2.6720,0.0630
340,0,2.6880,0.0160
356,0,2.7650,0.0770
453,0,2.8750,0.1100
15,0,2.8920,0.0170
38,0,2.9670,0.0750
297,0,2.9700,0.0030
15,0,2.9850,0.0150
85,0,3.0050,0.0200
33,0,3.0350,0.0300
15,0,3.0560,0.0210
76,0,3.0640,0.0080
15,0,3.0860,0.0220
293,0,3.1370,0.0510
24,0,3.3600,0.2230
15,0,3.4230,0.0630
37,0,3.5180,0.0950
354,0,3.5520,0.0340
417,0,3.5650,0.0130
196,0,3.5810,0.0160
80,0,3.5990,0.0180
55,0,3.6130,0.0140
49,0,3.6270,0.0140
49,0,3.6440,0.0170
369,0,3.6740,0.0300
67,2,3.6870,0.0130
55,0,3.7190,0.0320
469,2,3.7340,0.0150
80,0,3.7820,0.0480
80,0,3.7970,0.0150
466,0,3.8290,0.0320
466,0,3.8790,0.0500
24,2,3.8910,0.0120
18,2,3.9080,0.0170
24,2,3.9220,0.0140
112,2,3.9540,0.0320
14,2,3.9690,0.0150
469,2,4.0010,0.0320
369,0,4.0220,0.0210
80,2,4.0310,0.0090
24,0,4.0470,0.0160
40,0,4.0800,0.0330
49,0,4.0970,0.0170
15,0,4.1070,0.0100
24,0,4.1090,0.0020
466,2,4.1310,0.0220
466,2,4.1430,0.0120
369,0,4.1870,0.0440
49,0,4.2220,0.0350
55,0,4.2390,0.0170
49,0,4.2500,0.0110
80,0,4.2660,0.0160
55,0,4.2850,0.0190
49,0,4.2990,0.0140
49,0,4.3150,0.0160
369,0,4.3310,0.0160
80,2,4.3390,0.0080
49,0,4.3610,0.0220
15,0,4.3910,0.0300
80,2,4.4530,0.0620
18,0,4.4690,0.0160
51,0,4.4850,0.0160
24,0,4.5620,0.0770
369,0,4.5790,0.0170
51,2,4.5950,0.0160
80,2,4.6110,0.0160
80,2,4.6250,0.0140
80,2,4.6410,0.0160
15,2,4.6590,0.0180
18,0,4.6720,0.0130
23,0,4.6880,0.0160
61,0,4.7390,0.0510
61,0,4.7560,0.0170
49,0,4.7670,0.0110
469,3,4.7790,0.0120
80,0,4.7800,0.0010
51,0,4.8130,0.0330
76,0,4.8390,0.0260
51,0,4.8450,0.0060
51,0,4.8780,0.0330
76,0,4.8980,0.0200
76,0,4.9110,0.0130
76,0,4.9330,0.0220
416,0,4.9410,0.0080
24,0,4.9940,0.0530
24,0,5.0030,0.0090
73,0,5.1640,0.1610
73,0,5.1800,0.0160
24,0,5.1870,0.0070
18,0,5.3290,0.1420
23,0,5.3620,0.0330
24,0,5.4080,0.0460
24,0,5.4220,0.0140
35,0,5.4390,0.0170
416,0,5.5040,0.0650
416,0,5.5180,0.0140
453,0,5.5480,0.0300
453,0,5.5650,0.0170
72,0,5.5810,0.0160
51,0,5.6120,0.0310
453,0,5.7050,0.0930
24,0,5.8010,0.0960
453,0,5.8770,0.0760
453,0,5.8930,0.0160
453,0,5.9380,0.0450
416,0,5.9540,0.0160
35,0,6.0470,0.0930
35,0,6.0850,0.0380
35,0,6.0970,0.0120
35,0,6.1120,0.0150
35,0,6.1250,0.0130
24,0,6.1580,0.0330
73,0,6.1740,0.0160
35,0,6.2410,0.0670
24,0,6.3000,0.0590
24,0,6.3170,0.0170
416,0,6.3450,0.0280
35,0,6.4090,0.0640
35,0,6.4270,0.0180
35,0,6.4390,0.0120
35,0,6.4540,0.0150
416,0,6.8440,0.3900
54,0,6.8750,0.0310
140,0,6.9070,0.0320
25,0,6.9250,0.0180
453,0,6.9380,0.0130
18,0,6.9560,0.0180
18,0,6.9870,0.0310
18,0,7.0030,0.0160
23,0,7.0160,0.0130
24,0,7.0320,0.0160
80,0,7.0480,0.0160
247,0,7.1560,0.1080
33,0,7.2230,0.0670
18,0,7.2350,0.0120
19,0,7.3000,0.0650
15,0,7.3140,0.0140
18,0,7.3310,0.0170
23,0,7.3460,0.0150
15,0,7.3620,0.0160
35,0,7.6440,0.2820
4101,0,7.6590,0.0150
80,0,7.6740,0.0150
66,0,7.6920,0.0180
0,0,7.7380,0.0460
289,0,7.7530,0.0150
22,0,7.7820,0.0290
23,0,7.8140,0.0320
28,0,7.8360,0.0220
5,0,7.8420,0.0060
18,0,7.8440,0.0020
5349,0,7.8680,0.0240
416,0,7.8750,0.0070
416,0,7.9230,0.0480
25,0,7.9380,0.0150
4151,0,7.9870,0.0490
453,0,8.0020,0.0150
51,0,8.0950,0.0930
33,0,8.1110,0.0160
18,0,8.1270,0.0160
17,0,8.1420,0.0150
140,0,8.1740,0.0320
15,0,8.1890,0.0150
105,0,8.2220,0.0330
4162,0,8.2680,0.0460
35,0,8.2830,0.0150
14,0,8.3130,0.0300
14,0,8.3360,0.0230
35,0,8.3640,0.0280
21,0,8.4420,0.0780
21,0,8.4590,0.0170
72,0,8.4740,0.0150
51,0,8.5330,0.0590
340,0,8.5660,0.0330
21,0,8.5870,0.0210
33,0,8.5980,0.0110
33,0,8.6170,0.0190
72,0,8.6300,0.0130
23,0,8.6600,0.0300
15,0,8.6780,0.0180
18,0,8.7060,0.0280
23,0,8.7370,0.0310
85,0,8.7970,0.0600
74,0,8.8120,0.0150
18,0,8.8280,0.0160
23,0,8.8440,0.0160
21,0,8.8910,0.0470
4,0,8.9060,0.0150
4,0,8.9690,0.0630
80,0,9.0150,0.0460
51,0,9.0310,0.0160
85,0,9.0470,0.0160
85,0,9.0630,0.0160
61,0,9.0780,0.0150
51,0,9.1090,0.0310
51,0,9.1410,0.0320
51,0,9.1560,0.0150
17,0,9.1720,0.0160
15,0,9.1870,0.0150
37,0,9.2190,0.0320
61,0,9.2340,0.0150
49,0,9.2500,0.0160
55,0,9.2660,0.0160
15,0,9.2820,0.0160
80,3,9.2970,0.0150
369,3,9.3130,0.0160
76,0,9.3280,0.0150
22,0,9.4220,0.0940
24,0,9.5010,0.0790
356,0,9.5180,0.0170
444,0,9.5480,0.0300
356,0,9.5950,0.0470
33,0,9.6410,0.0460
289,0,9.6610,0.0200
22,0,9.6750,0.0140
22,0,9.6890,0.0140
72,0,9.7040,0.0150
36,0,9.7210,0.0170
22,0,9.7350,0.0140
22,0,9.8010,0.0660
453,0,9.8150,0.0140
72,0,9.8310,0.0160
64,0,9.8460,0.0150
453,0,9.8610,0.0150
453,0,9.8760,0.0150
61,0,9.9240,0.0480
51,0,9.9390,0.0150
22,0,9.9870,0.0480
416,0,10.0020,0.0150
192,0,10.0330,0.0310
192,0,10.0500,0.0170
416,0,10.0640,0.0140
416,0,10.1030,0.0390
453,0,10.1320,0.0290
416,0,10.1450,0.0130
453,0,10.2210,0.0760
453,0,10.2350,0.0140
453,0,10.2660,0.0310
14,0,10.2810,0.0150
51,0,10.3030,0.0220
5125,0,10.3150,0.0120
4156,0,10.3320,0.0170
80,0,10.3450,0.0130
80,0,10.3640,0.0190
4188,0,10.3940,0.0300
4328,0,10.4390,0.0450
4211,0,10.4570,0.0180
4,0,10.4690,0.0120
4,0,10.4900,0.0210
24,0,10.5000,0.0100
4,0,10.5220,0.0220
4,0,10.5330,0.0110
4819,0,10.5830,0.0500
4802,0,10.5940,0.0110
4200,0,10.6100,0.0160
4131,0,10.6560,0.0460
4258,0,10.7180,0.0620
4158,0,10.7500,0.0320
4264,0,10.7660,0.0160
4242,0,10.7970,0.0310
4103,0,10.8190,0.0220
5,0,10.8280,0.0090
5,0,10.8470,0.0190
4192,0,10.8620,0.0150
18,0,10.9080,0.0460
51,0,10.9240,0.0160
35,0,10.9400,0.0160
35,0,10.9540,0.0140
35,0,10.9700,0.0160
4101,0,10.9860,0.0160
4258,0,11.0350,0.0490
4212,0,11.0480,0.0130
4258,0,11.0660,0.0180
4,0,11.0790,0.0130
4158,0,11.0940,0.0150
4264,0,11.1250,0.0310
4212,0,11.1520,0.0270
5230,0,11.1560,0.0040
5412,0,11.2110,0.0550
4103,0,11.2180,0.0070
49,0,11.2410,0.0230
369,0,11.2500,0.0090
453,0,11.3010,0.0510
24,0,11.3120,0.0110
14,0,11.3640,0.0520
4162,0,11.3800,0.0160
4162,0,11.3930,0.0130
4162,0,11.4120,0.0190
5382,0,11.4260,0.0140
5292,0,11.4560,0.0300
4103,0,11.5000,0.0440
4258,0,11.5310,0.0310
4,0,11.5470,0.0160
4103,0,11.5620,0.0150
5,0,11.5780,0.0160
4158,0,11.5940,0.0160
4187,0,11.6090,0.0150
4158,0,11.6300,0.0210
5412,0,11.6400,0.0100
4106,0,11.6720,0.0320
4787,0,11.6870,0.0150
5,0,11.7030,0.0160
5,0,11.7180,0.0150
4123,0,11.7340,0.0160
4106,0,11.7840,0.0500
4171,0,11.8050,0.0210
4171,0,11.8170,0.0120
4222,0,11.8310,0.0140
80,0,11.8550,0.0240
4897,0,11.8620,0.0070
4107,0,11.8840,0.0220
5292,0,11.8920,0.0080
4100,0,11.9170,0.0250
4123,0,11.9230,0.0060
194,0,11.9450,0.0220
4177,0,11.9530,0.0080
4187,0,12.0160,0.0630
4100,0,12.0310,0.0150
4097,0,12.0630,0.0320
21,5,12.0930,0.0300
21,5,12.1100,0.0170
0
21,5,12.1100,0.0170
5,5,12.1260,0.0160
4097,0,12.1440,0.0180
4,5,12.1730,0.0290
4,5,12.1890,0.0160
4112,5,12.2350,0.0460
4103,5,12.2510,0.0160
4108,0,12.2660,0.0150
24,5,12.2990,0.0330
24,5,12.3140,0.0150
5254,5,12.5330,0.2190
4123,0,12.5490,0.0160
4115,0,12.5690,0.0200
5254,5,12.6420,0.0730
5254,5,12.6740,0.0320
5254,5,12.7050,0.0310
5254,5,12.7350,0.0300
5254,5,12.7510,0.0160
5254,5,12.7830,0.0320
5254,5,12.8160,0.0330
5254,5,12.8480,0.0320
5254,5,12.8610,0.0130
5254,5,12.8940,0.0330
5254,5,12.9250,0.0310
5254,5,12.9410,0.0160
5254,5,12.9740,0.0330
5254,5,13.0040,0.0300
39,5,13.0360,0.0320
39,5,13.0490,0.0130
5254,5,13.0830,0.0340
5254,5,13.0950,0.0120
4097,0,13.1140,0.0190
4108,0,13.1240,0.0100
15,5,13.1250,0.0010
30,5,13.1480,0.0230
30,5,13.1590,0.0110
30,5,13.1740,0.0150
83,0,13.1920,0.0180
4177,0,13.2030,0.0110
4123,0,13.2230,0.0200
5,0,13.2350,0.0120
22,0,13.2550,0.0200
15,0,13.2700,0.0150
61,0,13.3230,0.0530
22,0,13.3630,0.0400
23,0,13.3810,0.0180
40,0,13.3900,0.0090
80,4,13.4070,0.0170
49,0,13.4220,0.0150
80,3,13.4380,0.0160
80,3,13.4530,0.0150
22,0,13.5160,0.0630
453,0,13.5360,0.0200
4151,0,13.6610,0.1250
80,0,13.6740,0.0130
25,0,13.6900,0.0160
416,0,13.7070,0.0170
85,0,13.7220,0.0150
340,0,13.7360,0.0140
416,0,13.7830,0.0470
453,0,13.8160,0.0330
453,0,13.8310,0.0150
72,0,13.9220,0.0910
54,0,13.9520,0.0300
54,0,13.9540,0.0020
453,0,13.9890,0.0350
416,0,14.0070,0.0180
22,0,14.0190,0.0120
23,0,14.0390,0.0200
14,0,14.0470,0.0080
80,0,14.1920,0.1450
15,0,14.2070,0.0150
80,0,14.3040,0.0970
80,0,14.3150,0.0110
91,0,14.3320,0.0170
14,0,14.3540,0.0220
15,0,14.3600,0.0060
15,0,14.3860,0.0260
15,0,14.4530,0.0670
4275,0,14.4740,0.0210
15,0,14.4910,0.0170
80,0,14.5150,0.0240
96,0,14.5310,0.0160
15,0,14.5470,0.0160
61,0,14.6560,0.1090
61,0,14.6720,0.0160
18,0,14.7670,0.0950
18,0,14.7820,0.0150
297,0,14.8040,0.0220
18,0,14.8130,0.0090
33,0,14.8990,0.0860
33,0,14.9090,0.0100
76,0,14.9320,0.0230
25,0,14.9720,0.0400
140,0,15.0030,0.0310
340,0,15.0850,0.0820
85,0,15.1170,0.0320
15,0,15.1900,0.0730
24,0,15.2060,0.0160
15,0,15.2350,0.0290
4,0,15.2510,0.0160
