SysID,Thread ID,time,inetrval
14,0,0.2350,0.2350
80,0,0.5630,0.3280
80,0,0.5780,0.0150
18,0,0.5980,0.0200
15,0,0.6060,0.0080
33,0,0.6090,0.0030
18,0,0.6450,0.0360
18,0,0.7360,0.0910
15,0,0.7550,0.0190
37,0,0.9220,0.1670
55,0,0.9550,0.0330
61,0,0.9870,0.0320
51,0,1.0180,0.0310
40,0,1.0370,0.0190
49,0,1.0970,0.0600
80,0,1.1160,0.0190
80,0,1.1280,0.0120
347,0,1.1560,0.0280
80,0,1.2500,0.0940
80,0,1.4070,0.1570
15,0,1.4230,0.0160
76,0,1.4530,0.0300
416,0,1.4850,0.0320
453,0,1.5000,0.0150
453,0,1.5470,0.0470
453,0,1.5630,0.0160
18,0,1.6770,0.1140
23,0,1.6990,0.0220
15,0,1.7030,0.0040
453,0,1.7190,0.0160
453,0,1.7550,0.0360
24,0,1.7970,0.0420
80,0,1.8750,0.0780
453,0,1.8960,0.0210
453,0,1.9030,0.0070
453,0,1.9060,0.0030
18,0,1.9220,0.0160
24,0,1.9630,0.0410
51,0,2.0780,0.1150
15,0,2.0980,0.0200
51,0,2.1270,0.0290
51,0,2.1610,0.0340
24,0,2.2560,0.0950
85,0,2.2820,0.0260
54,0,2.3600,0.0780
340,0,2.3750,0.0150
356,0,2.4390,0.0640
453,0,2.5490,0.1100
38,0,2.5820,0.0330
15,0,2.6250,0.0430
85,0,2.6410,0.0160
33,0,2.6730,0.0320
76,0,2.6920,0.0190
85,0,2.7030,0.0110
293,0,2.7540,0.0510
15,0,3.0050,0.2510
37,0,3.1130,0.1080
354,0,3.1300,0.0170
417,0,3.1420,0.0120
417,0,3.1580,0.0160
80,0,3.1860,0.0280
55,0,3.1880,0.0020
49,0,3.2050,0.0170
80,0,3.2240,0.0190
49,0,3.2340,0.0100
369,0,3.2510,0.0170
67,2,3.2970,0.0460
15,0,3.3130,0.0160
55,0,3.3460,0.0330
40,0,3.3910,0.0450
80,0,3.4060,0.0150
24,2,3.4240,0.0180
80,0,3.4370,0.0130
18,2,3.4690,0.0320
466,0,3.4850,0.0160
112,2,3.5210,0.0360
28,2,3.5480,0.0270
469,2,3.5780,0.0300
80,2,3.5980,0.0200
24,0,3.6090,0.0110
40,0,3.6560,0.0470
80,2,3.6720,0.0160
466,2,3.7030,0.0310
369,0,3.7500,0.0470
24,2,3.7670,0.0170
14,3,3.7820,0.0150

55,0,3.7820,0.0150
55,0,3.7820,0.0150
55,0,3.8000,0.0180
49,0,3.8150,0.0150
49,0,3.8280,0.0130
49,0,3.8490,0.0210
49,0,3.8610,0.0120
80,3,3.8800,0.0190
55,0,3.8870,0.0070
49,0,3.8910,0.0040
369,0,3.9110,0.0200
80,3,3.9210,0.0100
49,0,3.9230,0.0020
49,0,3.9380,0.0150
49,0,3.9380,0.0150
466,2,3.9530,0.0150
inetrval
         

28,2,3.9680,0.0150
49,0,3.9850,0.0170
28,2,4.0000,0.0150
369,0,4.0160,0.0160
55,0,4.0310,0.0150
24,0,4.0470,0.0160
369,3,4.0620,0.0150
466,3,4.0780,0.0160
18,0,4.1250,0.0470
112,4,4.1560,0.0310
112,2,4.1870,0.0310
24,0,4.2040,0.0170
61,3,4.2190,0.0150
51,3,4.2350,0.0160
51,4,4.2500,0.0150
74,4,4.2650,0.0150
49,2,4.2810,0.0160
15,2,4.2970,0.0160
15,0,4.3120,0.0150
112,0,4.3280,0.0160
112,0,4.3280,0.0160
80,3,4.3440,0.0160
55,4,4.3600,0.0160
61,0,4.3750,0.0150
15,0,4.3910,0.0160
15,0,4.3910,0.0160
469,3,4.4070,0.0160
51,0,4.4690,0.0620
76,0,4.4970,0.0280
76,0,4.5000,0.0030
76,0,4.5160,0.0160
51,0,4.5630,0.0470
76,0,4.5790,0.0160
76,0,4.5940,0.0150
76,0,4.6100,0.0160
15,0,4.6250,0.0150
76,0,4.6400,0.0150
348,0,4.6600,0.0200
76,0,4.6740,0.0140
416,0,4.6900,0.0160
416,0,4.7030,0.0130
24,0,4.7510,0.0480
73,0,4.8940,0.1430
24,0,4.9090,0.0150
18,0,5.0340,0.1250
23,0,5.0540,0.0200
23,0,5.0670,0.0130
24,0,5.1150,0.0480
24,0,5.1290,0.0140
35,0,5.1590,0.0300
416,0,5.2110,0.0520
416,0,5.2400,0.0290
453,0,5.2540,0.0140
453,0,5.2680,0.0140
51,0,5.3000,0.0320
7,0,5.3130,0.0130
453,0,5.4090,0.0960
24,0,5.4840,0.0750
453,0,5.5790,0.0950
453,0,5.6130,0.0340
453,0,5.6320,0.0190
35,0,5.7190,0.0870
35,0,5.7350,0.0160
35,0,5.7590,0.0240
35,0,5.7680,0.0090
35,0,5.7880,0.0200
73,0,5.8340,0.0460
24,0,5.8470,0.0130
35,0,5.8940,0.0470
24,0,5.9460,0.0520
416,0,5.9890,0.0430
35,0,6.0660,0.0770
35,0,6.0860,0.0200
35,0,6.1000,0.0140
24,0,6.1760,0.0760
24,0,6.3930,0.2170
416,0,6.4870,0.0940
54,0,6.5030,0.0160
140,0,6.5350,0.0320
25,0,6.5510,0.0160
18,0,6.5630,0.0120
18,0,6.5790,0.0160
18,0,6.5950,0.0160
18,0,6.6120,0.0170
18,0,6.6270,0.0150
18,0,6.6430,0.0160
37,0,6.6590,0.0160
80,0,6.6920,0.0330
247,0,6.8150,0.1230
33,0,6.8630,0.0480
18,0,6.8800,0.0170
19,0,6.9410,0.0610
15,0,6.9580,0.0170
18,0,6.9710,0.0130
23,0,6.9860,0.0150
15,0,7.0050,0.0190
18,0,7.0180,0.0130
24,0,7.0970,0.0790
51,0,7.3000,0.2030
51,0,7.3320,0.0320
61,0,7.3450,0.0130
35,0,7.3940,0.0490
35,0,7.4080,0.0140
37,0,7.4240,0.0160
297,0,7.4410,0.0170
0,0,7.4890,0.0480
25,0,7.5030,0.0140
289,0,7.5180,0.0150
22,0,7.5350,0.0170
23,0,7.5660,0.0310
28,0,7.5790,0.0130
5,0,7.5940,0.0150
5349,0,7.6280,0.0340
416,0,7.6920,0.0640
35,0,7.7070,0.0150
453,0,7.7530,0.0460
416,0,7.7690,0.0160
35,0,7.7970,0.0280
192,0,7.8950,0.0980
453,0,7.9130,0.0180
453,0,7.9250,0.0120
453,0,7.9440,0.0190
35,0,7.9580,0.0140
453,0,7.9740,0.0160
416,0,7.9890,0.0150
35,0,8.0170,0.0280
22,0,8.0810,0.0640
22,0,8.1030,0.0220
35,0,8.1620,0.0590
35,0,8.1770,0.0150
444,0,8.2100,0.0330
35,0,8.2230,0.0130
35,0,8.2420,0.0190
356,0,8.2540,0.0120
33,0,8.2840,0.0300
22,0,8.3160,0.0320
18,0,8.3380,0.0220
22,0,8.3440,0.0060
72,0,8.3660,0.0220
36,0,8.3770,0.0110
35,0,8.4340,0.0570
22,0,8.4380,0.0040
72,0,8.4590,0.0210
72,0,8.4720,0.0130
453,0,8.4900,0.0180
453,0,8.5030,0.0130
35,0,8.5340,0.0310
22,0,8.5800,0.0460
4151,0,8.7190,0.1390
54,0,8.7500,0.0310
416,0,8.7810,0.0310
35,0,8.8120,0.0310
80,0,8.8420,0.0300
22,0,8.8750,0.0330
453,0,8.9100,0.0350
416,0,8.9410,0.0310
35,0,8.9600,0.0190
35,0,8.9720,0.0120
35,0,8.9920,0.0200
35,0,9.0040,0.0120
35,0,9.0220,0.0180
35,0,9.0300,0.0080
35,0,9.0310,0.0010
35,0,9.0320,0.0010
416,0,9.0620,0.0300
54,0,9.1870,0.1250
453,0,9.2220,0.0350
22,0,9.2420,0.0200
453,0,9.2520,0.0100
35,0,9.2830,0.0310
453,0,9.3470,0.0640
416,0,9.3660,0.0190
453,0,9.4060,0.0400
416,0,9.4710,0.0650
37,0,9.5000,0.0290
49,0,9.5210,0.0210
4,0,9.5280,0.0070
80,0,9.5660,0.0380
453,0,9.6180,0.0520
416,0,9.6260,0.0080
35,0,9.6460,0.0200
453,0,9.6630,0.0170
453,0,9.6770,0.0140
72,0,9.7980,0.1210
416,0,9.8220,0.0240
35,0,9.8300,0.0080
453,0,9.8500,0.0200
453,0,9.8830,0.0330
416,0,9.8970,0.0140
340,0,9.9530,0.0560
453,0,9.9830,0.0300
453,0,9.9850,0.0020
416,0,10.0100,0.0250
94,0,10.0470,0.0370
14,0,10.0700,0.0230
94,0,10.0790,0.0090
