SysID,Thread ID,time,inetrval
14,0,0.2200,0.2200
80,0,0.5170,0.2970
80,0,0.5330,0.0160
80,0,0.5480,0.0150
18,0,0.5950,0.0470
18,0,0.7040,0.1090
23,0,0.7190,0.0150
37,0,0.8750,0.1560
55,0,0.9200,0.0450
61,0,0.9510,0.0310
51,0,0.9670,0.0160
40,0,0.9830,0.0160
49,0,1.0290,0.0460
80,0,1.0620,0.0330
347,0,1.0940,0.0320
80,0,1.1890,0.0950
80,0,1.3140,0.1250
76,0,1.3590,0.0450
416,0,1.3730,0.0140
453,0,1.4060,0.0330
453,0,1.4360,0.0300
453,0,1.4520,0.0160
18,0,1.5770,0.1250
23,0,1.5930,0.0160
453,0,1.6390,0.0460
24,0,1.6560,0.0170
24,0,1.7350,0.0790
80,0,1.7680,0.0330
453,0,1.7960,0.0280
18,0,1.8210,0.0250
51,0,1.9360,0.1150
348,0,1.9570,0.0210
15,0,1.9670,0.0100
51,0,1.9870,0.0200
24,0,2.0610,0.0740
85,0,2.0760,0.0150
17,0,2.0920,0.0160
54,0,2.1550,0.0630
356,0,2.2320,0.0770
453,0,2.3570,0.1250
15,0,2.3740,0.0170
38,0,2.3900,0.0160
297,0,2.4060,0.0160
15,0,2.4370,0.0310
85,0,2.4520,0.0150
33,0,2.4680,0.0160
15,0,2.4830,0.0150
15,0,2.5000,0.0170
453,0,2.5140,0.0140
293,0,2.5480,0.0340
24,0,2.7480,0.2000
15,0,2.8120,0.0640
37,0,2.9060,0.0940
354,0,2.9210,0.0150
417,0,2.9370,0.0160
417,0,2.9530,0.0160
80,0,2.9680,0.0150
40,0,2.9840,0.0160
80,0,3.0060,0.0220
49,0,3.0140,0.0080
369,0,3.0430,0.0290
15,0,3.0450,0.0020
67,2,3.0620,0.0170
1,2,3.0780,0.0160
469,2,3.0920,0.0140
80,0,3.1390,0.0470
80,0,3.1540,0.0150
24,2,3.1870,0.0330
18,2,3.2180,0.0310
24,2,3.2360,0.0180
112,2,3.2800,0.0440
28,2,3.2950,0.0150
14,2,3.3110,0.0160
469,2,3.3280,0.0170
49,0,3.3420,0.0140
24,0,3.3740,0.0320
40,0,3.4200,0.0460
80,2,3.4360,0.0160
469,3,3.4520,0.0160
80,0,3.4670,0.0150
49,0,3.4860,0.0190
49,0,3.5010,0.0150
49,0,3.5160,0.0150
49,0,3.5300,0.0140
80,3,3.5510,0.0210
14,3,3.5580,0.0070
49,0,3.5610,0.0030
15,0,3.5810,0.0200
80,3,3.5890,0.0080
469,3,3.5930,0.0040
18,0,3.6080,0.0150
80,2,3.6240,0.0160
14,2,3.6390,0.0150
24,0,3.6710,0.0320
55,0,3.6900,0.0190
356,4,3.7170,0.0270
356,4,3.7330,0.0160
40,2,3.7480,0.0150
18,4,3.7640,0.0160
80,2,3.7950,0.0310
80,2,3.8120,0.0170
80,2,3.8270,0.0150
61,4,3.8420,0.0150
74,4,3.8580,0.0160
80,4,3.8750,0.0170
369,4,3.8890,0.0140
51,0,3.9430,0.0540
76,0,3.9550,0.0120
51,0,3.9720,0.0170
76,0,3.9910,0.0190
76,0,4.0030,0.0120
76,0,4.0220,0.0190
76,0,4.0330,0.0110
416,0,4.0550,0.0220
24,0,4.0980,0.0430
73,0,4.2260,0.1280
73,0,4.2360,0.0100
18,0,4.3730,0.1370
23,0,4.4070,0.0340
24,0,4.4520,0.0450
24,0,4.4830,0.0310
24,0,4.4990,0.0160
35,0,4.5300,0.0310
416,0,4.5770,0.0470
416,0,4.5930,0.0160
453,0,4.6090,0.0160
25,0,4.6270,0.0180
192,0,4.6420,0.0150
51,0,4.6710,0.0290
416,0,4.6860,0.0150
453,0,4.7530,0.0670
24,0,4.8430,0.0900
453,0,4.9160,0.0730
416,0,4.9200,0.0040
453,0,4.9530,0.0330
35,0,5.0520,0.0990
35,0,5.0670,0.0150
35,0,5.0840,0.0170
35,0,5.0970,0.0130
35,0,5.1140,0.0170
35,0,5.1290,0.0150
24,0,5.1590,0.0300
73,0,5.1750,0.0160
35,0,5.2170,0.0420
24,0,5.2830,0.0660
416,0,5.3110,0.0280
35,0,5.4060,0.0950
35,0,5.4270,0.0210
35,0,5.4310,0.0040
24,0,5.7570,0.3260
416,0,5.7950,0.0380
54,0,5.8260,0.0310
140,0,5.8590,0.0330
25,0,5.8740,0.0150
453,0,5.8890,0.0150
18,0,5.9040,0.0150
18,0,5.9200,0.0160
18,0,5.9360,0.0160
18,0,5.9510,0.0150
18,0,5.9670,0.0160
37,0,5.9830,0.0160
80,0,5.9980,0.0150
247,0,6.1080,0.1100
33,0,6.1540,0.0460
18,0,6.1700,0.0160
19,0,6.2330,0.0630
18,0,6.2480,0.0150
18,0,6.2640,0.0160
15,0,6.2790,0.0150
18,0,6.2950,0.0160
35,0,6.5610,0.2660
4101,0,6.5770,0.0160
4098,0,6.5920,0.0150
0,0,6.6390,0.0470
25,0,6.6540,0.0150
289,0,6.6700,0.0160
22,0,6.6850,0.0150
23,0,6.7170,0.0320
28,0,6.7330,0.0160
18,0,6.7480,0.0150
5349,0,6.7640,0.0160
416,0,6.8110,0.0470
25,0,6.8260,0.0150
4151,0,6.8730,0.0470
453,0,6.8890,0.0160
51,0,6.9670,0.0780
33,0,6.9830,0.0160
18,0,6.9980,0.0150
17,0,7.0140,0.0160
140,0,7.0450,0.0310
15,0,7.0600,0.0150
105,0,7.0920,0.0320
4162,0,7.1080,0.0160
35,0,7.1230,0.0150
416,0,7.1410,0.0180
14,0,7.1620,0.0210
417,0,7.1700,0.0080
35,0,7.2020,0.0320
21,0,7.2970,0.0950
72,0,7.3190,0.0220
21,0,7.3300,0.0110
51,0,7.3790,0.0490
340,0,7.3920,0.0130
21,0,7.4100,0.0180
21,0,7.4220,0.0120
33,0,7.4420,0.0200
33,0,7.4520,0.0100
341,0,7.4770,0.0250
23,0,7.4850,0.0080
23,0,7.5050,0.0200
18,0,7.5310,0.0260
23,0,7.5610,0.0300
85,0,7.6140,0.0530
74,0,7.6280,0.0140
40,0,7.6450,0.0170
18,0,7.6560,0.0110
21,0,7.7060,0.0500
4,0,7.7210,0.0150
4,0,7.7670,0.0460
80,0,7.8150,0.0480
51,0,7.8300,0.0150
61,0,7.8440,0.0140
85,0,7.8580,0.0140
85,0,7.8770,0.0190
51,0,7.9090,0.0320
15,0,7.9210,0.0120
51,0,7.9530,0.0320
17,0,7.9750,0.0220
73,0,7.9860,0.0110
37,0,8.0180,0.0320
61,0,8.0370,0.0190
40,0,8.0450,0.0080
49,0,8.0570,0.0120
369,0,8.0630,0.0060
80,2,8.0760,0.0130
49,3,8.0920,0.0160
466,2,8.1080,0.0160
49,2,8.1230,0.0150
80,3,8.1230,0.0150
466,2,8.1390,0.0160
28,4,8.1560,0.0170
22,0,8.2560,0.1000
22,0,8.2640,0.0080
24,0,8.3150,0.0510
356,0,8.3300,0.0150
444,0,8.3620,0.0320
356,0,8.4090,0.0470
33,0,8.4400,0.0310
22,0,8.4550,0.0150
22,0,8.4700,0.0150
22,0,8.4870,0.0170
72,0,8.5020,0.0150
36,0,8.5170,0.0150
22,0,8.5640,0.0470
453,0,8.5810,0.0170
72,0,8.5950,0.0140
64,0,8.6120,0.0170
453,0,8.6270,0.0150
416,0,8.6430,0.0160
61,0,8.6900,0.0470
22,0,8.7350,0.0450
416,0,8.7520,0.0170
192,0,8.7820,0.0300
192,0,8.7990,0.0170
416,0,8.8300,0.0310
453,0,8.8580,0.0280
416,0,8.8900,0.0320
453,0,8.9550,0.0650
453,0,8.9890,0.0340
61,0,9.0030,0.0140
51,0,9.0180,0.0150
5125,0,9.0350,0.0170
4156,0,9.0530,0.0180
80,0,9.0630,0.0100
80,0,9.0840,0.0210
4188,0,9.1170,0.0330
4328,0,9.1560,0.0390
4211,0,9.1860,0.0300
4,0,9.2150,0.0290
24,0,9.2180,0.0030
4,0,9.2430,0.0250
4,0,9.2510,0.0080
4819,0,9.3020,0.0510
4200,0,9.3170,0.0150
4131,0,9.3660,0.0490
4258,0,9.4240,0.0580
4158,0,9.4430,0.0190
4264,0,9.4560,0.0130
4212,0,9.4740,0.0180
4242,0,9.5020,0.0280
4251,0,9.5140,0.0120
5,0,9.5370,0.0230
5,0,9.5460,0.0090
18,0,9.5950,0.0490
51,0,9.6120,0.0170
35,0,9.6270,0.0150
35,0,9.6410,0.0140
4101,0,9.6600,0.0190
5,0,9.6730,0.0130
4258,0,9.7050,0.0320
4212,0,9.7210,0.0160
4258,0,9.7360,0.0150
4,0,9.7520,0.0160
4158,0,9.7680,0.0160
4264,0,9.7840,0.0160
4212,0,9.7980,0.0140
5230,0,9.8140,0.0160
5412,0,9.8580,0.0440
37,0,9.8790,0.0210
49,0,9.8890,0.0100
453,0,9.9370,0.0480
14,0,10.0000,0.0630
4162,0,10.0270,0.0270
4166,0,10.0320,0.0050
5382,0,10.0540,0.0220
4211,0,10.0670,0.0130
5292,0,10.0830,0.0160
4131,0,10.0980,0.0150
4103,0,10.1280,0.0300
4258,0,10.1450,0.0170
4,0,10.1610,0.0160
4264,0,10.1750,0.0140
4162,0,10.1950,0.0200
4258,0,10.2010,0.0060
4187,0,10.2240,0.0230
5,0,10.2380,0.0140
5230,0,10.2540,0.0160
5,0,10.2700,0.0160
4106,0,10.3050,0.0350
5292,0,10.3150,0.0100
4100,0,10.3310,0.0160
4123,0,10.3450,0.0140
4106,0,10.3960,0.0510
80,0,10.4070,0.0110
4180,0,10.4240,0.0170
4222,0,10.4400,0.0160
80,0,10.4600,0.0200
4897,0,10.4700,0.0100
5292,0,10.4990,0.0290
4100,0,10.5200,0.0210
4120,0,10.5320,0.0120
194,0,10.5490,0.0170
4177,0,10.5610,0.0120
4187,0,10.6070,0.0460
14,5,10.6390,0.0320
4097,0,10.6540,0.0150
21,5,10.6860,0.0320
4097,0,10.7020,0.0160
4098,5,10.7180,0.0160
4097,0,10.7330,0.0150
4,5,10.7660,0.0330
4112,5,10.8140,0.0480
4103,5,10.8300,0.0160
4108,0,10.8430,0.0130
24,5,10.8570,0.0140
24,5,10.8780,0.0210
24,5,10.8910,0.0130
5254,5,11.0790,0.1880
4162,0,11.0970,0.0180
5,0,11.1150,0.0180
39,5,11.1450,0.0300
39,5,11.1560,0.0110
5254,5,11.1720,0.0160
30,5,11.1880,0.0160
24,5,11.2070,0.0190
4103,5,11.2190,0.0120
4096,0,11.2390,0.0200
4100,0,11.2520,0.0130
5,0,11.2690,0.0170
4131,0,11.2870,0.0180
22,0,11.2970,0.0100
21,0,11.3190,0.0220
61,0,11.3630,0.0440
22,0,11.3960,0.0330
23,0,11.4080,0.0120
40,0,11.4240,0.0160
49,0,11.4320,0.0080
369,0,11.4380,0.0060
80,0,11.4510,0.0130
369,0,11.4680,0.0170
469,2,11.4820,0.0140

etrval
          
469,2,11.4820,0.0140

etrval
          
22,0,11.5650,0.0830
4151,0,11.6890,0.1240
80,0,11.7050,0.0160
25,0,11.7240,0.0190
416,0,11.7370,0.0130
85,0,11.7590,0.0220
340,0,11.7790,0.0200
416,0,11.8110,0.0320
453,0,11.8420,0.0310
453,0,11.8580,0.0160
72,0,11.9510,0.0930
416,0,11.9670,0.0160
453,0,11.9980,0.0310
416,0,12.0140,0.0160
22,0,12.0300,0.0160
23,0,12.0450,0.0150
80,0,12.1860,0.1410
15,0,12.2020,0.0160
80,0,12.2860,0.0840
13,0,12.2970,0.0110
91,0,12.3150,0.0180
15,0,12.3320,0.0170
15,0,12.3470,0.0150
15,0,12.3620,0.0150
15,0,12.4220,0.0600
80,0,12.4380,0.0160
4275,0,12.4560,0.0180
80,0,12.4830,0.0270
96,0,12.5140,0.0310
61,0,12.6150,0.1010
61,0,12.6280,0.0130
80,0,12.6430,0.0150
18,0,12.7170,0.0740
201,0,12.7330,0.0160
18,0,12.7610,0.0280
23,0,12.7650,0.0040
33,0,12.8420,0.0770
33,0,12.8640,0.0220
76,0,12.8760,0.0120
25,0,12.9080,0.0320
140,0,12.9550,0.0470
33,0,12.9700,0.0150
85,0,12.9870,0.0170
61,0,13.0000,0.0130
15,0,13.0170,0.0170
35,0,13.0340,0.0170
51,0,13.0480,0.0140
17,0,13.0650,0.0170
42,0,13.0960,0.0310
340,0,13.1570,0.0610
85,0,13.1890,0.0320
15,0,13.2510,0.0620
24,0,13.2680,0.0170
15,0,13.2800,0.0120
4,0,13.2950,0.0150
25,0,13.5770,0.2820
21,0,13.5920,0.0150
33,0,13.6080,0.0160
15,0,13.6230,0.0150
