SysID,Thread ID,time,inetrval
14,0,0.2230,0.2230
80,0,0.5470,0.3240
80,0,0.5630,0.0160
18,0,0.5900,0.0270
33,0,0.5940,0.0040
18,0,0.6410,0.0470
18,0,0.7380,0.0970
23,0,0.7540,0.0160
37,0,0.9220,0.1680
55,0,0.9730,0.0510
61,0,1.0080,0.0350
51,0,1.0160,0.0080
40,0,1.0440,0.0280
49,0,1.0980,0.0540
80,0,1.1250,0.0270
347,0,1.1590,0.0340
80,0,1.2660,0.1070
80,0,1.4560,0.1900
15,0,1.4850,0.0290
76,0,1.5320,0.0470
416,0,1.5830,0.0510
453,0,1.5970,0.0140
453,0,1.6410,0.0440
453,0,1.6900,0.0490
18,0,1.8360,0.1460
23,0,1.8460,0.0100
453,0,1.8590,0.0130
453,0,1.8760,0.0170
24,0,1.9860,0.1100
80,0,2.0200,0.0340
453,0,2.0330,0.0130
453,0,2.0520,0.0190
18,0,2.0780,0.0260
51,0,2.2190,0.1410
15,0,2.2350,0.0160
51,0,2.2660,0.0310
24,0,2.3600,0.0940
85,0,2.3870,0.0270
17,0,2.3910,0.0040
54,0,2.4690,0.0780
340,0,2.5010,0.0320
356,0,2.6100,0.1090
453,0,2.7200,0.1100
15,0,2.7350,0.0150
38,0,2.7500,0.0150
297,0,2.7650,0.0150
15,0,2.7810,0.0160
85,0,2.8130,0.0320
33,0,2.8280,0.0150
15,0,2.8440,0.0160
76,0,2.8600,0.0160
453,0,2.8750,0.0150
293,0,2.9220,0.0470
24,0,3.1250,0.2030
15,0,3.1880,0.0630
37,0,3.2970,0.1090
173,0,3.3280,0.0310
196,0,3.3570,0.0290
144,0,3.3600,0.0030
417,0,3.3750,0.0150
80,0,3.3950,0.0200
55,0,3.4060,0.0110
49,0,3.4230,0.0170
49,0,3.4420,0.0190
369,0,3.4700,0.0280
67,2,3.4850,0.0150
1,2,3.5000,0.0150
55,0,3.5160,0.0160
40,0,3.5650,0.0490
80,2,3.5780,0.0130
80,0,3.5950,0.0170
80,0,3.6110,0.0160
80,0,3.6250,0.0140
18,2,3.6410,0.0160
24,2,3.6560,0.0150
466,0,3.6730,0.0170
112,2,3.6900,0.0170
28,2,3.7050,0.0150
14,2,3.7190,0.0140
469,2,3.7500,0.0310
49,0,3.7690,0.0190
24,0,3.7970,0.0280
40,0,3.8450,0.0480
80,2,3.8600,0.0150
469,2,3.8750,0.0150
80,2,3.8930,0.0180
49,0,3.9080,0.0150
49,0,3.9230,0.0150
49,0,3.9390,0.0160
49,0,3.9740,0.0350
369,0,3.9820,0.0080
80,3,3.9850,0.0030
49,0,4.0040,0.0190
369,0,4.0140,0.0100
80,4,4.0160,0.0020
469,3,4.0330,0.0170
18,0,4.0470,0.0140
51,0,4.0680,0.0210
24,0,4.0940,0.0260
369,0,4.1220,0.0280
55,0,4.1250,0.0030
356,0,4.1570,0.0320
469,4,4.1730,0.0160
40,2,4.1870,0.0140
18,0,4.2040,0.0170
80,2,4.2340,0.0300
24,2,4.2510,0.0170
369,2,4.2980,0.0470
15,2,4.3130,0.0150
80,4,4.3290,0.0160
80,0,4.3440,0.0150
51,0,4.3910,0.0470
51,0,4.4160,0.0250
76,0,4.4270,0.0110
51,0,4.4550,0.0280
76,0,4.4690,0.0140
76,0,4.4940,0.0250
76,0,4.5020,0.0080
24,0,4.6260,0.1240
73,0,4.7870,0.1610
73,0,4.7970,0.0100
18,0,4.9430,0.1460
23,0,4.9770,0.0340
24,0,5.0170,0.0400
24,0,5.0390,0.0220
35,0,5.0490,0.0100
416,0,5.1120,0.0630
416,0,5.1270,0.0150
453,0,5.1420,0.0150
453,0,5.1630,0.0210
72,0,5.1750,0.0120
51,0,5.1900,0.0150
35,0,5.2090,0.0190
453,0,5.2860,0.0770
453,0,5.2990,0.0130
24,0,5.3940,0.0950
453,0,5.4720,0.0780
453,0,5.5160,0.0440
453,0,5.5350,0.0190
35,0,5.6250,0.0900
35,0,5.6720,0.0470
35,0,5.6910,0.0190
35,0,5.7030,0.0120
35,0,5.7200,0.0170
24,0,5.7350,0.0150
73,0,5.7670,0.0320
35,0,5.8310,0.0640
35,0,5.8510,0.0200
24,0,5.9180,0.0670
416,0,5.9390,0.0210
35,0,6.0330,0.0940
35,0,6.0520,0.0190
24,0,6.4240,0.3720
416,0,6.4710,0.0470
54,0,6.4880,0.0170
80,0,6.5000,0.0120
140,0,6.5190,0.0190
25,0,6.5490,0.0300
453,0,6.5650,0.0160
18,0,6.5780,0.0130
18,0,6.6260,0.0480
18,0,6.6410,0.0150
18,0,6.6570,0.0160
37,0,6.6730,0.0160
80,0,6.7050,0.0320
247,0,6.8140,0.1090
33,0,6.8640,0.0500
18,0,6.8770,0.0130
18,0,6.8920,0.0150
19,0,6.9700,0.0780
18,0,6.9860,0.0160
23,0,7.0010,0.0150
15,0,7.0160,0.0150
18,0,7.0350,0.0190
35,0,7.3140,0.2790
4101,0,7.3290,0.0150
5169,0,7.3480,0.0190
0,0,7.3920,0.0440
25,0,7.4080,0.0160
289,0,7.4220,0.0140
22,0,7.4380,0.0160
23,0,7.4690,0.0310
28,0,7.5000,0.0310
18,0,7.5160,0.0160
5349,0,7.5310,0.0150
416,0,7.5940,0.0630
35,0,7.6090,0.0150
4151,0,7.6480,0.0390
453,0,7.6570,0.0090
51,0,7.7520,0.0950
33,0,7.7670,0.0150
18,0,7.7830,0.0160
17,0,7.7980,0.0150
140,0,7.8330,0.0350
15,0,7.8450,0.0120
105,0,7.8750,0.0300
4162,0,7.9230,0.0480
25,0,7.9420,0.0190
14,0,7.9770,0.0350
417,0,7.9850,0.0080
35,0,8.0190,0.0340
72,0,8.1290,0.1100
51,0,8.1880,0.0590
340,0,8.2210,0.0330
33,0,8.2520,0.0310
33,0,8.2760,0.0240
18,0,8.2830,0.0070
23,0,8.3150,0.0320
18,0,8.3440,0.0290
15,0,8.3700,0.0260
18,0,8.3720,0.0020
23,0,8.4060,0.0340
85,0,8.4380,0.0320
74,0,8.4530,0.0150
40,0,8.4690,0.0160
18,0,8.4850,0.0160
23,0,8.5000,0.0150
4,0,8.5470,0.0470
4,0,8.6100,0.0630
80,0,8.6560,0.0460
51,0,8.6720,0.0160
61,0,8.6880,0.0160
85,0,8.7030,0.0150
85,0,8.7190,0.0160
51,0,8.7670,0.0480
51,0,8.8130,0.0460
51,0,8.8290,0.0160
73,0,8.8450,0.0160
37,0,8.8930,0.0480
40,0,8.9080,0.0150
49,0,8.9190,0.0110
369,0,8.9250,0.0060
80,4,8.9370,0.0120
61,2,8.9540,0.0170
55,2,8.9730,0.0190
74,4,8.9880,0.0150
369,2,9.0000,0.0120
80,4,9.0170,0.0170

80,4,9.0170,0.0170
22,0,9.1120,0.0950
24,0,9.1950,0.0830
444,0,9.2250,0.0300
356,0,9.2720,0.0470
33,0,9.3180,0.0460
22,0,9.3340,0.0160
22,0,9.3530,0.0190
18,0,9.3630,0.0100
72,0,9.3860,0.0230
282,0,9.3930,0.0070
22,0,9.4160,0.0230
22,0,9.4770,0.0610
453,0,9.4870,0.0100
64,0,9.5180,0.0310
453,0,9.5400,0.0220
416,0,9.5500,0.0100
61,0,9.6030,0.0530
40,0,9.6110,0.0080
22,0,9.6620,0.0510
192,0,9.7070,0.0450
192,0,9.7240,0.0170
416,0,9.7690,0.0450
453,0,9.8010,0.0320
416,0,9.8210,0.0200
453,0,9.8800,0.0590
416,0,9.8950,0.0150
453,0,9.9080,0.0130
14,0,9.9360,0.0280
61,0,9.9380,0.0020
4,0,9.9700,0.0320
4,0,10.0030,0.0330
61,0,10.0620,0.0590
24,0,10.0940,0.0320
24,0,10.1170,0.0230
5254,0,10.3300,0.2130
39,0,10.3610,0.0310
15,0,10.3850,0.0240
51,0,10.3900,0.0050
30,0,10.4240,0.0340
22,0,10.4450,0.0210
23,0,10.4540,0.0090
24,0,10.5170,0.0630
61,0,10.5320,0.0150
22,0,10.5630,0.0310
23,0,10.5790,0.0160
49,0,10.5950,0.0160
80,2,10.6110,0.0160
369,0,10.6270,0.0160
80,2,10.6390,0.0120
469,4,10.6420,0.0030
15,0,10.6570,0.0150
22,0,10.7350,0.0780
453,0,10.7630,0.0280
4151,0,10.8920,0.1290
80,0,10.9270,0.0350
25,0,10.9420,0.0150
416,0,10.9560,0.0140
85,0,10.9780,0.0220
340,0,10.9870,0.0090
416,0,11.0200,0.0330
453,0,11.0780,0.0580
72,0,11.1720,0.0940
72,0,11.1950,0.0230
416,0,11.2070,0.0120
453,0,11.2380,0.0310
416,0,11.2580,0.0200
22,0,11.2660,0.0080
14,0,11.2980,0.0320
80,0,11.4230,0.1250
15,0,11.4480,0.0250
15,0,11.4550,0.0070
80,0,11.5500,0.0950
42,0,11.5670,0.0170
13,0,11.5800,0.0130
91,0,11.6010,0.0210
15,0,11.6130,0.0120
15,0,11.6360,0.0230
15,0,11.6880,0.0520
80,0,11.7080,0.0200
80,0,11.7190,0.0110
4275,0,11.7420,0.0230
15,0,11.7470,0.0050
15,0,11.7500,0.0030
80,0,11.7660,0.0160
96,0,11.7970,0.0310
15,0,11.8130,0.0160
61,0,11.9170,0.1040
61,0,11.9240,0.0070
80,0,11.9450,0.0210
18,0,12.0370,0.0920
18,0,12.0490,0.0120
297,0,12.0680,0.0190
15,0,12.0860,0.0180
453,0,12.0970,0.0110
33,0,12.1630,0.0660
15,0,12.1730,0.0100
76,0,12.1970,0.0240
25,0,12.2370,0.0400
140,0,12.2690,0.0320
33,0,12.3030,0.0340
85,0,12.3190,0.0160
61,0,12.3280,0.0090
15,0,12.3570,0.0290
35,0,12.3600,0.0030
51,0,12.3910,0.0310
17,0,12.4230,0.0320
42,0,12.4540,0.0310
340,0,12.5170,0.0630
85,0,12.5480,0.0310
40,0,12.5640,0.0160
15,0,12.6310,0.0670
24,0,12.6460,0.0150
15,0,12.6580,0.0120
4,0,12.6890,0.0310
25,0,12.7250,0.0360
61,0,12.7350,0.0100
340,0,12.7500,0.0150
25,0,12.7670,0.0170
17,0,12.7880,0.0210
51,0,12.8010,0.0130
51,0,12.8210,0.0200
4,0,12.8310,0.0100
4,0,12.8590,0.0280
30,0,12.8790,0.0200
215,0,12.8940,0.0150
44,0,12.9240,0.0300
15,0,13.0160,0.0920
15,0,13.0310,0.0150
13,0,13.0480,0.0170
15,0,13.0960,0.0480
13,0,13.1100,0.0140
13,0,13.1740,0.0640
15,0,13.2050,0.0310
15,0,13.2210,0.0160
15,0,13.2510,0.0300
13,0,13.3290,0.0780
42,0,13.3450,0.0160
13,0,13.3930,0.0480
15,0,13.4230,0.0300
18,0,13.4370,0.0140
15,0,13.5320,0.0950
15,0,13.5480,0.0160
15,0,13.5800,0.0320
15,0,13.6110,0.0310
15,0,13.6430,0.0320
