SysID,Thread ID,time,inetrval
14,0,0.2340,0.2340
80,0,0.5650,0.3310
80,0,0.5820,0.0170
33,0,0.6020,0.0200
18,0,0.6740,0.0720
18,0,0.7660,0.0920
37,0,0.9530,0.1870
55,0,0.9840,0.0310
61,0,1.0160,0.0320
51,0,1.0320,0.0160
74,0,1.0540,0.0220
40,0,1.0640,0.0100
49,0,1.1260,0.0620
80,0,1.1440,0.0180
347,0,1.1760,0.0320
80,0,1.2660,0.0900
80,0,1.4070,0.1410
15,0,1.4240,0.0170
76,0,1.4690,0.0450
416,0,1.5010,0.0320
453,0,1.5170,0.0160
453,0,1.5630,0.0460
453,0,1.5790,0.0160
18,0,1.7060,0.1270
23,0,1.7190,0.0130
453,0,1.7380,0.0190
453,0,1.7660,0.0280
24,0,1.7820,0.0160
24,0,1.8600,0.0780
80,0,1.8920,0.0320
80,0,1.9080,0.0160
453,0,1.9270,0.0190
18,0,1.9400,0.0130
23,0,1.9580,0.0180
51,0,2.1290,0.1710
348,0,2.1410,0.0120
15,0,2.1570,0.0160
51,0,2.1920,0.0350
51,0,2.2120,0.0200
24,0,2.2970,0.0850
85,0,2.3130,0.0160
17,0,2.3280,0.0150
54,0,2.3970,0.0690
340,0,2.4100,0.0130
356,0,2.4880,0.0780
453,0,2.5980,0.1100
15,0,2.6090,0.0110
38,0,2.6260,0.0170
297,0,2.6440,0.0180
15,0,2.6760,0.0320
85,0,2.6910,0.0150
33,0,2.7050,0.0140
23,0,2.7220,0.0170
76,0,2.7370,0.0150
15,0,2.7510,0.0140
293,0,2.8000,0.0490
24,0,3.0160,0.2160
15,0,3.0780,0.0620
37,0,3.2660,0.1880
354,0,3.3130,0.0470
196,0,3.3350,0.0220
144,0,3.3440,0.0090
80,0,3.3910,0.0470
40,0,3.4110,0.0200
49,0,3.4230,0.0120
49,0,3.4390,0.0160
369,0,3.4720,0.0330
67,2,3.5010,0.0290
49,0,3.5160,0.0150
80,0,3.5330,0.0170
40,0,3.5470,0.0140
49,0,3.5800,0.0330
466,0,3.6130,0.0330
18,2,3.6250,0.0120
112,2,3.6720,0.0470
15,0,3.7040,0.0320
40,0,3.7380,0.0340
369,2,3.7500,0.0120
67,3,3.7660,0.0160
466,2,3.7970,0.0310
24,3,3.8150,0.0180
466,3,3.8320,0.0170
466,0,3.8450,0.0130
469,3,3.8910,0.0460
67,4,3.9060,0.0150
469,4,3.9530,0.0470
15,0,3.9530,0.0470
80,0,3.9690,0.0160
80,3,3.9850,0.0160
466,2,4.0000,0.0150
80,2,4.0150,0.0150
80,0,4.0340,0.0190
49,0,4.0470,0.0130
49,0,4.0670,0.0200
80,2,4.0800,0.01300
49,0,4.0940,0.0140
369,0,4.1100,0.0160
469,4,4.1250,0.0150
469,2,4.1410,0.0160
469,3,4.1570,0.0160
51,0,4.1930,0.0360
24,0,4.2210,0.0280
369,0,4.2350,0.0140
61,3,4.2480,0.0130
4,0,4.2500,0.0020
51,3,4.2660,0.0160
356,2,4.2820,0.0160
80,3,4.2970,0.0150
18,2,4.3290,0.0320
369,3,4.3600,0.0310
469,3,4.3760,0.0160
61,2,4.4690,0.0930
51,2,4.4920,0.0230
49,2,4.5040,0.0120
51,0,4.5630,0.0590
51,0,4.5790,0.0160
76,0,4.5950,0.0160
51,0,4.6260,0.0310
76,0,4.6410,0.0150
76,0,4.6570,0.0160
416,0,4.6780,0.0210
416,0,4.6880,0.0100
24,0,4.7500,0.0620
73,0,4.8910,0.1410
73,0,4.9060,0.0150
18,0,5.0560,0.1500
23,0,5.0650,0.0090
23,0,5.0810,0.0160
24,0,5.1270,0.0460
24,0,5.1420,0.0150
24,0,5.1570,0.0150
35,0,5.1730,0.0160
416,0,5.2510,0.0780
416,0,5.2810,0.0300
453,0,5.2980,0.0170
25,0,5.3150,0.0170
72,0,5.3340,0.0190
51,0,5.3600,0.0260
35,0,5.3760,0.0160
453,0,5.4730,0.0970
24,0,5.5800,0.1070
453,0,5.6560,0.0760
416,0,5.6740,0.0180
453,0,5.7200,0.0460
453,0,5.7350,0.0150
453,0,5.7580,0.0230
35,0,5.8450,0.0870
35,0,5.8610,0.0160
35,0,5.8920,0.0310
35,0,5.9070,0.0150
35,0,5.9230,0.0160
24,0,5.9550,0.0320
73,0,5.9710,0.0160
35,0,6.0330,0.0620
24,0,6.0990,0.0660
24,0,6.1260,0.0270
35,0,6.2200,0.0940
35,0,6.2370,0.0170
35,0,6.2520,0.0150
416,0,6.7000,0.4480
54,0,6.7220,0.0220
140,0,6.7540,0.0320
25,0,6.7660,0.0120
18,0,6.7830,0.0170
18,0,6.7990,0.0160
18,0,6.8160,0.0170
18,0,6.8450,0.0290
18,0,6.8630,0.0180
37,0,6.8770,0.0140
80,0,6.9090,0.0320
51,0,7.0490,0.1400
35,0,7.0940,0.0450
4101,0,7.1140,0.0200
80,0,7.1270,0.0130
297,0,7.1420,0.0150
0,0,7.1900,0.0480
289,0,7.2230,0.0330
22,0,7.2370,0.0140
23,0,7.2690,0.0320
28,0,7.2850,0.0160
15,0,7.2980,0.0130
5349,0,7.3150,0.0170
416,0,7.3320,0.0170
416,0,7.3910,0.0590
24,0,7.4090,0.0180
24,0,7.4540,0.0450
73,0,7.4710,0.0170
24,0,7.5940,0.1230
24,0,7.6100,0.0160
35,0,7.6420,0.0320
4162,0,7.6590,0.0170
5125,0,7.6910,0.0320
33,0,7.7070,0.0160
0,0,7.7230,0.0160
15,0,7.7390,0.0160
4162,0,7.7690,0.0300
25,0,7.8000,0.0310
14,0,7.8290,0.0290
417,0,7.8470,0.0180
35,0,7.8790,0.0320
247,0,7.9690,0.0900
33,0,8.0350,0.0660
18,0,8.0490,0.0140
19,0,8.1100,0.0610
18,0,8.1310,0.0210
23,0,8.1450,0.0140
15,0,8.1600,0.0150
18,0,8.1780,0.0180
21,0,8.3940,0.2160
21,0,8.4240,0.0300
72,0,8.4430,0.0190
340,0,8.4550,0.0120
21,0,8.4700,0.0150
33,0,8.4870,0.0170
33,0,8.5040,0.0170
72,0,8.5200,0.0160
24,0,8.5350,0.0150
23,0,8.5490,0.0140
23,0,8.5660,0.0170
18,0,8.6000,0.0340
23,0,8.6280,0.0280
85,0,8.6750,0.0470
74,0,8.6920,0.0170
40,0,8.7070,0.0150
23,0,8.7210,0.0140
21,0,8.7690,0.0480
4,0,8.7850,0.0160
21,0,8.8010,0.0160
4,0,8.8460,0.0450
80,0,8.8920,0.0460
51,0,8.9080,0.0160
85,0,8.9250,0.0170
85,0,8.9410,0.0160
15,0,8.9560,0.0150
51,0,8.9870,0.0310
51,0,9.0160,0.0290
73,0,9.0360,0.0200
51,0,9.0500,0.0140
73,0,9.0650,0.0150
51,0,9.0800,0.0150
37,0,9.0950,0.0150
55,0,9.1120,0.0170
40,0,9.1260,0.0140
49,0,9.1400,0.0140
80,2,9.1560,0.0160
49,4,9.1740,0.0180
74,3,9.1880,0.0140
49,2,9.1880,0.0140
469,4,9.2040,0.0160
22,0,9.3130,0.1090
356,0,9.3910,0.0780
444,0,9.4240,0.0330
356,0,9.4720,0.0480
33,0,9.5170,0.0450
33,0,9.5330,0.0160
22,0,9.5480,0.0150
18,0,9.5640,0.0160
22,0,9.5800,0.0160
282,0,9.5950,0.0150
33,0,9.6120,0.0170
22,0,9.6580,0.0460
453,0,9.6740,0.0160
72,0,9.6900,0.0160
64,0,9.7050,0.0150
453,0,9.7210,0.0160
416,0,9.7370,0.0160
61,0,9.7850,0.0480
51,0,9.7990,0.0140
22,0,9.8450,0.0460
416,0,9.8600,0.0150
192,0,9.8910,0.0310
192,0,9.9080,0.0170
416,0,9.9220,0.0140
416,0,9.9530,0.0310
453,0,10.0010,0.0480
416,0,10.0170,0.0160
453,0,10.0790,0.0620
416,0,10.0950,0.0160
453,0,10.1270,0.0320
61,0,10.1440,0.0170
51,0,10.1560,0.0120
4156,0,10.1890,0.0330
80,0,10.2040,0.0150
80,0,10.2210,0.0170
4188,0,10.2520,0.0310
4328,0,10.2850,0.0330
4211,0,10.3160,0.0310
4,0,10.3320,0.0160
4,0,10.3480,0.0160
24,0,10.3630,0.0150
24,0,10.3780,0.0150
4,0,10.3950,0.0170
4819,0,10.4420,0.0470
4200,0,10.4560,0.0140
4131,0,10.5030,0.0470
4258,0,10.5470,0.0440
4158,0,10.5780,0.0310
4212,0,10.6010,0.0230
4242,0,10.6280,0.0270
4251,0,10.6430,0.0150
4103,0,10.6590,0.0160
5,0,10.6740,0.0150
4192,0,10.6900,0.0160
18,0,10.7370,0.0470
51,0,10.7530,0.0160
35,0,10.7700,0.0170
35,0,10.7870,0.0170
35,0,10.7980,0.0110
4245,0,10.8150,0.0170
4258,0,10.8910,0.0760
4242,0,10.9070,0.0160
4103,0,10.9220,0.0150
4258,0,10.9380,0.0160
4242,0,10.9530,0.0150
5,0,10.9690,0.0160
4,0,10.9850,0.0160
4,0,11.0000,0.0150
4,0,11.0160,0.0160
4212,0,11.0310,0.0150
4103,0,11.0520,0.0210
4187,0,11.0650,0.0130
5,0,11.0820,0.0170
5,0,11.0960,0.0140
4212,0,11.1140,0.0180
5412,0,11.1290,0.0150
4100,0,11.1450,0.0160
4106,0,11.1820,0.0370
4787,0,11.1900,0.0080
4132,0,11.2090,0.0190
5,0,11.2220,0.0130
4106,0,11.2830,0.0610
80,0,11.2970,0.0140
4222,0,11.3280,0.0310
80,0,11.3480,0.0200
4131,0,11.3620,0.0140
5292,0,11.3940,0.0320
4100,0,11.4090,0.0150
4100,0,11.4250,0.0160
194,0,11.4410,0.0160
4103,0,11.4530,0.0120
194,0,11.4700,0.0170
4177,0,11.5000,0.0300
4294,0,11.5160,0.0160
4103,0,11.5320,0.0160
4103,0,11.5470,0.0150
450,5,11.5620,0.0150
4097,0,11.5790,0.0170
4183,0,11.6250,0.0460
4108,0,11.6410,0.0160
4,6,11.6560,0.0150
4,6,11.6880,0.0320
4112,6,11.7340,0.0460
4103,6,11.7500,0.0160
61,6,11.7680,0.0180
24,6,11.7810,0.0130
24,6,11.7970,0.0160
5254,6,12.0160,0.2190
4103,6,12.0320,0.0160
5254,6,12.0630,0.0310
5254,6,12.0940,0.0310
5254,6,12.1250,0.0310
5254,6,12.1560,0.0310
5254,6,12.1880,0.0320
5254,6,12.2190,0.0310
5254,6,12.2500,0.0310
5254,6,12.3280,0.0780
39,6,12.3750,0.0470
39,6,12.3910,0.0160
5254,6,12.4220,0.0310
30,6,12.4400,0.0180
30,6,12.4530,0.0130
24,6,12.4690,0.0160
4103,6,12.4840,0.0150
4096,0,12.5020,0.0180
5,0,12.5180,0.0160
14,0,12.5320,0.0140
14,5,12.6260,0.0940
83,5,12.6420,0.0160
5412,0,12.6570,0.0150
4131,0,12.6740,0.0170
22,0,12.6900,0.0160
15,0,12.7040,0.0140
61,0,12.7530,0.0490
22,0,12.8010,0.0480
23,0,12.8140,0.0130
51,0,12.8320,0.0180
49,0,12.8410,0.0090
80,0,12.8440,0.0030
80,3,12.8590,0.0150
369,0,12.8780,0.0190
15,0,12.8910,0.0130
80,0,12.9080,0.0170
22,0,12.9900,0.0820
4151,0,13.1270,0.1370
80,0,13.1440,0.0170
54,0,13.1600,0.0160
416,0,13.1910,0.0310
85,0,13.2050,0.0140
340,0,13.2200,0.0150
416,0,13.2570,0.0370
453,0,13.2990,0.0420
453,0,13.3160,0.0170
72,0,13.4230,0.1070
416,0,13.4400,0.0170
453,0,13.4730,0.0330
416,0,13.4880,0.0150
22,0,13.5180,0.0300
80,0,13.6720,0.1540
15,0,13.6950,0.0230
80,0,13.8020,0.1070
13,0,13.8130,0.0110
91,0,13.8350,0.0220
15,0,13.8500,0.0150
15,0,13.8760,0.0260
15,0,13.9560,0.0800
80,0,13.9710,0.0150
15,0,13.9880,0.0170
80,0,14.0180,0.0300
96,0,14.0320,0.0140
15,0,14.0490,0.0170
61,0,14.1410,0.0920
61,0,14.1570,0.0160
80,0,14.1720,0.0150
18,0,14.2500,0.0780
18,0,14.2660,0.0160
18,0,14.2850,0.0190
297,0,14.2980,0.0130
15,0,14.3150,0.0170
33,0,14.3930,0.0780
33,0,14.4100,0.0170
76,0,14.4260,0.0160
25,0,14.4580,0.0320
23,0,14.4730,0.0150
140,0,14.5350,0.0620
33,0,14.5610,0.0260
76,0,14.5630,0.0020
61,0,14.5950,0.0320
35,0,14.6280,0.0330
51,0,14.6440,0.0160
17,0,14.6750,0.0310
6,0,14.6910,0.0160
17,0,14.7020,0.0110
39,0,14.7030,0.0010
42,0,14.7190,0.0160
76,0,14.7380,0.0190
340,0,14.7970,0.0590
85,0,14.8300,0.0330
15,0,14.9070,0.0770
28,0,14.9220,0.0150
15,0,14.9380,0.0160
4,0,14.9550,0.0170
25,0,45.1360,30.1810
61,0,45.1530,0.0170
25,0,45.1680,0.0150
51,0,45.2000,0.0320
15,0,45.2160,0.0160
51,0,45.2280,0.0120
25,0,45.2450,0.0170
51,0,45.2600,0.0150
17,0,45.2760,0.0160
