SysID,Thread ID,time,inetrval
416,0,0.1580,0.1580
24,0,0.2340,0.0760
24,0,0.4840,0.2500
73,0,0.5940,0.1100
73,0,0.6090,0.0150
18,0,0.7210,0.1120
23,0,0.7660,0.0450
24,0,0.8470,0.0810
24,0,0.8780,0.0310
18,0,0.9060,0.0280
24,0,0.9310,0.0250
24,0,0.9380,0.0070
180,0,1.0010,0.0630
80,0,1.3280,0.3270
80,0,1.3440,0.0160
80,0,1.3590,0.0150
18,0,1.4070,0.0480
18,0,1.4210,0.0140
37,0,1.5980,0.1770
55,0,1.6100,0.0120
61,0,1.6570,0.0470
51,0,1.6720,0.0150
40,0,1.6870,0.0150
49,0,1.7340,0.0470
80,0,1.7520,0.0180
347,0,1.7820,0.0300
80,0,1.8770,0.0950
80,0,2.0030,0.1260
15,0,2.0160,0.0130
76,0,2.0470,0.0310
453,0,2.0780,0.0310
453,0,2.1140,0.0360
18,0,2.2510,0.1370
453,0,2.2660,0.0150
453,0,2.2970,0.0310
24,0,2.3250,0.0280
80,0,2.3760,0.0510
453,0,2.3910,0.0150
453,0,2.4060,0.0150
18,0,2.4220,0.0160
51,0,2.5480,0.1260
15,0,2.5670,0.0190
51,0,2.5790,0.0120
15,0,2.5970,0.0180
24,0,2.6440,0.0470
24,0,2.6720,0.0280
17,0,2.6870,0.0150
54,0,2.7500,0.0630
356,0,2.8120,0.0620
453,0,2.9230,0.1110
15,0,2.9430,0.0200
38,0,2.9560,0.0130
297,0,2.9740,0.0180
33,0,2.9810,0.0070
33,0,2.9840,0.0030
85,0,3.0050,0.0210
33,0,3.0180,0.0130
18,0,3.0350,0.0170
76,0,3.0470,0.0120
293,0,3.0970,0.0500
24,0,3.1280,0.0310
15,0,3.3760,0.2480
37,0,3.4710,0.0950
354,0,3.4880,0.0170
205,0,3.5040,0.0160
196,0,3.5200,0.0160
416,0,3.5340,0.0140
297,0,3.5510,0.0170
417,0,3.5840,0.0330
35,0,3.6460,0.0620
37,0,3.6650,0.0190
49,0,3.6730,0.0080
49,0,3.7030,0.0300
369,0,3.7290,0.0260
67,2,3.7350,0.0060
55,0,3.7660,0.0310
24,2,3.7810,0.0150
80,0,3.7970,0.0160
80,2,3.8440,0.0470
24,2,3.9230,0.0790
14,2,3.9370,0.0140
469,2,3.9540,0.0170
49,0,3.9680,0.0140
55,0,3.9910,0.0230
469,2,4.0000,0.0090
80,2,4.0170,0.0170
76,0,4.0340,0.0170
24,0,4.0560,0.0220
73,0,4.0840,0.0280
73,0,4.1000,0.0160
24,0,4.1930,0.0930
24,0,4.2110,0.0180
416,0,4.2720,0.0610
416,0,4.2840,0.0120
453,0,4.3070,0.0230
453,0,4.3140,0.0070
72,0,4.3370,0.0230
51,0,4.3430,0.0060
416,0,4.3720,0.0290
24,0,4.4850,0.1130
453,0,4.5000,0.0150
24,0,4.5930,0.0930
453,0,4.6650,0.0720
416,0,4.6740,0.0090
453,0,4.7040,0.0300
453,0,4.7240,0.0200
80,0,4.7380,0.0140
289,0,4.7630,0.0250
22,0,4.7650,0.0020
80,0,4.7810,0.0160
22,0,4.7970,0.0160
80,0,4.8130,0.0160
50,0,4.8280,0.0150
50,0,4.8430,0.0150
22,0,4.8590,0.0160
80,0,4.8750,0.0160
80,0,4.9530,0.0780
61,0,4.9680,0.0150
22,0,4.9840,0.0160
23,0,5.0000,0.0160
15,0,5.0160,0.0160
51,0,5.0470,0.0310
323,0,5.0620,0.0150
15,0,5.0780,0.0160
22,0,5.0940,0.0160
80,0,5.1090,0.0150
76,0,5.1250,0.0160
73,0,5.2300,0.1050
24,0,5.2350,0.0050
24,0,5.3310,0.0960
35,0,5.4080,0.0770
80,0,5.4400,0.0320
180,0,5.4570,0.0170
340,0,5.5010,0.0440
340,0,5.5360,0.0350
80,0,5.6130,0.0770
80,0,5.6290,0.0160
14,0,5.6430,0.0140
61,0,5.7500,0.1070
51,0,5.7970,0.0470
323,0,5.8460,0.0490
85,0,5.9260,0.0800
15,0,5.9410,0.0150
323,0,5.9560,0.0150
33,0,5.9880,0.0320
18,0,6.0030,0.0150
22,0,6.0180,0.0150
37,0,6.0360,0.0180
80,0,6.0500,0.0140
453,0,6.0790,0.0290
24,0,6.1010,0.0220
14,0,6.1130,0.0120
22,0,6.1340,0.0210
289,0,6.1430,0.0090
17,0,6.1640,0.0210
40,0,6.1760,0.0120
54,0,6.3000,0.1240
15,0,6.3160,0.0160
85,0,6.3350,0.0190
22,0,6.3440,0.0090
37,0,6.3800,0.0360
49,0,6.3910,0.0110
80,0,6.4210,0.0300
25,0,6.4740,0.0530
85,0,6.4920,0.0180
22,0,6.5040,0.0120
80,0,6.5270,0.0230
61,0,6.5660,0.0390
51,0,6.5820,0.0160
80,0,6.5920,0.0100
76,0,6.5940,0.0020
14,0,6.6200,0.0260
25,0,6.6260,0.0060
356,0,6.6610,0.0350
18,0,6.6800,0.0190
61,0,6.7240,0.0440
61,0,6.7400,0.0160
15,0,6.7540,0.0140
22,0,6.7970,0.0430
80,0,6.9560,0.1590
24,0,7.0190,0.0630
18,0,7.0500,0.0310
201,0,7.0690,0.0190
18,0,7.0780,0.0090
23,0,7.1090,0.0310
33,0,7.1920,0.0830
18,0,7.2120,0.0200
33,0,7.2210,0.0090
25,0,7.2510,0.0300
73,0,7.2770,0.0260
247,0,7.2820,0.0050
33,0,7.3470,0.0650
18,0,7.3680,0.0210
18,0,7.3790,0.0110
19,0,7.4410,0.0620
18,0,7.4620,0.0210
23,0,7.4730,0.0110
15,0,7.4910,0.0180
18,0,7.5040,0.0130
140,0,7.7030,0.1990
340,0,7.7650,0.0620
24,0,7.7960,0.0310
15,0,7.8160,0.0200
22,0,7.8290,0.0130
25,0,7.8590,0.0300
44,0,7.8910,0.0320
13,0,7.9880,0.0970
15,0,8.0010,0.0130
15,0,8.0510,0.0500
15,0,8.0630,0.0120
15,0,8.0930,0.0300
15,0,8.1600,0.0670
15,0,8.1890,0.0290
4,0,8.2110,0.0220
4,0,8.2400,0.0290
15,0,8.2450,0.0050
80,0,8.3010,0.0560
