SysID,Thread ID,time,inetrval
14,0,0.2340,0.2340
80,0,0.5670,0.3330
80,0,0.5940,0.0270
18,0,0.6560,0.0620
18,0,0.7510,0.0950
15,0,0.7670,0.0160
37,0,0.9400,0.1730
55,0,0.9850,0.0450
61,0,1.0160,0.0310
51,0,1.0470,0.0310
49,0,1.1260,0.0790
80,0,1.1430,0.0170
80,0,1.1570,0.0140
347,0,1.1730,0.0160
80,0,1.2820,0.1090
80,0,1.4380,0.1560
15,0,1.4590,0.0210
76,0,1.4850,0.0260
416,0,1.5200,0.0350
453,0,1.5620,0.0420
453,0,1.5940,0.0320
453,0,1.6250,0.0310
18,0,1.7680,0.1430
453,0,1.7830,0.0150
453,0,1.8250,0.0420
24,0,1.8500,0.0250
80,0,1.9570,0.1070
80,0,1.9660,0.0090
453,0,1.9690,0.0030
453,0,1.9840,0.0150
18,0,2.0050,0.0210
24,0,2.0330,0.0280
51,0,2.1570,0.1240
15,0,2.1720,0.0150
51,0,2.1880,0.0160
51,0,2.2040,0.0160
24,0,2.3290,0.1250
17,0,2.3530,0.0240
74,0,2.3600,0.0070
54,0,2.4220,0.0620
340,0,2.4400,0.0180
356,0,2.5000,0.0600
453,0,2.6250,0.1250
15,0,2.6410,0.0160
38,0,2.6570,0.0160
15,0,2.6880,0.0310
85,0,2.7190,0.0310
33,0,2.7370,0.0180
15,0,2.7510,0.0140
15,0,2.7700,0.0190
453,0,2.7820,0.0120
293,0,2.8280,0.0460
15,0,3.0980,0.2700
37,0,3.2040,0.1060
173,0,3.2200,0.0160
196,0,3.2350,0.0150
417,0,3.2520,0.0170
80,0,3.2660,0.0140
40,0,3.2820,0.0160
80,0,3.2990,0.0170
49,0,3.3130,0.0140
369,0,3.3440,0.0310
55,0,3.3600,0.0160
67,2,3.3750,0.0150
40,0,3.3910,0.0160
80,0,3.4080,0.0170
80,0,3.4540,0.0460
80,0,3.4700,0.0160
24,0,3.4860,0.0160
466,2,3.5160,0.0300
24,0,3.5320,0.0160
18,0,3.5500,0.0180
24,0,3.5640,0.0140
112,0,3.5950,0.0310
55,0,3.6090,0.0140
49,0,3.6280,0.0190
369,0,3.6560,0.0280
55,0,3.6720,0.0160
24,0,3.6880,0.0160
40,0,3.7340,0.0460
369,0,3.7500,0.0160
369,0,3.7650,0.0150
466,2,3.7820,0.0170
15,0,3.7960,0.0140
55,0,3.7970,0.0010
49,0,3.8160,0.0190
49,0,3.8290,0.0130
49,0,3.8440,0.0150
49,0,3.8770,0.0330
15,0,3.8970,0.0200
80,3,3.9010,0.0040
469,3,3.9170,0.0160
49,0,3.9210,0.0040
369,0,3.9410,0.0200
80,3,3.9530,0.0120
466,4,3.9690,0.0160
18,0,3.9840,0.0150
112,2,4.0000,0.0160
469,2,4.0160,0.0160
51,0,4.0470,0.0310
356,4,4.0780,0.0310
18,4,4.1090,0.0310
24,0,4.1410,0.0320
369,0,4.2030,0.0620
61,4,4.2190,0.0160
40,0,4.2190,0.016051,2,4.2360,0.0170
51,3,4.2510,0.0150
49,4,4.2660,0.0150
369,0,4.2810,0.0150
15,0,4.2960,0.0150
15,4,4.3120,0.0160
15,4,4.3320,0.0200
369,0,4.3440,0.0120
49,2,4.3620,0.0180
80,0,4.3750,0.0130
469,3,4.3900,0.0150
80,0,4.4060,0.0160
80,0,4.4260,0.0200
4,0,4.4360,0.0100
55,4,4.4380,0.0020
55,4,4.4540,0.0160
469,3,4.4680,0.0140
51,0,4.5310,0.0630
76,0,4.5470,0.0160
76,0,4.5780,0.0310
51,0,4.6410,0.0630
76,0,4.6560,0.0150
76,0,4.6730,0.0170
76,0,4.6880,0.0150
76,0,4.7040,0.0160
51,0,4.7200,0.0160
76,0,4.7510,0.0310
24,0,4.8140,0.0630
73,0,4.9390,0.1250
73,0,4.9550,0.0160
18,0,5.1060,0.1510
23,0,5.1090,0.0030
23,0,5.1250,0.0160
24,0,5.1720,0.0470
24,0,5.1880,0.0160
35,0,5.2030,0.0150
416,0,5.2660,0.0630
416,0,5.2820,0.0160
453,0,5.2990,0.0170
453,0,5.3130,0.0140
192,0,5.3300,0.0170
51,0,5.3610,0.0310
416,0,5.3760,0.0150
453,0,5.4540,0.0780
24,0,5.5330,0.0790
24,0,5.5800,0.0470
453,0,5.6110,0.0310
416,0,5.6260,0.0150
453,0,5.6560,0.0300
453,0,5.6740,0.0180
453,0,5.6970,0.0230
416,0,5.7020,0.0050
35,0,5.7830,0.0810
35,0,5.7990,0.0160
35,0,5.8130,0.0140
35,0,5.8290,0.0160
35,0,5.8450,0.0160
35,0,5.8610,0.0160
24,0,5.8920,0.0310
73,0,5.9060,0.0140
24,0,5.9240,0.0180
35,0,5.9710,0.0470
416,0,6.0650,0.0940
35,0,6.1570,0.0920
35,0,6.1730,0.0160
35,0,6.1870,0.0140
24,0,6.4850,0.2980
416,0,6.6110,0.1260
54,0,6.6250,0.0140
80,0,6.6430,0.0180
140,0,6.6830,0.0400
25,0,6.7060,0.0230
453,0,6.7230,0.0170
18,0,6.7340,0.0110
18,0,6.7840,0.0500
18,0,6.7980,0.0140
37,0,6.8140,0.0160
24,0,6.8290,0.0150
80,0,6.8450,0.0160
247,0,6.9860,0.1410
33,0,7.0480,0.0620
33,0,7.0640,0.0160
19,0,7.1410,0.0770
15,0,7.1560,0.0150
18,0,7.1730,0.0170
23,0,7.1880,0.0150
15,0,7.2040,0.0160
18,0,7.2200,0.0160
24,0,7.2520,0.0320
51,0,7.5790,0.3270
51,0,7.5960,0.0170
51,0,7.6100,0.0140
35,0,7.6730,0.0630
4101,0,7.6890,0.0160
37,0,7.7040,0.0150
297,0,7.7200,0.0160
0,0,7.7670,0.0470
15,0,7.7810,0.0140
289,0,7.8000,0.0190
22,0,7.8140,0.0140
23,0,7.8440,0.0300
28,0,7.8600,0.0160
15,0,7.8770,0.0170
5349,0,7.9080,0.0310
416,0,7.9230,0.0150
416,0,7.9690,0.0460
35,0,7.9850,0.0160
24,0,8.0010,0.0160
416,0,8.0160,0.0150
4151,0,8.0470,0.0310
453,0,8.0630,0.0160
51,0,8.1570,0.0940
33,0,8.1720,0.0150
18,0,8.2050,0.0330
73,0,8.2190,0.0140
140,0,8.2520,0.0330
15,0,8.2660,0.0140
105,0,8.2980,0.0320
4162,0,8.3300,0.0320
35,0,8.3450,0.0150
453,0,8.3770,0.0320
453,0,8.3910,0.0140
35,0,8.4230,0.0320
192,0,8.5330,0.1100
453,0,8.5470,0.0140
453,0,8.5630,0.0160
453,0,8.5810,0.0180
35,0,8.5940,0.0130
453,0,8.6110,0.0170
416,0,8.6250,0.0140
35,0,8.6590,0.0340
22,0,8.7200,0.0610
23,0,8.7370,0.0170
35,0,8.7970,0.0600
35,0,8.8140,0.0170
444,0,8.8460,0.0320
35,0,8.8600,0.0140
35,0,8.8920,0.0320
33,0,8.9390,0.0470
22,0,8.9540,0.0150
22,0,8.9710,0.0170
22,0,8.9850,0.0140
22,0,9.0000,0.0150
282,0,9.0180,0.0180
33,0,9.0320,0.0140
35,0,9.0780,0.0460
22,0,9.0960,0.0180
453,0,9.1110,0.0150
72,0,9.1260,0.0150
453,0,9.1420,0.0160
453,0,9.1570,0.0150
24,0,9.2200,0.0630
416,0,9.2660,0.0460
453,0,9.3450,0.0790
453,0,9.3600,0.0150
24,0,9.5310,0.1710
416,0,9.5500,0.0190
453,0,9.5790,0.0290
416,0,9.5940,0.0150
453,0,9.6260,0.0320
416,0,9.6420,0.0160
54,0,9.6560,0.0140
192,0,9.6720,0.0160
14,0,9.6890,0.0170
417,0,9.7190,0.0300
25,0,9.8310,0.1120
28,0,9.8440,0.0130
428,0,9.8580,0.0140
72,0,9.8590,0.0010
74,0,9.8790,0.0200
60,0,9.8910,0.0120
464,0,9.9090,0.0180
64,0,9.9180,0.0090
4,0,9.9210,0.0030
15,0,9.9220,0.0010
121,0,9.9400,0.0180
322,0,9.9550,0.0150
25,0,9.9690,0.0140
25,0,9.9890,0.0200
24,0,10.0010,0.0120
80,0,10.1870,0.1860
61,0,10.2070,0.0200
24,0,10.2520,0.0450
18,0,10.2820,0.0300
201,0,10.2970,0.0150
322,0,10.3440,0.0470
18,0,10.3630,0.0190
297,0,10.3750,0.0120
15,0,10.3910,0.0160
18,0,10.4220,0.0310
33,0,10.5280,0.1060
18,0,10.5320,0.0040
15,0,10.5470,0.0150
18,0,10.5660,0.0190
76,0,10.5840,0.0180
25,0,10.6250,0.0410
140,0,10.6560,0.0310
340,0,10.7030,0.0470
24,0,10.7340,0.0310
82,0,10.7500,0.0160
30,0,10.7660,0.0160
91,0,10.7820,0.0160
15,0,11.5160,0.7340
15,0,11.5310,0.0150
44,0,11.6250,0.0940
