SysID,Thread ID,time,inetrval
14,0,0.2200,0.2200
80,0,0.5160,0.2960
80,0,0.5310,0.0150
80,0,0.5320,0.0010
80,0,0.5480,0.0160
23,0,0.5650,0.0170
18,0,0.5950,0.0300
18,0,0.7100,0.1150
37,0,0.8780,0.1680
55,0,0.9090,0.0310
61,0,0.9400,0.0310
51,0,0.9580,0.0180
40,0,0.9730,0.0150
49,0,1.0340,0.0610
80,0,1.0510,0.0170
80,0,1.0640,0.0130
347,0,1.0850,0.0210
80,0,1.1880,0.1030
80,0,1.3290,0.1410
15,0,1.3450,0.0160
76,0,1.3770,0.0320
416,0,1.4060,0.0290
453,0,1.4230,0.0170
453,0,1.4550,0.0320
453,0,1.4690,0.0140
18,0,1.6040,0.1350
23,0,1.6100,0.0060
453,0,1.6250,0.0150
453,0,1.6580,0.0330
24,0,1.6720,0.0140
24,0,1.7500,0.0780
80,0,1.7820,0.0320
453,0,1.7970,0.0150
18,0,1.8300,0.0330
51,0,1.9700,0.1400
15,0,1.9850,0.0150
51,0,2.0170,0.0320
15,0,2.0320,0.0150
24,0,2.0940,0.0620
85,0,2.1110,0.0170
17,0,2.1260,0.0150
54,0,2.1880,0.0620
340,0,2.2040,0.0160
356,0,2.2740,0.0700
453,0,2.3760,0.1020
15,0,2.3920,0.0160
38,0,2.4210,0.0290
297,0,2.4230,0.0020
15,0,2.4460,0.0230
85,0,2.4550,0.0090
33,0,2.4860,0.0310
15,0,2.5050,0.0190
76,0,2.5120,0.0070
85,0,2.5160,0.0040
293,0,2.5810,0.0650
24,0,2.7660,0.1850
15,0,2.8130,0.0470
37,0,2.9250,0.1120
354,0,2.9420,0.0170
196,0,2.9580,0.0160
417,0,2.9720,0.0140
80,0,3.0000,0.0280
55,0,3.0160,0.0160
49,0,3.0320,0.0160
49,0,3.0470,0.0150
369,0,3.0660,0.0190
15,0,3.0800,0.0140
67,2,3.0940,0.0140
1,2,3.1100,0.0160
40,0,3.1260,0.0160
80,0,3.1730,0.0470
80,0,3.1890,0.0160
24,0,3.2040,0.0150
466,2,3.2350,0.0310
18,0,3.2570,0.0220
24,0,3.2680,0.0110
112,0,3.3010,0.0330
28,2,3.3130,0.0120
469,2,3.3450,0.0320
24,0,3.3750,0.0300
24,2,3.3920,0.0170
40,0,3.4230,0.0310
80,0,3.4380,0.0150
466,2,3.4540,0.0160
369,0,3.4740,0.0200
67,4,3.4850,0.0110
49,0,3.5050,0.0200
49,0,3.5160,0.0110
49,0,3.5340,0.0180
49,0,3.5680,0.0340
369,0,3.5780,0.0100
369,0,3.6000,0.0220
80,4,3.6060,0.0060
80,2,3.6090,0.0030
18,0,3.6420,0.0330
14,3,3.6570,0.0150
24,0,3.6910,0.0340
369,0,3.7070,0.0160
356,0,3.7350,0.0280
356,0,3.7510,0.0160
18,0,3.7830,0.0320
40,3,3.7970,0.0140
49,3,3.8450,0.0480
80,3,3.8610,0.0160
51,0,3.8750,0.0140
112,0,3.8910,0.0160
51,0,3.9400,0.0490
76,0,3.9580,0.0180
76,0,3.9720,0.0140
51,0,3.9880,0.0160
348,0,4.0040,0.0160
76,0,4.0190,0.0150
76,0,4.0350,0.0160
416,0,4.0520,0.0170
24,0,4.0980,0.0460
73,0,4.2680,0.1700
18,0,4.4090,0.1410
23,0,4.4260,0.0170
23,0,4.4390,0.0130
24,0,4.4900,0.0510
24,0,4.5030,0.0130
35,0,4.5190,0.0160
416,0,4.5690,0.0500
416,0,4.5790,0.0100
453,0,4.5990,0.0200
25,0,4.6120,0.0130
192,0,4.6300,0.0180
51,0,4.6430,0.0130
7,0,4.6620,0.0190
453,0,4.7370,0.0750
24,0,4.8160,0.0790
453,0,4.8950,0.0790
453,0,4.9260,0.0310
453,0,4.9410,0.0150
35,0,5.0340,0.0930
35,0,5.0660,0.0320
35,0,5.0830,0.0170
35,0,5.0960,0.0130
24,0,5.1290,0.0330
73,0,5.1430,0.0140
35,0,5.1920,0.0490
24,0,5.2540,0.0620
416,0,5.2820,0.0280
35,0,5.3630,0.0810
35,0,5.3770,0.0140
35,0,5.3950,0.0180
24,0,5.7500,0.3550
416,0,5.7820,0.0320
80,0,5.7970,0.0150
140,0,5.8130,0.0160
25,0,5.8280,0.0150
18,0,5.8440,0.0160
18,0,5.8600,0.0160
18,0,5.8910,0.0310
18,0,5.9070,0.0160
15,0,5.9220,0.0150
80,0,5.9530,0.0310
247,0,6.0470,0.0940
33,0,6.0940,0.0470
18,0,6.1090,0.0150
19,0,6.1260,0.0170
19,0,6.1880,0.0620
18,0,6.2040,0.0160
23,0,6.2190,0.0150
15,0,6.2350,0.0160
18,0,6.2500,0.0150
24,0,6.2820,0.0320
35,0,6.5160,0.2340
37,0,6.5310,0.0150
5169,0,6.5470,0.0160
0,0,6.5940,0.0470
289,0,6.6250,0.0310
22,0,6.6410,0.0160
23,0,6.6570,0.0160
28,0,6.6880,0.0310
5349,0,6.7190,0.0310
416,0,6.7660,0.0470
25,0,6.7820,0.0160
4151,0,6.8130,0.0310
4151,0,6.8280,0.0150
51,0,6.9220,0.0940
33,0,6.9380,0.0160
18,0,6.9530,0.0150
17,0,6.9690,0.0160
140,0,7.0000,0.0310
105,0,7.0310,0.0310
4151,0,7.0470,0.0160
4162,0,7.0630,0.0160
35,0,7.0780,0.0150
14,0,7.1130,0.0350
417,0,7.1300,0.0170
35,0,7.1420,0.0120
35,0,7.1610,0.0190
72,0,7.2530,0.0920
51,0,7.3170,0.0640
340,0,7.3490,0.0320
33,0,7.3790,0.0300
33,0,7.3940,0.0150
24,0,7.4110,0.0170
23,0,7.4260,0.0150
23,0,7.4400,0.0140
18,0,7.4710,0.0310
23,0,7.5060,0.0350
85,0,7.5510,0.0450
74,0,7.5650,0.0140
18,0,7.5820,0.0170
23,0,7.6100,0.0280
4,0,7.6610,0.0510
4,0,7.7210,0.0600
80,0,7.7540,0.0330
51,0,7.7680,0.0140
61,0,7.7850,0.0170
85,0,7.8010,0.0160
85,0,7.8140,0.0130
51,0,7.8480,0.0340
15,0,7.8620,0.0140
51,0,7.8950,0.0330
51,0,7.9100,0.0150
73,0,7.9250,0.0150
15,0,7.9410,0.0160
37,0,7.9570,0.0160
61,0,7.9720,0.0150
40,0,7.9840,0.0120
49,0,7.9850,0.0010
466,3,8.0040,0.0190
80,3,8.0160,0.0120
49,2,8.0320,0.0160
49,2,8.0470,0.0150
49,2,8.0470,0.0150
80,4,8.0630,0.0160
22,0,8.1600,0.0970
23,0,8.1750,0.0150
356,0,8.2370,0.0620
444,0,8.2660,0.0290
356,0,8.3130,0.0470
33,0,8.3440,0.0310
22,0,8.3600,0.0160
22,0,8.3750,0.0150
22,0,8.3910,0.0160
72,0,8.4070,0.0160
36,0,8.4220,0.0150
22,0,8.4850,0.0630
72,0,8.5000,0.0150
64,0,8.5160,0.0160
453,0,8.5320,0.0160
416,0,8.5470,0.0150
61,0,8.5940,0.0470
15,0,8.6100,0.0160
22,0,8.6410,0.0310
416,0,8.6560,0.0150
192,0,8.6880,0.0320
192,0,8.7030,0.0150
416,0,8.7350,0.0320
453,0,8.7810,0.0460
416,0,8.7970,0.0160
453,0,8.8600,0.0630
453,0,8.8940,0.0340
61,0,8.9100,0.0160
73,0,8.9260,0.0160
4,0,8.9420,0.0160
4,0,8.9560,0.0140
61,0,9.0190,0.0630
24,0,9.0520,0.0330
24,0,9.0660,0.0140
5254,0,9.2660,0.2000
5254,0,9.3500,0.0840
5254,0,9.3920,0.0420
5254,0,9.4270,0.0350
39,0,9.4600,0.0330
51,0,9.4710,0.0110
5254,0,9.5040,0.0330
5254,0,9.5170,0.0130
5254,0,9.5500,0.0330
5254,0,9.5830,0.0330
5254,0,9.6130,0.0300
5254,0,9.6440,0.0310
5254,0,9.6760,0.0320
5254,0,9.6900,0.0140
5254,0,9.7220,0.0320
5254,0,9.7540,0.0320
5254,0,9.7840,0.0300
5254,0,9.8170,0.0330
5254,0,9.8480,0.0310
5254,0,9.8640,0.0160
5254,0,9.8940,0.0300
5254,0,9.9250,0.0310
5254,0,9.9540,0.0290
5254,0,9.9850,0.0310
39,0,10.0000,0.0150
30,0,10.0160,0.0160
24,0,10.0320,0.0160
22,0,10.0470,0.0150
15,0,10.0630,0.0160
61,0,10.1100,0.0470
22,0,10.1570,0.0470
23,0,10.1720,0.0150
49,0,10.1890,0.0170
80,3,10.2030,0.0140
15,0,10.2230,0.0200
80,0,10.2320,0.0090
369,0,10.2360,0.0040
80,4,10.2500,0.0140
22,0,10.3140,0.0640
4151,0,10.4420,0.1280
80,0,10.4540,0.0120
54,0,10.4680,0.0140
25,0,10.4690,0.0010
416,0,10.4850,0.0160
85,0,10.5000,0.0150
340,0,10.5160,0.0160
416,0,10.5470,0.0310
453,0,10.5940,0.0470
453,0,10.6100,0.0160
72,0,10.6880,0.0780
72,0,10.7030,0.0150
416,0,10.7190,0.0160
453,0,10.7350,0.0160
453,0,10.7500,0.0150
22,0,10.7820,0.0320
80,0,10.9250,0.1430
15,0,10.9420,0.0170
80,0,11.0350,0.0930
13,0,11.0490,0.0140
15,0,11.0660,0.0170
15,0,11.0970,0.0310
15,0,11.1600,0.0630
80,0,11.1740,0.0140
4275,0,11.1920,0.0180
15,0,11.2040,0.0120
80,0,11.2240,0.0200
96,0,11.2550,0.0310
61,0,11.3490,0.0940
61,0,11.3620,0.0130
80,0,11.3780,0.0160
18,0,11.4580,0.0800
18,0,11.4700,0.0120
297,0,11.4900,0.0200
18,0,11.5030,0.0130
453,0,11.5160,0.0130
33,0,11.5850,0.0690
33,0,11.5980,0.0130
25,0,11.6490,0.0510
140,0,11.6970,0.0480
33,0,11.7070,0.0100
85,0,11.7220,0.0150
61,0,11.7380,0.0160
74,0,11.7540,0.0160
35,0,11.7680,0.0140
51,0,11.7970,0.0290
17,0,11.8130,0.0160
42,0,11.8440,0.0310
15,0,11.8590,0.0150
340,0,11.9070,0.0480
85,0,11.9530,0.0460
15,0,12.0160,0.0630
24,0,12.0310,0.0150
15,0,12.0470,0.0160
4,0,12.0630,0.0160
25,0,12.0800,0.0170
15,0,12.0940,0.0140
51,0,12.1260,0.0320
15,0,12.1410,0.0150
51,0,12.1560,0.0150
25,0,12.1720,0.0160
25,0,12.2040,0.0320
39,0,12.2250,0.0210
51,0,12.2430,0.0180
4,0,12.2670,0.0240
4,0,12.2920,0.0250
51,0,12.3100,0.0180
39,0,12.3130,0.0030
44,0,12.3480,0.0350
15,0,12.4390,0.0910
15,0,12.4580,0.0190
13,0,12.4660,0.0080
13,0,12.4690,0.0030
15,0,12.5000,0.0310
13,0,12.5240,0.0240
13,0,12.5820,0.0580
15,0,12.5980,0.0160
15,0,12.6140,0.0160
15,0,12.6270,0.0130
15,0,12.6450,0.0180
15,0,12.6590,0.0140
13,0,12.7220,0.0630
42,0,12.7400,0.0180
15,0,12.7530,0.0130
13,0,12.7830,0.0300
15,0,12.8150,0.0320
18,0,12.8320,0.0170
15,0,12.9100,0.0780
15,0,12.9570,0.0470
15,0,12.9750,0.0180
15,0,13.0240,0.0490
15,0,13.0470,0.0230
