SysID,Thread ID,time,inetrval
14,0,0.2250,0.2250
80,0,0.5330,0.3080
80,0,0.5480,0.0150
33,0,0.5640,0.0160
18,0,0.6110,0.0470
18,0,0.7040,0.0930
37,0,0.8600,0.1560
55,0,0.8930,0.0330
61,0,0.9240,0.0310
51,0,0.9570,0.0330
49,0,1.0170,0.0600
80,0,1.0490,0.0320
347,0,1.0790,0.0300
80,0,1.1600,0.0810
80,0,1.2970,0.1370
15,0,1.3130,0.0160
76,0,1.3440,0.0310
416,0,1.3750,0.0310
453,0,1.3910,0.0160
453,0,1.4380,0.0470
453,0,1.4540,0.0160
18,0,1.5640,0.1100
23,0,1.5790,0.0150
453,0,1.5950,0.0160
453,0,1.6250,0.0300
24,0,1.6420,0.0170
24,0,1.7270,0.0850
80,0,1.7550,0.0280
453,0,1.7760,0.0210
453,0,1.7890,0.0130
18,0,1.8140,0.0250
51,0,1.9530,0.1390
51,0,1.9850,0.0320
24,0,2.0660,0.0810
17,0,2.0830,0.0170
54,0,2.1410,0.0580
340,0,2.1570,0.0160
356,0,2.2510,0.0940
453,0,2.3600,0.1090
15,0,2.3750,0.0150
38,0,2.4070,0.0320
15,0,2.4390,0.0320
85,0,2.4560,0.0170
33,0,2.4780,0.0220
15,0,2.4890,0.0110
85,0,2.5060,0.0170
293,0,2.5670,0.0610
24,0,2.7520,0.1850
15,0,2.8020,0.0500
37,0,2.9070,0.1050
354,0,2.9230,0.0160
205,0,2.9380,0.0150
196,0,2.9540,0.0160
80,0,2.9690,0.0150
18,0,3.0000,0.0310
51,0,3.0310,0.0310
369,0,3.0940,0.0630
67,2,3.1110,0.0170
1,2,3.1250,0.0140
469,2,3.1410,0.0160
40,0,3.1880,0.0470
49,0,3.2350,0.0470
80,0,3.2510,0.0160
80,2,3.2820,0.0310
49,2,3.2990,0.0170
80,2,3.3130,0.0140
466,2,3.3280,0.0150
18,0,3.3450,0.0170
24,0,3.3680,0.0230
112,0,3.4040,0.0360
466,2,3.4060,0.0020
466,0,3.4230,0.0170
40,0,3.4390,0.0160
55,2,3.4690,0.0300
49,0,3.4860,0.0170
80,2,3.5020,0.0160
369,2,3.5160,0.0140
40,0,3.5300,0.0140
49,0,3.5320,0.0020
55,0,3.5480,0.0160
80,2,3.5630,0.0150
40,0,3.5780,0.0150
469,3,3.5940,0.0160
112,0,3.6340,0.0400
112,0,3.6340,0.0400
80,0,3.6360,0.0020
80,2,3.6410,0.0050
49,0,3.6630,0.0220
49,0,3.6630,0.0220
49,2,3.6750,0.0120
24,2,3.6850,0.0100
369,0,3.6880,0.0030
466,2,3.7040,0.0160
49,0,3.7200,0.0160
80,4,3.7350,0.0150
369,0,3.7810,0.0460
80,2,3.8000,0.0190
80,0,3.8130,0.0130
80,2,3.8290,0.0160
51,0,3.8750,0.0460
51,0,3.9110,0.0360
76,0,3.9260,0.0150
51,0,3.9410,0.0150
76,0,3.9610,0.0200
51,0,3.9700,0.0090
76,0,3.9840,0.0140
76,0,4.0180,0.0340
416,0,4.0390,0.0210
24,0,4.0840,0.0450
73,0,4.2130,0.1290
73,0,4.2220,0.0090
18,0,4.3630,0.1410
23,0,4.4070,0.0440
24,0,4.4700,0.0630
24,0,4.4860,0.0160
24,0,4.5000,0.0140
35,0,4.5170,0.0170
416,0,4.5640,0.0470
416,0,4.5800,0.0160
453,0,4.5950,0.0150
25,0,4.6110,0.0160
72,0,4.6260,0.0150
51,0,4.6420,0.0160
7,0,4.6570,0.0150
453,0,4.7360,0.0790
24,0,4.8130,0.0770
453,0,4.8910,0.0780
453,0,4.9240,0.0330
453,0,4.9430,0.0190
35,0,5.0320,0.0890
35,0,5.0650,0.0330
35,0,5.0870,0.0220
35,0,5.0960,0.0090
24,0,5.1280,0.0320
73,0,5.1480,0.0200
35,0,5.1900,0.0420
24,0,5.2500,0.0600
416,0,5.2830,0.0330
35,0,5.3760,0.0930
35,0,5.3970,0.0210
35,0,5.4070,0.0100
24,0,5.7380,0.3310
416,0,5.7660,0.0280
54,0,5.7840,0.0180
80,0,5.7970,0.0130
140,0,5.8130,0.0160
25,0,5.8280,0.0150
453,0,5.8440,0.0160
18,0,5.8590,0.0150
18,0,5.8910,0.0320
18,0,5.9070,0.0160
4834,0,5.9220,0.0150
80,0,5.9530,0.0310
51,0,6.0630,0.1100
35,0,6.1250,0.0620
37,0,6.1410,0.0160
297,0,6.1560,0.0150
0,0,6.1880,0.0320
15,0,6.2040,0.0160
289,0,6.2190,0.0150
22,0,6.2350,0.0160
23,0,6.2660,0.0310
28,0,6.2810,0.0150
5,0,6.2970,0.0160
5349,0,6.3130,0.0160
24,0,6.3600,0.0470
416,0,6.3750,0.0150
35,0,6.3910,0.0160
24,0,6.4060,0.0150
73,0,6.4580,0.0520
24,0,6.5650,0.1070
24,0,6.5820,0.0170
24,0,6.5990,0.0170
35,0,6.6140,0.0150
4151,0,6.6270,0.0130
5125,0,6.6760,0.0490
33,0,6.6920,0.0160
0,0,6.7070,0.0150
15,0,6.7230,0.0160
4162,0,6.7530,0.0300
25,0,6.7710,0.0180
416,0,6.7860,0.0150
35,0,6.8300,0.0440
192,0,6.9100,0.0800
35,0,6.9260,0.0160
453,0,6.9420,0.0160
453,0,6.9570,0.0150
35,0,6.9730,0.0160
453,0,6.9890,0.0160
416,0,7.0040,0.0150
35,0,7.0170,0.0130
35,0,7.0350,0.0180
22,0,7.0970,0.0620
35,0,7.1450,0.0480
35,0,7.1600,0.0150
35,0,7.1770,0.0170
444,0,7.1920,0.0150
356,0,7.2050,0.0130
35,0,7.2370,0.0320
33,0,7.2680,0.0310
33,0,7.2860,0.0180
22,0,7.3010,0.0150
22,0,7.3140,0.0130
22,0,7.3340,0.0200
72,0,7.3470,0.0130
33,0,7.3640,0.0170
35,0,7.4100,0.0460
22,0,7.4250,0.0150
72,0,7.4420,0.0170
64,0,7.4570,0.0150
453,0,7.4730,0.0160
35,0,7.5030,0.0300
22,0,7.5550,0.0520
453,0,7.5650,0.0100
61,0,7.6140,0.0490
4151,0,7.7220,0.1080
80,0,7.7370,0.0150
54,0,7.7540,0.0170
14,0,7.7680,0.0140
417,0,7.7860,0.0180
14,0,7.8000,0.0140
24,0,7.8180,0.0180
73,0,7.8620,0.0440
24,0,7.8840,0.0220
24,0,8.0180,0.1340
85,0,8.0790,0.0610
15,0,8.1040,0.0250
15,0,8.1120,0.0080
61,0,8.1410,0.0290
85,0,8.1660,0.0250
39,0,8.1760,0.0100
74,0,8.1950,0.0190
462,0,8.2070,0.0120
51,0,8.2700,0.0630
30,0,8.3470,0.0770
51,0,8.3640,0.0170
17,0,8.3780,0.0140
30,0,8.3950,0.0170
51,0,8.4090,0.0140
4158,0,8.4280,0.0190
4272,0,8.4410,0.0130
4264,0,8.4880,0.0470
4212,0,8.5510,0.0630
5,0,8.5980,0.0470
4103,0,8.6130,0.0150
5,0,8.6270,0.0140
5,0,8.6470,0.0200
4096,0,8.7220,0.0750
5032,0,8.7390,0.0170
247,0,8.7560,0.0170
33,0,8.8020,0.0460
18,0,8.8190,0.0170
19,0,8.8820,0.0630
18,0,8.8990,0.0170
18,0,8.9230,0.0240
15,0,8.9460,0.0230
18,0,8.9570,0.0110
18,0,9.0360,0.0790
51,0,9.0640,0.0280
35,0,9.0830,0.0190
35,0,9.1000,0.0170
35,0,9.1150,0.0150
80,0,9.3780,0.2630
80,0,9.4090,0.0310
4188,0,9.4410,0.0320
4328,0,9.4720,0.0310
24,0,9.5050,0.0330
33,0,9.5210,0.0160
33,0,9.5370,0.0160
282,0,9.5550,0.0180
341,0,9.5660,0.0110
18,0,9.5880,0.0220
18,0,9.5950,0.0070
18,0,9.6280,0.0330
4,0,9.6510,0.0230
4,0,9.6600,0.0090
24,0,9.6740,0.0140
4,0,9.6910,0.0170
4,0,9.7070,0.0160
4819,0,9.7380,0.0310
4802,0,9.7550,0.0170
4200,0,9.7690,0.0140
4131,0,9.8140,0.0450
4258,0,9.8460,0.0320
4158,0,9.8770,0.0310
4242,0,9.9020,0.0250
4251,0,9.9090,0.0070
4129,0,9.9300,0.0210
18,0,9.9430,0.0130
23,0,9.9620,0.0190
15,0,9.9650,0.0030
51,0,9.9710,0.0060
4101,0,9.9930,0.0220
5,0,10.0050,0.0120
4212,0,10.0550,0.0500
4,0,10.0630,0.0080
85,0,10.0990,0.0360
40,0,10.1170,0.0180
18,0,10.1260,0.0090
4,0,10.1830,0.0570
4,0,10.1910,0.0080
4212,0,10.2140,0.0230
4103,0,10.2220,0.0080
5,0,10.2370,0.0150
4187,0,10.2660,0.0290
5292,0,10.2920,0.0260
4203,0,10.2990,0.0070
4131,0,10.3190,0.0200
5,0,10.3300,0.0110
4211,0,10.3620,0.0320
4115,0,10.3840,0.0220
4178,0,10.3930,0.0090
15,0,10.4220,0.0290
4106,0,10.4450,0.0230
4258,0,10.4560,0.0110
5412,0,10.4720,0.0160
4242,0,10.4890,0.0170
4258,0,10.5040,0.0150
105,0,10.5400,0.0360
4110,0,10.5470,0.0070
4110,0,10.5690,0.0220
18,0,10.5820,0.0130
4,0,10.6560,0.0740
4,0,10.6930,0.0370
4,0,10.7070,0.0140
5292,0,10.7260,0.0190
4132,0,10.7810,0.0550
4132,0,10.8170,0.0360
4110,0,10.8340,0.0170
5,0,10.8500,0.0160
4110,0,10.8560,0.0060
4110,0,10.8610,0.0050
4132,0,10.8760,0.0150
4180,0,10.9120,0.0360
4173,0,10.9270,0.0150
4221,0,10.9330,0.0060
4819,0,10.9380,0.0050
4258,0,10.9560,0.0180
4242,0,10.9670,0.0110
5412,0,10.9690,0.0020
24,0,10.9840,0.0150
4103,0,11.0000,0.0160
5,0,11.0160,0.0160
4106,0,11.0320,0.0160
4173,0,11.0470,0.0150
4106,0,11.0630,0.0160
4144,0,11.0780,0.0150
4144,0,11.0940,0.0160
4144,0,11.1250,0.0310
80,0,11.1410,0.0160
35,0,11.1560,0.0150
4180,0,11.1880,0.0320
4106,0,11.2190,0.0310
5292,0,11.2340,0.0150
4155,0,11.2500,0.0160
4137,0,11.2660,0.0160
4154,0,11.2900,0.0240
4178,0,11.2990,0.0090
5,0,11.3180,0.0190
4220,0,11.3340,0.0160
4106,0,11.3930,0.0590
4106,0,11.4150,0.0220
4483,0,11.4250,0.0100
4149,0,11.4860,0.0610
4267,0,11.5080,0.0220
4819,0,11.5370,0.0290
4769,0,11.5510,0.0140
24,0,11.5790,0.0280
4,0,11.6320,0.0530
85,0,11.6430,0.0110
4298,0,11.6990,0.0560
4298,0,11.7030,0.0040
356,0,11.7190,0.0160
356,0,11.7350,0.0160
356,0,11.7660,0.0310
180,0,11.8600,0.0940
4,0,11.8750,0.0150
10,0,11.8910,0.0160
32,0,11.9070,0.0160
37,0,11.9380,0.0310
356,0,11.9690,0.0310
18,0,12.0000,0.0310
24,0,12.0160,0.0160
61,0,12.0470,0.0310
51,0,12.0630,0.0160
80,3,12.0800,0.0170
14,0,12.0960,0.0160
80,0,12.1250,0.0290
24,0,12.1760,0.0510
4787,0,12.2520,0.0760
4328,0,12.2720,0.0200
22,0,12.3290,0.0570
23,0,12.3950,0.0660
23,0,12.4130,0.0180
22,0,12.4250,0.0120
50,0,12.4540,0.0290
4188,0,12.4800,0.0260
4131,0,12.4880,0.0080
4825,0,12.5800,0.0920
4825,0,12.6260,0.0460
4825,0,12.6420,0.0160
5292,0,12.6570,0.0150
4183,0,12.6770,0.0200
4111,0,12.7120,0.0350
4187,0,12.7200,0.0080
4177,0,12.7470,0.0270
4300,0,12.7510,0.0040
4110,0,12.7820,0.0310
4100,0,12.8060,0.0240
5,0,12.8140,0.0080
4096,0,12.8480,0.0340
4102,0,12.8670,0.0190
