SysID,Thread ID,time,inetrval
14,0,0.2350,0.2350
80,0,0.5990,0.3640
80,0,0.6110,0.0120
80,0,0.6260,0.0150
18,0,0.6410,0.0150
18,0,0.7070,0.0660
18,0,0.8440,0.1370
37,0,1.0940,0.2500
55,0,1.1260,0.0320
61,0,1.1890,0.0630
51,0,1.2030,0.0140
40,0,1.2190,0.0160
49,0,1.3020,0.0830
80,0,1.3280,0.0260
347,0,1.3650,0.0370
80,0,1.4850,0.1200
80,0,1.6570,0.1720
76,0,1.7030,0.0460
416,0,1.7350,0.0320
453,0,1.7650,0.0300
453,0,1.8020,0.0370
453,0,1.8150,0.0130
18,0,1.9530,0.1380
23,0,1.9680,0.0150
453,0,2.0010,0.0330
453,0,2.0320,0.0310
24,0,2.0470,0.0150
24,0,2.1740,0.1270
80,0,2.2030,0.0290
453,0,2.2210,0.0180
453,0,2.2340,0.0130
18,0,2.2520,0.0180
51,0,2.3920,0.1400
15,0,2.4090,0.0170
51,0,2.4390,0.0300
24,0,2.5190,0.0800
85,0,2.5320,0.0130
17,0,2.5490,0.0170
54,0,2.6100,0.0610
340,0,2.6250,0.0150
356,0,2.6880,0.0630
453,0,2.8120,0.1240
15,0,2.8290,0.0170
38,0,2.8440,0.0150
297,0,2.8590,0.0150
15,0,2.8750,0.0160
85,0,2.8900,0.0150
33,0,2.9220,0.0320
15,0,2.9370,0.0150
76,0,2.9530,0.0160
15,0,2.9740,0.0210
15,0,2.9850,0.0110
293,0,3.0350,0.0500
24,0,3.2350,0.2000
15,0,3.2990,0.0640
37,0,3.3930,0.0940
354,0,3.4240,0.0310
196,0,3.4410,0.0170
417,0,3.4560,0.0150
55,0,3.4730,0.0170
49,0,3.4860,0.0130
80,0,3.5030,0.0170
49,0,3.5170,0.0140
369,0,3.5350,0.0180
15,0,3.5460,0.0110
55,0,3.5780,0.0320
40,0,3.5930,0.0150
80,0,3.6090,0.0160
80,0,3.6250,0.0160
80,0,3.6400,0.0150
80,0,3.6570,0.0170
466,2,3.7030,0.0460
18,0,3.7250,0.0220
24,0,3.7360,0.0110
112,0,3.7670,0.0310
55,0,3.7810,0.0140
14,2,3.7990,0.0180
469,2,3.8290,0.0300
55,0,3.8470,0.0180
24,0,3.8600,0.0130
40,0,3.9070,0.0470
80,0,3.9220,0.0150
24,3,3.9380,0.0160
49,0,3.9530,0.0150
24,2,3.9690,0.0160
49,0,3.9880,0.0190
15,0,4.0000,0.0120
49,0,4.0330,0.0330
49,0,4.0470,0.0140
80,2,4.0670,0.0200
49,0,4.0780,0.0110
369,0,4.0960,0.0180
80,3,4.1090,0.0130
18,0,4.1250,0.0160
469,4,4.1420,0.0170
51,0,4.1560,0.0140
24,0,4.1900,0.0340
369,0,4.2040,0.0140
51,2,4.2190,0.0150
40,2,4.2490,0.0300
49,2,4.2500,0.0010
356,3,4.2660,0.0160
356,3,4.2970,0.0310
369,2,4.3290,0.0320
15,2,4.3450,0.0160
15,2,4.3600,0.0150
28,4,4.3830,0.0230
61,3,4.4240,0.0410
51,3,4.4370,0.0130
14,4,4.4540,0.0170

14,4,4.4540,0.0170
51,0,4.5020,0.0480
76,0,4.5180,0.0160
51,0,4.5480,0.0300
76,0,4.5640,0.0160
76,0,4.5790,0.0150
76,0,4.5960,0.0170
416,0,4.6140,0.0180
24,0,4.6580,0.0440
30,0,4.6750,0.0170
73,0,4.8130,0.1380
24,0,4.8290,0.0160
18,0,4.9850,0.1560
23,0,5.0030,0.0180
24,0,5.0500,0.0470
24,0,5.0640,0.0140
35,0,5.0940,0.0300
416,0,5.1410,0.0470
416,0,5.1720,0.0310
453,0,5.1870,0.0150
453,0,5.2040,0.0170
72,0,5.2210,0.0170
51,0,5.2360,0.0150
7,0,5.2500,0.0140
453,0,5.3320,0.0820
24,0,5.4240,0.0920
453,0,5.4880,0.0640
416,0,5.5030,0.0150
453,0,5.5340,0.0310
453,0,5.5480,0.0140
35,0,5.6440,0.0960
35,0,5.6590,0.0150
35,0,5.6740,0.0150
35,0,5.6900,0.0160
35,0,5.7040,0.0140
35,0,5.7210,0.0170
24,0,5.7520,0.0310
73,0,5.7680,0.0160
35,0,5.8300,0.0620
24,0,5.8930,0.0630
416,0,5.9390,0.0460
35,0,6.0200,0.0810
35,0,6.0340,0.0140
35,0,6.0480,0.0140
416,0,6.4590,0.4110
54,0,6.4750,0.0160
80,0,6.4910,0.0160
140,0,6.5050,0.0140
25,0,6.5360,0.0310
18,0,6.5530,0.0170
18,0,6.5690,0.0160
18,0,6.5970,0.0280
18,0,6.6150,0.0180
37,0,6.6310,0.0160
80,0,6.6620,0.0310
247,0,6.7700,0.1080
33,0,6.8310,0.0610
18,0,6.8500,0.0190
19,0,6.9220,0.0720
18,0,6.9410,0.0190
23,0,6.9550,0.0140
15,0,6.9690,0.0140
18,0,6.9850,0.0160
24,0,7.0650,0.0800
35,0,7.2670,0.2020
4101,0,7.2820,0.0150
37,0,7.2980,0.0160
297,0,7.3150,0.0170
0,0,7.3430,0.0280
15,0,7.3640,0.0210
289,0,7.3920,0.0280
22,0,7.4080,0.0160
23,0,7.4400,0.0320
28,0,7.4550,0.0150
18,0,7.4720,0.0170
5349,0,7.4860,0.0140
416,0,7.5480,0.0620
35,0,7.5650,0.0170
4151,0,7.5960,0.0310
4151,0,7.6110,0.0150
51,0,7.7080,0.0970
33,0,7.7210,0.0130
18,0,7.7380,0.0170
23,0,7.7510,0.0130
73,0,7.7680,0.0170
140,0,7.7810,0.0130
15,0,7.7990,0.0180
105,0,7.8440,0.0450
4162,0,7.8920,0.0480
35,0,7.9110,0.0190
14,0,7.9400,0.0290
417,0,7.9730,0.0330
450,0,7.9870,0.0140
35,0,8.0020,0.0150
72,0,8.1100,0.1080
14,0,8.1270,0.0170
51,0,8.1880,0.0610
340,0,8.2200,0.0320
33,0,8.2520,0.0320
33,0,8.2690,0.0170
282,0,8.2840,0.0150
23,0,8.3000,0.0160
23,0,8.3130,0.0130
15,0,8.3310,0.0180
18,0,8.3610,0.0300
23,0,8.4080,0.0470
85,0,8.4540,0.0460
74,0,8.4710,0.0170
18,0,8.4860,0.0150
4,0,8.5470,0.0610
4,0,8.6100,0.0630
80,0,8.6570,0.0470
51,0,8.6730,0.0160
61,0,8.6890,0.0160
85,0,8.7040,0.0150
85,0,8.7200,0.0160
61,0,8.7370,0.0170
51,0,8.7660,0.0290
51,0,8.7990,0.0330
15,0,8.8160,0.0170
51,0,8.8320,0.0160
51,0,8.8650,0.0330
15,0,8.8740,0.0090
37,0,8.9100,0.0360
61,0,8.9230,0.0130
40,0,8.9340,0.0110
49,0,8.9370,0.0030
15,0,8.9570,0.0200
80,4,8.9690,0.0120
469,4,8.9880,0.0190
80,0,9.0010,0.0130
55,0,9.0150,0.0140
80,0,9.0320,0.0170
112,3,9.0470,0.0150
80,3,9.0620,0.0150
22,0,9.1780,0.1160
22,0,9.1940,0.0160
356,0,9.2680,0.0740
444,0,9.2980,0.0300
356,0,9.3450,0.0470
33,0,9.3750,0.0300
22,0,9.4060,0.0310
22,0,9.4210,0.0150
22,0,9.4400,0.0190
282,0,9.4540,0.0140
33,0,9.4690,0.0150
22,0,9.5320,0.0630
453,0,9.5480,0.0160
72,0,9.5630,0.0150
453,0,9.5800,0.0170
453,0,9.5940,0.0140
61,0,9.6720,0.0780
24,0,9.7050,0.0330
22,0,9.7370,0.0320
416,0,9.7520,0.0150
192,0,9.7830,0.0310
192,0,9.7980,0.0150
416,0,9.8470,0.0490
453,0,9.8770,0.0300
416,0,9.8910,0.0140
453,0,9.9690,0.0780
453,0,10.0010,0.0320
61,0,10.0170,0.0160
51,0,10.0450,0.0280
15,0,10.0470,0.0020
4,0,10.0620,0.0150
4,0,10.0950,0.0330
61,0,10.1570,0.0620
24,0,10.1870,0.0300
24,0,10.2040,0.0170
5254,0,10.4220,0.2180
8,0,10.4370,0.0150
5254,0,10.4690,0.0320
5254,0,10.5000,0.0310
5254,0,10.5340,0.0340
5254,0,10.5620,0.0280
5254,0,10.5940,0.0320
5254,0,10.6250,0.0310
5254,0,10.6400,0.0150
5254,0,10.6720,0.0320
5254,0,10.7030,0.0310
5254,0,10.7190,0.0160
5254,0,10.7500,0.0310
5254,0,10.7810,0.0310
5254,0,10.8280,0.0470
5254,0,10.8440,0.0160
5254,0,10.8590,0.0150
5254,0,10.8910,0.0320
5254,0,10.9210,0.0300
5254,0,10.9370,0.0160
5254,0,10.9680,0.0310
5254,0,11.0160,0.0480
5254,0,11.0470,0.0310
5254,0,11.0940,0.0470
5254,0,11.1090,0.0150
5254,0,11.1410,0.0320
5254,0,11.1560,0.0150
5254,0,11.1880,0.0320
5254,0,11.2180,0.0300
5254,0,11.2340,0.0160
5254,0,11.2660,0.0320
5254,0,11.3170,0.0510
5254,0,11.3450,0.0280
5254,0,11.3590,0.0140
5254,0,11.3900,0.0310
5254,0,11.4210,0.0310
5254,0,11.4370,0.0160
5254,0,11.4680,0.0310
5254,0,11.5020,0.0340
5254,0,11.5190,0.0170
5254,0,11.5490,0.0300
5254,0,11.5810,0.0320
5254,0,11.6010,0.0200
5254,0,11.6250,0.0240
5254,0,11.6400,0.0150
5254,0,11.6730,0.0330
5254,0,11.7040,0.0310
5254,0,11.7190,0.0150
5254,0,11.7530,0.0340
5254,0,11.7660,0.0130
5254,0,11.8000,0.0340
5254,0,11.8310,0.0310
5254,0,11.8440,0.0130
5254,0,11.8770,0.0330
5254,0,11.9070,0.0300
5254,0,11.9240,0.0170
5254,0,11.9540,0.0300
5254,0,11.9840,0.0300
5254,0,12.0160,0.0320
5254,0,12.0470,0.0310
5254,0,12.0780,0.0310
5254,0,12.1100,0.0320
5254,0,12.1380,0.0280
5254,0,12.1600,0.0220
5254,0,12.1870,0.0270
5254,0,12.2030,0.0160
5254,0,12.2350,0.0320
5254,0,12.2520,0.0170
5254,0,12.2820,0.0300
5254,0,12.3140,0.0320
5254,0,12.3290,0.0150
5254,0,12.3600,0.0310
5254,0,12.3760,0.0160
5254,0,12.4070,0.0310
5254,0,12.4390,0.0320
5254,0,12.4710,0.0320
5254,0,12.4860,0.0150
5254,0,12.5180,0.0320
5254,0,12.5490,0.0310
5254,0,12.5660,0.0170
5254,0,12.5960,0.0300
5254,0,12.6250,0.0290
5254,0,12.6430,0.0180
5254,0,12.7190,0.0760
5254,0,12.7690,0.0500
5254,0,12.7970,0.0280
5254,0,12.8120,0.0150
5254,0,12.8440,0.0320
5254,0,12.8920,0.0480
5254,0,12.9210,0.0290
5254,0,12.9680,0.0470
5254,0,13.0030,0.0350
5254,0,13.0310,0.0280
5254,0,13.0620,0.0310
5254,0,13.0930,0.0310
5254,0,13.1130,0.0200
5254,0,13.1420,0.0290
5254,0,13.1640,0.0220
5254,0,13.1900,0.0260
5254,0,13.2290,0.0390
5254,0,13.2660,0.0370
5254,0,13.3180,0.0520
5254,0,13.3440,0.0260
5254,0,13.3740,0.0300
5254,0,13.3950,0.0210
5254,0,13.4230,0.0280
5254,0,13.4560,0.0330
5254,0,13.4710,0.0150
5254,0,13.5020,0.0310
5254,0,13.5330,0.0310
5254,0,13.5480,0.0150
5254,0,13.5820,0.0340
5254,0,13.5940,0.0120
5254,0,13.6270,0.0330
5254,0,13.6570,0.0300
5254,0,13.6720,0.0150
5254,0,13.7190,0.0470
5254,0,13.7530,0.0340
5254,0,13.7860,0.0330
5254,0,13.8130,0.0270
5254,0,13.8460,0.0330
5254,0,13.8610,0.0150
5254,0,13.8900,0.0290
5254,0,13.9220,0.0320
5254,0,13.9570,0.0350
5254,0,13.9690,0.0120
5254,0,14.0010,0.0320
5254,0,14.0340,0.0330
5254,0,14.0500,0.0160
5254,0,14.0790,0.0290
5254,0,14.1110,0.0320
5254,0,14.1280,0.0170
5254,0,14.1580,0.0300
5254,0,14.1900,0.0320
5254,0,14.2190,0.0290
5254,0,14.2510,0.0320
5254,0,14.2810,0.0300
5254,0,14.2980,0.0170
5254,0,14.3280,0.0300
5254,0,14.3600,0.0320
5254,0,14.3790,0.0190
5254,0,14.4100,0.0310
5254,0,14.4220,0.0120
5254,0,14.4550,0.0330
5254,0,14.4860,0.0310
5254,0,14.5120,0.0260
5254,0,14.5310,0.0190
5254,0,14.5620,0.0310
5254,0,14.5940,0.0320
5254,0,14.6250,0.0310
5254,0,14.6560,0.0310
5254,0,14.6720,0.0160
5254,0,14.7030,0.0310
5254,0,14.7360,0.0330
5254,0,14.7680,0.0320
5254,0,14.7980,0.0300
5254,0,14.8300,0.0320
5254,0,14.8650,0.0350
39,0,14.8930,0.0280
51,0,14.9090,0.0160
5254,0,14.9390,0.0300
5254,0,14.9720,0.0330
5254,0,15.0010,0.0290
5254,0,15.0170,0.0160
5254,0,15.0330,0.0160
5254,0,15.0630,0.0300
5254,0,15.0790,0.0160
5254,0,15.0970,0.0180
5254,0,15.1120,0.0150
5254,0,15.1410,0.0290
5254,0,15.1580,0.0170
30,0,15.1800,0.0220
30,0,15.2030,0.0230
22,0,15.2190,0.0160
23,0,15.2350,0.0160
24,0,15.3120,0.0770
61,0,15.3300,0.0180
22,0,15.3590,0.0290
23,0,15.3750,0.0160
40,0,15.3900,0.0150
80,2,15.4070,0.0170
369,0,15.4270,0.0200
80,3,15.4370,0.0100
22,0,15.5210,0.0840
453,0,15.5320,0.0110
4151,0,15.6750,0.1430
80,0,15.6900,0.0150
25,0,15.7070,0.0170
416,0,15.7360,0.0290
340,0,15.7520,0.0160
416,0,15.8000,0.0480
453,0,15.8300,0.0300
453,0,15.8480,0.0180
72,0,15.9710,0.1230
54,0,15.9870,0.0160
453,0,16.0170,0.0300
453,0,16.0320,0.0150
416,0,16.0470,0.0150
22,0,16.0670,0.0200
14,0,16.0790,0.0120
80,0,16.2210,0.1420
15,0,16.2350,0.0140
80,0,16.3300,0.0950
42,0,16.3450,0.0150
91,0,16.3620,0.0170
15,0,16.3750,0.0130
15,0,16.4060,0.0310
15,0,16.4720,0.0660
80,0,16.4840,0.0120
4275,0,16.5120,0.0280
4275,0,16.5180,0.0060
80,0,16.5470,0.0290
96,0,16.5820,0.0350
15,0,16.5910,0.0090
61,0,16.7030,0.1120
61,0,16.7220,0.0190
80,0,16.7350,0.0130
18,0,16.8300,0.0950
201,0,16.8460,0.0160
18,0,16.8590,0.0130
18,0,16.8750,0.0160
453,0,16.8940,0.0190
33,0,16.9700,0.0760
33,0,16.9850,0.0150
23,0,17.0000,0.0150
25,0,17.0500,0.0500
73,0,17.0630,0.0130
140,0,17.0970,0.0340
33,0,17.1260,0.0290
76,0,17.1410,0.0150
85,0,17.1570,0.0160
15,0,17.1930,0.0360
35,0,17.2030,0.0100
51,0,17.2360,0.0330
17,0,17.2970,0.0610
6,0,17.3120,0.0150
42,0,17.3440,0.0320
76,0,17.3600,0.0160
340,0,17.4060,0.0460
85,0,17.4400,0.0340
15,0,17.5510,0.1110
58,0,17.5780,0.0270
82,0,17.5850,0.0070
15,0,17.5970,0.0120
4,0,17.6160,0.0190
25,0,18.4890,0.8730
61,0,18.4980,0.0090
33,0,18.5090,0.0110
25,0,19.2090,0.7000
51,0,19.2200,0.0110
39,0,19.2300,0.0100
51,0,19.2500,0.0200
51,0,19.2580,0.0080
323,0,19.2700,0.0120
4,0,19.2800,0.0100
323,0,19.2900,0.0100
4,0,19.3130,0.0230
323,0,19.3200,0.0070
15,0,19.3370,0.0170
30,0,19.3410,0.0040
215,0,19.3580,0.0170
15,0,19.3630,0.0050
44,0,19.4060,0.0430
15,0,19.4850,0.0790
15,0,19.5080,0.0230
13,0,19.5120,0.0040
15,0,19.5620,0.0500
13,0,19.5730,0.0110
13,0,19.6460,0.0730
15,0,19.6790,0.0330
15,0,19.6870,0.0080
15,0,19.6990,0.0120
15,0,19.7040,0.0050
15,0,19.7240,0.0200
15,0,19.7290,0.0050
13,0,19.8000,0.0710
4275,0,19.8120,0.0120
42,0,19.8200,0.0080
15,0,19.8300,0.0100
13,0,19.8650,0.0350
15,0,19.8990,0.0340
15,0,19.9070,0.0080
18,0,19.9100,0.0030
13,0,19.9180,0.0080
15,0,20.0140,0.0960
15,0,20.0200,0.0060
15,0,20.0550,0.0350
15,0,20.1000,0.0450
15,0,20.1230,0.0230
15,0,20.1370,0.0140
