SysID,Thread ID,time,inetrval
416,0,0.1750,0.1750
24,0,0.2490,0.0740
24,0,0.5160,0.2670
73,0,0.6410,0.1250
18,0,0.7650,0.1240
23,0,0.7860,0.0210
23,0,0.8120,0.0260
24,0,0.9070,0.0950
24,0,0.9520,0.0450
18,0,0.9840,0.0320
24,0,1.0190,0.0350
180,0,1.0670,0.0480
54,0,1.0810,0.0140
80,0,1.4690,0.3880
80,0,1.4900,0.0210
80,0,1.4990,0.0090
18,0,1.5360,0.0370
18,0,1.5610,0.0250
15,0,1.5810,0.0200
37,0,1.7500,0.1690
55,0,1.7800,0.0300
61,0,1.8120,0.0320
51,0,1.8440,0.0320
40,0,1.8590,0.0150
49,0,1.9050,0.0460
80,0,1.9360,0.0310
347,0,1.9680,0.0320
80,0,2.0620,0.0940
80,0,2.2330,0.1710
76,0,2.2810,0.0480
416,0,2.2970,0.0160
453,0,2.3280,0.0310
453,0,2.3580,0.0300
453,0,2.3750,0.0170
18,0,2.4680,0.0930
453,0,2.4990,0.0310
453,0,2.5310,0.0320
24,0,2.5500,0.0190
80,0,2.5960,0.0460
453,0,2.6160,0.0200
453,0,2.6240,0.0080
18,0,2.6550,0.0310
51,0,2.7960,0.1410
15,0,2.8120,0.0160
51,0,2.8430,0.0310
51,0,2.8590,0.0160
24,0,2.9050,0.0460
24,0,2.9370,0.0320
85,0,2.9560,0.0190
17,0,2.9680,0.0120
54,0,3.0330,0.0650
340,0,3.0480,0.0150
356,0,3.1100,0.0620
453,0,3.2490,0.1390
15,0,3.2660,0.0170
38,0,3.2830,0.0170
297,0,3.2980,0.0150
15,0,3.3130,0.0150
85,0,3.3280,0.0150
33,0,3.3600,0.0320
76,0,3.3760,0.0160
85,0,3.3890,0.0130
293,0,3.4380,0.0490
24,0,3.4680,0.0300
15,0,3.6870,0.2190
37,0,3.7980,0.1110
354,0,3.8280,0.0300
196,0,3.8440,0.0160
417,0,3.8620,0.0180
80,0,3.8760,0.0140
18,0,3.9230,0.0470
51,0,3.9380,0.0150
369,0,4.0190,0.0810
67,2,4.0300,0.0110
55,0,4.0460,0.0160
40,0,4.0770,0.0310
80,0,4.0940,0.0170
61,2,4.1400,0.0460
80,0,4.1560,0.0160
40,2,4.1710,0.0150
49,0,4.2030,0.0320
466,0,4.2180,0.0150
466,2,4.2500,0.0320
369,0,4.2800,0.0300
67,3,4.2960,0.0160
15,0,4.3120,0.0160
469,3,4.3430,0.0310
55,0,4.3610,0.0180
112,0,4.3710,0.0100
24,3,4.3740,0.0030
369,2,4.4220,0.0480
67,4,4.4680,0.0460
80,4,4.4890,0.0210
28,3,4.4990,0.0100
469,3,4.5150,0.0160
49,0,4.5310,0.0160
80,2,4.5590,0.0280
49,0,4.5610,0.0020
112,0,4.5780,0.0170
14,4,4.5970,0.0190
49,0,4.6090,0.0120
49,0,4.6400,0.0310
469,4,4.6720,0.0320
49,0,4.6870,0.0150
80,4,4.7020,0.0150
24,0,4.7020,0.0150
80,4,4.7190,0.0170
24,4,4.7340,0.0150
55,4,4.7490,0.0150
80,4,4.7800,0.0310
40,0,4.7800,0.0310
49,0,4.7970,0.0170
356,2,4.8120,0.0150
18,2,4.8430,0.0310
80,4,4.8580,0.0150
40,4,4.8810,0.0230
40,4,4.8810,0.0230
49,4,4.9180,0.0370
49,0,4.9210,0.0030
80,0,4.9500,0.0290
80,4,4.9520,0.0020
49,4,4.9690,0.0170
369,0,4.9830,0.0140
80,2,5.0010,0.0180
80,2,5.0010,0.0180
40,0,5.0130,0.0120
15,2,5.0150,0.0020
469,4,5.0320,0.0170
51,0,5.0940,0.0620
76,0,5.1270,0.0330
76,0,5.1400,0.0130
76,0,5.1570,0.0170
76,0,5.1720,0.0150
51,0,5.1880,0.0160
76,0,5.2030,0.0150
76,0,5.2200,0.0170
416,0,5.2340,0.0140
24,0,5.2510,0.0170
73,0,5.2990,0.0480
24,0,5.4110,0.1120
24,0,5.4220,0.0110
35,0,5.4380,0.0160
416,0,5.4870,0.0490
340,0,5.5010,0.0140
35,0,5.6090,0.1080
35,0,5.6400,0.0310
35,0,5.6560,0.0160
35,0,5.6720,0.0160
35,0,5.6920,0.0200
73,0,5.7430,0.0510
24,0,5.7490,0.0060
24,0,5.8740,0.1250
35,0,5.9080,0.0340
25,0,5.9310,0.0230
61,0,5.9380,0.0070
51,0,5.9710,0.0330
51,0,5.9990,0.0280
35,0,6.0680,0.0690
416,0,6.0950,0.0270
416,0,6.1190,0.0240
453,0,6.1240,0.0050
453,0,6.1470,0.0230
72,0,6.1610,0.0140
51,0,6.1870,0.0260
35,0,6.2060,0.0190
453,0,6.2800,0.0740
453,0,6.4530,0.1730
453,0,6.4840,0.0310
453,0,6.5000,0.0160
416,0,6.5150,0.0150
35,0,6.5360,0.0210
35,0,6.5620,0.0260
73,0,6.6130,0.0510
73,0,6.6250,0.0120
24,0,6.6410,0.0160
35,0,6.6860,0.0450
24,0,6.7330,0.0470
416,0,6.7840,0.0510
35,0,6.8740,0.0900
35,0,6.8890,0.0150
35,0,6.9100,0.0210
24,0,7.0010,0.0910
24,0,7.2350,0.2340
416,0,7.3280,0.0930
35,0,7.3600,0.0320
35,0,7.3750,0.0150
289,0,7.4530,0.0780
22,0,7.4690,0.0160
23,0,7.4990,0.0300
28,0,7.5160,0.0170
22,0,7.5310,0.0150
35,0,7.5930,0.0620
35,0,7.6130,0.0200
444,0,7.6240,0.0110
356,0,7.6480,0.0240
35,0,7.6570,0.0090
35,0,7.6860,0.0290
33,0,7.7190,0.0330
22,0,7.7530,0.0340
18,0,7.7720,0.0190
22,0,7.7850,0.0130
72,0,7.8030,0.0180
36,0,7.8180,0.0150
22,0,7.8340,0.0160
35,0,7.8590,0.0250
22,0,7.8900,0.0310
72,0,7.9210,0.0310
453,0,7.9530,0.0320
35,0,7.9830,0.0300
37,0,8.0320,0.0490
80,0,8.0500,0.0180
140,0,8.0640,0.0140
25,0,8.0950,0.0310
18,0,8.1260,0.0310
18,0,8.1550,0.0290
4834,0,8.1860,0.0310
80,0,8.2180,0.0320
35,0,8.3600,0.1420
37,0,8.3770,0.0170
5169,0,8.3910,0.0140
0,0,8.4380,0.0470
25,0,8.4530,0.0150
15,0,8.4700,0.0170
5349,0,8.4850,0.0150
416,0,8.5000,0.0150
416,0,8.5480,0.0480
25,0,8.5630,0.0150
35,0,8.5960,0.0330
22,0,8.6410,0.0450
4151,0,8.7800,0.1390
54,0,8.8110,0.0310
22,0,8.8750,0.0640
35,0,8.9100,0.0350
80,0,8.9260,0.0160
80,0,8.9410,0.0150
22,0,8.9590,0.0180
80,0,8.9740,0.0150
35,0,8.9880,0.0140
50,0,9.0140,0.0260
80,0,9.0390,0.0250
24,0,9.0460,0.0070
80,0,9.1240,0.0780
61,0,9.1440,0.0200
22,0,9.1580,0.0140
51,0,9.1890,0.0310
22,0,9.2180,0.0290
76,0,9.2370,0.0190
35,0,9.2570,0.0200
35,0,9.2650,0.0080
35,0,9.2860,0.0210
35,0,9.2970,0.0110
73,0,9.3490,0.0520
35,0,9.3910,0.0420
24,0,9.4540,0.0630
24,0,9.4830,0.0290
35,0,9.5460,0.0630
35,0,9.5760,0.0300
35,0,9.5770,0.0010
180,0,9.6090,0.0320
340,0,9.6410,0.0320
340,0,9.6720,0.0310
340,0,9.7010,0.0290
340,0,9.7020,0.0010
35,0,9.7330,0.0310
80,0,9.7900,0.0570
80,0,9.7990,0.0090
35,0,9.8300,0.0310
85,0,9.8900,0.0600
74,0,9.9110,0.0210
15,0,10.0370,0.1260
85,0,10.0480,0.0110
61,0,10.1140,0.0660
33,0,10.1640,0.0500
22,0,10.1730,0.0090
51,0,10.2340,0.0610
323,0,10.2960,0.0620
85,0,10.3610,0.0650
323,0,10.3850,0.0240
80,0,10.4090,0.0240
49,0,10.4180,0.0090
80,0,10.4220,0.0040
453,0,10.4710,0.0490
453,0,10.4800,0.0090
453,0,10.4830,0.0030
85,0,10.4990,0.0160
22,0,10.5170,0.0180
22,0,10.5380,0.0210
54,0,10.5460,0.0080
22,0,10.5650,0.0190
37,0,10.5820,0.0170
49,0,10.5930,0.0110
38,0,10.6240,0.0310
25,0,10.6570,0.0330
15,0,10.6790,0.0220
14,0,10.7170,0.0380
