SysID,Thread ID,time,inetrval
14,0,0.2320,0.2320
80,0,0.5430,0.3110
80,0,0.5460,0.0030
80,0,0.5620,0.0160
18,0,0.6250,0.0630
18,0,0.7200,0.0950
23,0,0.7380,0.0180
37,0,0.9070,0.1690
55,0,0.9520,0.0450
61,0,0.9840,0.0320
51,0,1.0080,0.0240
40,0,1.0150,0.0070
49,0,1.0770,0.0620
80,0,1.1060,0.0290
80,0,1.1090,0.0030
347,0,1.1280,0.0190
80,0,1.2360,0.1080
80,0,1.3900,0.1540
15,0,1.4080,0.0180
76,0,1.4530,0.0450
416,0,1.4850,0.0320
453,0,1.4990,0.0140
453,0,1.5530,0.0540
453,0,1.5770,0.0240
18,0,1.7120,0.1350
23,0,1.7180,0.0060
453,0,1.8180,0.1000
24,0,1.8270,0.0090
24,0,1.9060,0.0790
80,0,1.9390,0.0330
80,0,1.9670,0.0280
453,0,1.9680,0.0010
453,0,1.9960,0.0280
18,0,2.0150,0.0190
51,0,2.1710,0.1560
15,0,2.1870,0.0160
51,0,2.2030,0.0160
15,0,2.2180,0.0150
24,0,2.2960,0.0780
17,0,2.3180,0.0220
17,0,2.3270,0.0090
54,0,2.4220,0.0950
356,0,2.4990,0.0770
453,0,2.6250,0.1260
15,0,2.6470,0.0220
38,0,2.6720,0.0250
33,0,2.6880,0.0160
15,0,2.7050,0.0170
85,0,2.7180,0.0130
33,0,2.7510,0.0330
76,0,2.7800,0.0290
293,0,2.8450,0.0650
24,0,3.0460,0.2010
15,0,3.1090,0.0630
37,0,3.2190,0.1100
354,0,3.2340,0.0150
173,0,3.2490,0.0150
202,0,3.2650,0.0160
417,0,3.2800,0.0150
55,0,3.2960,0.0160
49,0,3.3120,0.0160
49,0,3.3310,0.0190
369,0,3.3600,0.0290
67,2,3.3740,0.0140
1,2,3.4050,0.0310
55,0,3.4220,0.0170
80,0,3.4530,0.0310
80,0,3.4860,0.0330
40,0,3.5140,0.0280
49,0,3.5310,0.0170
80,0,3.5460,0.0150
80,0,3.5470,0.0010
466,0,3.5780,0.0310
24,2,3.5970,0.0190
112,2,3.6270,0.0300
28,2,3.6570,0.0300
14,2,3.6710,0.0140
469,2,3.6870,0.0160
80,2,3.7030,0.0160
40,0,3.7650,0.0620
369,0,3.7810,0.0160
369,0,3.8280,0.0470
466,3,3.8430,0.0150
80,2,3.8600,0.0170
49,0,3.8760,0.0160
49,0,3.8940,0.0180
24,0,3.9110,0.0170
49,0,3.9230,0.0120
49,0,3.9370,0.0140
80,3,3.9590,0.0220
55,0,3.9680,0.0090
369,0,3.9900,0.0220
80,3,3.9990,0.0090
18,0,4.0320,0.0330
80,4,4.0470,0.0150
14,4,4.0620,0.01500
inetrval
        
24,0,4.0970,0.0350
369,0,4.1120,0.0150
51,4,4.1400,0.0280
356,0,4.1550,0.0150
356,0,4.1720,0.0170
18,0,4.2030,0.0310
24,0,4.2180,0.0150
61,0,4.2650,0.0470
51,0,4.2810,0.0160
14,4,4.2960,0.0150
51,0,4.3280,0.0320
76,0,4.3490,0.0210
51,0,4.3610,0.0120
51,0,4.3920,0.0310
76,0,4.4090,0.0170
76,0,4.4230,0.0140
76,0,4.4390,0.0160
416,0,4.4540,0.0150
24,0,4.5020,0.0480
24,0,4.5180,0.0160
73,0,4.6870,0.1690
73,0,4.7030,0.0160
18,0,4.8450,0.1420
23,0,4.8780,0.0330
24,0,4.9220,0.0440
35,0,4.9540,0.0320
416,0,5.0170,0.0630
416,0,5.0400,0.0230
453,0,5.0500,0.0100
25,0,5.0630,0.0130
72,0,5.0810,0.0180
51,0,5.0960,0.0150
7,0,5.1120,0.0160
416,0,5.1250,0.0130
453,0,5.1880,0.0630
24,0,5.2830,0.0950
453,0,5.3590,0.0760
416,0,5.3750,0.0160
453,0,5.4140,0.0390
453,0,5.4250,0.0110
35,0,5.5180,0.0930
35,0,5.5480,0.0300
35,0,5.5650,0.0170
35,0,5.5810,0.0160
24,0,5.6130,0.0320
73,0,5.6320,0.0190
73,0,5.6410,0.0090
35,0,5.6980,0.0570
24,0,5.7500,0.0520
416,0,5.7820,0.0320
35,0,5.8800,0.0980
35,0,5.8940,0.0140
416,0,6.2970,0.4030
54,0,6.3130,0.0160
140,0,6.3440,0.0310
25,0,6.3600,0.0160
18,0,6.3760,0.0160
18,0,6.3910,0.0150
18,0,6.4370,0.0460
18,0,6.4530,0.0160
37,0,6.4690,0.0160
80,0,6.5000,0.0310
247,0,6.6090,0.1090
33,0,6.6590,0.0500
18,0,6.6750,0.0160
19,0,6.7510,0.0760
18,0,6.7670,0.0160
23,0,6.7840,0.0170
15,0,6.7980,0.0140
18,0,6.8130,0.0150
35,0,7.0940,0.2810
35,0,7.1140,0.0200
4101,0,7.1250,0.0110
37,0,7.1410,0.0160
297,0,7.1590,0.0180
0,0,7.2050,0.0460
25,0,7.2210,0.0160
289,0,7.2360,0.0150
22,0,7.2510,0.0150
23,0,7.2830,0.0320
28,0,7.2970,0.0140
5,0,7.3160,0.0190
5349,0,7.3460,0.0300
416,0,7.4090,0.0630
35,0,7.4250,0.0160
4151,0,7.4530,0.0280
4151,0,7.4710,0.0180
51,0,7.5930,0.1220
33,0,7.6110,0.0180
18,0,7.6410,0.0300
17,0,7.6570,0.0160
140,0,7.6880,0.0310
42,0,7.7030,0.0150
105,0,7.7340,0.0310
4162,0,7.7510,0.0170
35,0,7.7680,0.0170
35,0,7.7840,0.0160
14,0,7.8160,0.0320
417,0,7.8360,0.0200
35,0,7.8660,0.0300
35,0,7.8690,0.0030
21,0,7.9540,0.0850
21,0,7.9700,0.0160
72,0,7.9870,0.0170
51,0,8.0490,0.0620
340,0,8.0670,0.0180
21,0,8.0830,0.0160
33,0,8.1000,0.0170
33,0,8.1140,0.0140
18,0,8.1290,0.0150
24,0,8.1410,0.0120
23,0,8.1670,0.0260
18,0,8.1730,0.0060
18,0,8.2040,0.0310
23,0,8.2540,0.0500
85,0,8.2980,0.0440
74,0,8.3130,0.0150
18,0,8.3300,0.0170
23,0,8.3450,0.0150
21,0,8.3930,0.0480
21,0,8.4060,0.0130
4,0,8.4520,0.0460
80,0,8.5150,0.0630
51,0,8.5310,0.0160
85,0,8.5460,0.0150
15,0,8.5620,0.0160
85,0,8.5770,0.0150
51,0,8.6110,0.0340
73,0,8.6240,0.0130
51,0,8.6550,0.0310
51,0,8.6710,0.0160
17,0,8.6870,0.0160
15,0,8.7030,0.0160
37,0,8.7340,0.0310
61,0,8.7500,0.0160
49,0,8.7680,0.0180
369,0,8.7840,0.0160
80,4,8.7960,0.0120
15,0,8.8120,0.0160
55,2,8.8270,0.0150
466,2,8.8430,0.0160
80,4,8.8630,0.0200
22,0,8.9550,0.0920
22,0,8.9780,0.0230
356,0,9.0490,0.0710
444,0,9.0770,0.0280
356,0,9.1400,0.0630
33,0,9.1710,0.0310
289,0,9.1980,0.0270
22,0,9.2040,0.0060
22,0,9.2360,0.0320
36,0,9.2560,0.0200
22,0,9.2700,0.0140
22,0,9.3170,0.0470
453,0,9.3290,0.0120
72,0,9.3490,0.0200
64,0,9.3610,0.0120
453,0,9.3830,0.0220
453,0,9.3900,0.0070
61,0,9.4470,0.0570
74,0,9.4550,0.0080
22,0,9.4850,0.0300
416,0,9.5090,0.0240
192,0,9.5510,0.0420
192,0,9.5660,0.0150
416,0,9.5770,0.0110
416,0,9.6410,0.0640
453,0,9.6870,0.0460
416,0,9.7060,0.0190
453,0,9.7670,0.0610
416,0,9.7800,0.0130
453,0,9.8060,0.0260
14,0,9.8140,0.0080
51,0,9.8330,0.0190
5125,0,9.8480,0.0150
4156,0,9.8640,0.0160
80,0,9.8810,0.0170
80,0,9.8920,0.0110
4188,0,9.9250,0.0330
4328,0,9.9740,0.0490
24,0,9.9830,0.0090
4211,0,10.0030,0.0200
4,0,10.0200,0.0170
4,0,10.0300,0.0100
24,0,10.0500,0.0200
24,0,10.0620,0.0120
4,0,10.0830,0.0210
4819,0,10.1250,0.0420
4802,0,10.1480,0.0230
4200,0,10.1600,0.0120
4131,0,10.1950,0.0350
80,0,10.2060,0.0110
4258,0,10.2580,0.0520
4212,0,10.2650,0.0070
4158,0,10.2880,0.0230
4264,0,10.3000,0.0120
4212,0,10.3240,0.0240
4242,0,10.3490,0.0250
4251,0,10.3620,0.0130
5,0,10.3830,0.0210
4103,0,10.3940,0.0110
18,0,10.4530,0.0590
51,0,10.4790,0.0260
35,0,10.4860,0.0070
35,0,10.5070,0.0210
4101,0,10.5210,0.0140
4258,0,10.5620,0.0410
4212,0,10.5870,0.0250
4264,0,10.5950,0.0080
4,0,10.6210,0.0260
4158,0,10.6410,0.0200
4264,0,10.6600,0.0190
4212,0,10.6770,0.0170
5230,0,10.6930,0.0160
5412,0,10.7420,0.0490
4103,0,10.7550,0.0130
37,0,10.7700,0.0150
74,0,10.7770,0.0070
49,0,10.7810,0.0040
453,0,10.8350,0.0540
24,0,10.8440,0.0090
14,0,10.8760,0.0320
80,0,10.9050,0.0290
4166,0,10.9340,0.0290
4162,0,10.9370,0.0030
5225,0,10.9520,0.0150
4211,0,10.9680,0.0160
5292,0,10.9850,0.0170
4131,0,11.0000,0.0150
4103,0,11.0330,0.0330
4258,0,11.0630,0.0300
5230,0,11.0810,0.0180
4103,0,11.0900,0.0090
5,0,11.0930,0.0030
4212,0,11.1090,0.0160
4162,0,11.1240,0.0150
5,0,11.1400,0.0160
5412,0,11.1560,0.0160
4100,0,11.1710,0.0150
4106,0,11.2020,0.0310
5,0,11.2180,0.0160
5,0,11.2340,0.0160
4123,0,11.2490,0.0150
4106,0,11.2990,0.0500
4107,0,11.3190,0.0200
4171,0,11.3290,0.0100
4222,0,11.3450,0.0160
80,0,11.3620,0.0170
4107,0,11.3760,0.0140
4279,0,11.3920,0.0160
5292,0,11.4070,0.0150
4100,0,11.4270,0.0200
4100,0,11.4380,0.0110
194,0,11.4570,0.0190
4177,0,11.4680,0.0110
4187,0,11.5160,0.0480
5,0,11.5300,0.0140
5,0,11.5470,0.0170
14,5,11.5610,0.0140
4097,0,11.5770,0.0160
67,5,11.5770,0.0160
21,5,11.6090,0.0320
21,5,11.6230,0.0140
21,5,11.6240,0.0010
5292,0,11.6410,0.0170
4129,0,11.6570,0.0160
4,5,11.6740,0.0170
4,5,11.7070,0.0330
4112,5,11.7690,0.0620
61,5,11.7850,0.0160
24,5,11.8120,0.0270
24,5,11.8320,0.0200
5254,5,12.0150,0.1830
4103,5,12.0320,0.0170
4123,0,12.0520,0.0200
39,5,12.0960,0.0440
39,5,12.1100,0.0140
30,5,12.1290,0.0190
30,5,12.1420,0.0130
24,5,12.1610,0.0190
4103,5,12.1720,0.0110
4177,0,12.1930,0.0210
4100,0,12.1990,0.0060
5,0,12.2040,0.0050
5412,0,12.2210,0.0170
22,0,12.2490,0.0280
61,0,12.3160,0.0670
22,0,12.3580,0.0420
29,0,12.3590,0.0010
51,0,12.3820,0.0230
49,0,12.3900,0.0080
49,0,12.4060,0.0160
14,2,12.4210,0.0150
80,0,12.4210,0.0150
80,0,12.4370,0.0160
22,0,12.5190,0.0820
453,0,12.5320,0.0130
4151,0,12.6590,0.1270
80,0,12.6870,0.0280
416,0,12.7180,0.0310
340,0,12.7490,0.0310
416,0,12.7830,0.0340
453,0,12.8280,0.0450
453,0,12.8450,0.0170
72,0,12.9380,0.0930
416,0,12.9700,0.0320
453,0,13.0000,0.0300
22,0,13.0320,0.0320
14,0,13.0470,0.0150
80,0,13.1870,0.1400
15,0,13.2020,0.0150
80,0,13.2960,0.0940
13,0,13.3120,0.0160
91,0,13.3320,0.0200
15,0,13.3390,0.0070
15,0,13.3630,0.0240
15,0,13.3740,0.0110
15,0,13.4370,0.0630
80,0,13.4520,0.0150
4275,0,13.4680,0.0160
15,0,13.4830,0.0150
80,0,13.4990,0.0160
96,0,13.5300,0.0310
61,0,13.6400,0.1100
61,0,13.6550,0.0150
80,0,13.6710,0.0160
18,0,13.7540,0.0830
201,0,13.7670,0.0130
18,0,13.7840,0.0170
33,0,13.7970,0.0130
453,0,13.8150,0.0180
33,0,13.8790,0.0640
23,0,13.8920,0.0130
18,0,13.9060,0.0140
76,0,13.9230,0.0170
25,0,13.9570,0.0340
140,0,14.0030,0.0460
33,0,14.0190,0.0160
85,0,14.0330,0.0140
61,0,14.0480,0.0150
40,0,14.0660,0.0180
35,0,14.0800,0.0140
51,0,14.0970,0.0170
17,0,14.1280,0.0310
42,0,14.1420,0.0140
33,0,14.1580,0.0160
340,0,14.2060,0.0480
85,0,14.2530,0.0470
15,0,14.3300,0.0770
28,0,14.3450,0.0150
15,0,14.3580,0.0130
4,0,14.3740,0.0160
