SysID,Thread ID,time,inetrval
14,0,0.2220,0.2220
80,0,0.5870,0.3650
80,0,0.5940,0.0070
18,0,0.6190,0.0250
33,0,0.6260,0.0070
18,0,0.6730,0.0470
18,0,0.7820,0.1090
37,0,0.9540,0.1720
55,0,1.0000,0.0460
61,0,1.0630,0.0630
40,0,1.1060,0.0430
49,0,1.1740,0.0680
80,0,1.1890,0.0150
80,0,1.2030,0.0140
347,0,1.2350,0.0320
80,0,1.3440,0.1090
80,0,1.5000,0.1560
15,0,1.5170,0.0170
76,0,1.5630,0.0460
416,0,1.5790,0.0160
453,0,1.6140,0.0350
453,0,1.6560,0.0420
453,0,1.6720,0.0160
18,0,1.8160,0.1440
15,0,1.8350,0.0190
453,0,2887.0920,2885.2570
453,0,2887.1550,0.0630
24,0,2887.2010,0.0460
24,0,2887.3100,0.1090
80,0,2887.3420,0.0320
80,0,2887.3580,0.0160
453,0,2887.3740,0.0160
453,0,2887.3890,0.0150
453,0,2887.4050,0.0160
18,0,2887.4670,0.0620
51,0,2887.6390,0.1720
15,0,2887.6560,0.0170
51,0,2887.6710,0.0150
51,0,2887.6970,0.0260
24,0,2887.7670,0.0700
17,0,2887.8040,0.0370
74,0,2887.8110,0.0070
54,0,2887.8730,0.0620
340,0,2887.9140,0.0410
356,0,2887.9840,0.0700
453,0,2888.1810,0.1970
15,0,2888.2010,0.0200
38,0,2888.2210,0.0200
297,0,2888.2320,0.0110
15,0,2888.2660,0.0340
85,0,2888.2800,0.0140
15,0,2888.3420,0.0620
85,0,2888.3710,0.0290
76,0,2888.3740,0.0030
15,0,2888.3920,0.0180
293,0,2888.4510,0.0590
24,0,2888.7640,0.3130
15,0,2888.8570,0.0930
37,0,2889.0150,0.1580
354,0,2889.0450,0.0300
196,0,2889.0610,0.0160
417,0,2889.0780,0.0170
80,0,2889.0920,0.0140
40,0,2889.1070,0.0150
49,0,2889.1240,0.0170
49,0,2889.1390,0.0150
369,0,2889.1710,0.0320
55,0,2889.1860,0.0150
49,0,2889.2010,0.0150
80,0,2889.2170,0.0160
55,0,2889.2330,0.0160
40,0,2889.2490,0.0160
49,0,2889.2800,0.0310
24,0,2889.3100,0.0300
18,0,2889.3580,0.0480
80,2,2889.3890,0.0310
466,0,2889.4200,0.0310
112,2,2889.4360,0.0160
369,0,2889.4520,0.0160
28,2,2889.4670,0.0150
67,3,2889.4830,0.0160
24,0,2889.4980,0.0150
1,3,2889.5450,0.0470
24,2,2889.5610,0.0160
40,0,2889.6230,0.0620
49,0,2889.6390,0.0160
469,2,2889.6610,0.0220
369,0,2889.6700,0.0090
466,2,2889.7330,0.0630
112,0,2889.7480,0.0150
49,0,2889.7940,0.0460
49,0,2889.8420,0.0480
55,0,2889.8580,0.0160
49,0,2889.9040,0.0460
49,0,2889.9360,0.0320
369,0,2889.9510,0.0150
80,2,2889.9720,0.0210
469,2,2889.9830,0.0110
14,3,2889.9980,0.0150
51,0,2890.0300,0.0320
24,0,2890.0630,0.0330
369,0,2890.0760,0.0130
51,3,2890.0920,0.0160
74,3,2890.1070,0.0150
40,3,2890.1240,0.0170
80,3,2890.1390,0.0150
80,3,2890.1560,0.0170
18,2,2890.1700,0.0140
369,3,2890.2660,0.0960
49,2,2890.2920,0.026067,4,2890.2920,0.0260

15,3,2890.2920,0.0260
15,3,2890.2920,0.0260
7,4,2890.2920,0.0260

80,3,2890.2950,0.0030
369,2,2890.3110,0.0160
51,0,2890.4040,0.0930
76,0,2890.4230,0.0190
51,0,2890.4540,0.0310
76,0,2890.4670,0.0130
76,0,2890.4840,0.0170
76,0,2890.4980,0.0140
416,0,2890.5170,0.0190
416,0,2890.5300,0.0130
24,0,2890.5770,0.0470
30,0,2890.5950,0.0180
73,0,2890.7320,0.1370
24,0,2890.7480,0.0160
18,0,2890.9060,0.1580
23,0,2890.9400,0.0340
24,0,2890.9670,0.0270
24,0,2890.9980,0.0310
35,0,2891.0200,0.0220
416,0,2891.0630,0.0430
416,0,2891.0930,0.0300
453,0,2891.1140,0.0210
25,0,2891.1230,0.0090
72,0,2891.1490,0.0260
51,0,2891.1560,0.0070
7,0,2891.1780,0.0220
416,0,2891.1880,0.0100
453,0,2891.2660,0.0780
24,0,2891.3750,0.1090
453,0,2891.4400,0.0650
416,0,2891.4530,0.0130
453,0,2891.4830,0.0300
453,0,2891.5000,0.0170
35,0,2891.5940,0.0940
35,0,2891.6250,0.0310
35,0,2891.6560,0.0310
35,0,2891.6780,0.0220
73,0,2891.7240,0.0460
35,0,2891.7850,0.0610
24,0,2891.8270,0.0420
24,0,2891.8600,0.0330
416,0,2891.8740,0.0140
35,0,2891.9700,0.0960
35,0,2891.9860,0.0160
35,0,2891.9980,0.0120
24,0,2892.4240,0.4260
416,0,2892.4430,0.0190
54,0,2892.4660,0.0230
80,0,2892.4670,0.0010
140,0,2892.4860,0.0190
25,0,2892.5170,0.0310
18,0,2892.5310,0.0140
18,0,2892.5460,0.0150
18,0,2892.5760,0.0300
18,0,2892.5920,0.0160
15,0,2892.6090,0.0170
80,0,2892.6390,0.0300
247,0,2892.7490,0.1100
247,0,2892.7630,0.0140
33,0,2892.8110,0.0480
18,0,2892.8260,0.0150
19,0,2892.8410,0.0150
19,0,2892.9080,0.0670
15,0,2892.9180,0.0100
18,0,2892.9200,0.0020
23,0,2892.9450,0.0250
15,0,2892.9680,0.0230
24,0,2893.0640,0.0960
35,0,2893.2720,0.2080
4101,0,2893.2820,0.0100
4224,0,2893.3020,0.0200
66,0,2893.3150,0.0130
0,0,2893.3460,0.0310
15,0,2893.3640,0.0180
289,0,2893.3780,0.0140
22,0,2893.4050,0.0270
23,0,2893.4370,0.0320
28,0,2893.4510,0.0140
18,0,2893.4680,0.0170
5349,0,2893.4850,0.0170
416,0,2893.5460,0.0610
25,0,2893.5610,0.0150
4151,0,2893.6070,0.0460
453,0,2893.6230,0.0160
51,0,2893.7180,0.0950
18,0,2893.7510,0.0330
73,0,2893.7730,0.0220
140,0,2893.8030,0.0300
15,0,2893.8120,0.0090
105,0,2893.8470,0.0350
4162,0,2893.8760,0.0290
25,0,2893.8940,0.0180
14,0,2893.9060,0.0120
417,0,2893.9400,0.0340
35,0,2893.9730,0.0330
21,0,2894.0490,0.0760
21,0,2894.0780,0.0290
51,0,2894.1420,0.0640
340,0,2894.1720,0.0300
21,0,2894.1940,0.0220
33,0,2894.2020,0.0080
18,0,2894.2260,0.0240
72,0,2894.2360,0.0100
23,0,2894.2640,0.0280
18,0,2894.3170,0.0530
23,0,2894.3560,0.0390
85,0,2894.4050,0.0490
74,0,2894.4230,0.0180
18,0,2894.4420,0.0190
23,0,2894.4560,0.0140
21,0,2894.5050,0.0490
21,0,2894.5190,0.0140
4,0,2894.5620,0.0430
80,0,2894.6230,0.0610
85,0,2894.6550,0.0320
85,0,2894.6700,0.0150
51,0,2894.7210,0.0510
51,0,2894.7500,0.0290
51,0,2894.7830,0.0330
15,0,2894.8040,0.0210
51,0,2894.8140,0.0100
37,0,2894.8300,0.0160
55,0,2894.8470,0.0170
40,0,2894.8610,0.0140
49,0,2894.8730,0.0120
40,0,2894.8890,0.0160
55,0,2894.9050,0.0160
80,3,2894.9200,0.0150
112,3,2894.9350,0.0150
80,2,2894.9510,0.0160
22,0,2895.0470,0.0960
23,0,2895.0660,0.0190
356,0,2895.1390,0.0730
444,0,2895.1710,0.0320
444,0,2895.1860,0.0150
356,0,2895.2190,0.0330
33,0,2895.2650,0.0460
22,0,2895.2810,0.0160
22,0,2895.2950,0.0140
22,0,2895.3130,0.0180
22,0,2895.3260,0.0130
36,0,2895.3420,0.0160
22,0,2895.3600,0.0180
22,0,2895.4050,0.0450
453,0,2895.4220,0.0170
72,0,2895.4410,0.0190
64,0,2895.4540,0.0130
453,0,2895.4820,0.0280
61,0,2895.5500,0.0680
42,0,2895.5610,0.0110
22,0,2895.6110,0.0500
192,0,2895.6560,0.0450
192,0,2895.6710,0.0150
416,0,2895.7030,0.0320
453,0,2895.7490,0.0460
416,0,2895.7660,0.0170
453,0,2895.8430,0.0770
453,0,2895.8740,0.0310
61,0,2895.9000,0.0260
51,0,2895.9060,0.0060
5125,0,2895.9220,0.0160
4156,0,2895.9530,0.0310
80,0,2895.9830,0.0300
4188,0,2896.0010,0.0180
4328,0,2896.0450,0.0440
4211,0,2896.0840,0.0390
4,0,2896.0920,0.0080
4,0,2896.1100,0.0180
24,0,2896.1380,0.0280
4,0,2896.1580,0.0200
4,0,2896.1710,0.0130
4819,0,2896.2190,0.0480
4802,0,2896.2350,0.0160
4200,0,2896.2490,0.0140
4131,0,2896.2950,0.0460
4258,0,2896.3730,0.0780
4158,0,2896.4050,0.0320
4212,0,2896.4290,0.0240
4242,0,2896.4590,0.0300
4251,0,2896.4710,0.0120
4103,0,2896.4830,0.0120
5,0,2896.5070,0.0240
4192,0,2896.5140,0.0070
18,0,2896.5650,0.0510
51,0,2896.5910,0.0260
35,0,2896.6160,0.0250
35,0,2896.6270,0.0110
35,0,2896.6400,0.0130
4258,0,2896.7030,0.0630
4212,0,2896.7170,0.0140
4258,0,2896.7330,0.0160
4,0,2896.7490,0.0160
4158,0,2896.7640,0.0150
4264,0,2896.7950,0.0310
5230,0,2896.8120,0.0170
5412,0,2896.8610,0.0490
4103,0,2896.8800,0.0190
61,0,2896.8930,0.0130
369,0,2896.9040,0.0110
453,0,2896.9370,0.0330
24,0,2896.9610,0.0240
14,0,2897.0000,0.0390
4162,0,2897.0230,0.0230
4110,0,2897.0310,0.0080
4162,0,2897.0550,0.0240
5230,0,2897.0620,0.0070
4211,0,2897.0800,0.0180
5292,0,2897.0920,0.0120
4131,0,2897.1280,0.0360
4103,0,2897.1550,0.0270
4258,0,2897.1880,0.0330
4158,0,2897.2070,0.0190
5412,0,2897.2210,0.0140
4212,0,2897.2400,0.0190
4264,0,2897.2490,0.0090
4212,0,2897.2750,0.0260
4,0,2897.2800,0.0050
4100,0,2897.3050,0.0250
4106,0,2897.3310,0.0260
4787,0,2897.3460,0.0150
5,0,2897.3610,0.0150
4123,0,2897.3780,0.0170
4111,0,2897.3950,0.0170
4106,0,2897.4350,0.0400
4107,0,2897.4600,0.0250
4171,0,2897.4710,0.0110
4222,0,2897.4980,0.0270
80,0,2897.5280,0.0300
80,0,2897.5290,0.0010
4100,0,2897.5600,0.0310
4120,0,2897.5830,0.0230
194,0,2897.5940,0.0110
4177,0,2897.6210,0.0270
4187,0,2897.6690,0.0480
5,0,2897.6700,0.0010
4097,0,2897.6870,0.0170
4097,0,2897.7320,0.0450
4,0,2897.7480,0.0160
4163,0,2897.7630,0.0150
21,5,2897.7880,0.0250
4108,0,2897.7950,0.0070
4,5,2897.8130,0.0180
4,5,2897.8430,0.0300
4112,5,2897.9060,0.0630
61,5,2897.9210,0.0150
24,5,2897.9550,0.0340
24,5,2897.9660,0.0110
5254,5,2898.2010,0.2350
4103,5,2898.2200,0.0190
4162,0,2898.2360,0.0160
5,0,2898.2490,0.0130
39,5,2898.2810,0.0320
4112,5,2898.3020,0.0210
5254,5,2898.3130,0.0110
30,5,2898.3260,0.0130
4103,5,2898.3570,0.0310
4096,0,2898.3770,0.0200
4177,0,2898.3850,0.0080
4100,0,2898.3890,0.0040
4123,0,2898.4040,0.0150
5,0,2898.4200,0.0160
22,0,2898.4360,0.0160
15,0,2898.4510,0.0150
61,0,2898.4980,0.0470
22,0,2898.5490,0.0510
29,0,2898.5590,0.0100
23,0,2898.5600,0.0010
37,0,2898.5760,0.0160
369,0,2898.5950,0.0190
80,0,2898.6060,0.0110
55,0,2898.6070,0.0010
369,0,2898.6230,0.0160
49,0,2898.6410,0.0180
80,0,2898.6520,0.0110
76,0,2898.6540,0.0020
22,0,2898.7170,0.0630
4151,0,2898.8610,0.1440
80,0,2898.8810,0.0200
54,0,2898.8900,0.0090
416,0,2898.9070,0.0170
85,0,2898.9210,0.0140
340,0,2898.9360,0.0150
416,0,2898.9720,0.0360
453,0,2899.0150,0.0430
453,0,2899.0450,0.0300
72,0,2899.1390,0.0940
453,0,2899.1950,0.0560
416,0,2899.2020,0.0070
22,0,2899.2320,0.0300
80,0,2899.4040,0.1720
15,0,2899.4240,0.0200
80,0,2899.5140,0.0900
80,0,2899.5310,0.0170
91,0,2899.5460,0.0150
15,0,2899.5650,0.0190
15,0,2899.5930,0.0280
15,0,2899.6700,0.0770
80,0,2899.6860,0.0160
15,0,2899.7050,0.0190
80,0,2899.7230,0.0180
14,0,2899.7330,0.0100
96,0,2899.7570,0.0240
15,0,2899.7630,0.0060
61,0,2899.8620,0.0990
61,0,2899.8730,0.0110
80,0,2899.8880,0.0150
18,0,2899.9670,0.0790
18,0,2900.0000,0.0330
18,0,2900.0240,0.0240
453,0,2900.0290,0.0050
33,0,2900.1070,0.0780
15,0,2900.1230,0.0160
18,0,2900.1390,0.0160
25,0,2900.1890,0.0500
140,0,2900.2320,0.0430
33,0,2900.2640,0.0320
85,0,2900.2950,0.0310
61,0,2900.3140,0.0190
85,0,2900.3300,0.0160
15,0,2900.3440,0.0140
51,0,2900.3730,0.0290
17,0,2900.4050,0.0320
42,0,2900.4240,0.0190
33,0,2900.4360,0.0120
340,0,2900.5000,0.0640
85,0,2900.5300,0.0300
15,0,2900.6230,0.0930
28,0,2900.6390,0.0160
15,0,2900.6590,0.0200
4,0,2900.6760,0.0170
25,0,2905.5310,4.8550
15,0,2905.5780,0.0470
15,0,2905.5790,0.0010
61,0,2905.6260,0.0470
61,0,2905.6420,0.0160
18,0,2905.6760,0.0340
453,0,2905.6790,0.0030
42,0,2905.6900,0.0110
51,0,2905.7010,0.0110
35,0,2905.7090,0.0080
35,0,2905.7130,0.0040
21,0,2905.7680,0.0550
4098,0,2905.7970,0.0290
4353,0,2905.8420,0.0450
4239,0,2905.8450,0.0030
4188,0,2905.8530,0.0080
80,0,2905.8550,0.0020
4819,0,2905.8640,0.0090
80,0,2905.8810,0.0170
4156,0,2905.9100,0.0290
4819,0,2905.9320,0.0220
4825,0,2905.9410,0.0090
4173,0,2905.9840,0.0430
4225,0,2905.9960,0.0120
80,0,2906.0090,0.0130
80,0,2906.0120,0.0030
4483,0,2906.0930,0.0810
37,0,2906.1750,0.0820
469,2,2906.1870,0.0120
14,0,2906.2180,0.0310
80,0,2906.3210,0.1030
4159,0,2906.3480,0.0270
4149,0,2906.4400,0.0920
4178,0,2906.4700,0.0300
4819,0,2906.5030,0.0330
4298,0,2906.5280,0.0250
4298,0,2906.5360,0.0080
4769,0,2906.5470,0.0110
22,0,2906.5650,0.0180
4106,0,2906.5790,0.0140
19,0,2906.6100,0.0310
4188,0,2906.6260,0.0160
19,0,2906.6480,0.0220
19,0,2906.6510,0.0030
19,0,2906.6610,0.0100
19,0,2906.6720,0.0110
4131,0,2906.6820,0.0100
19,0,2906.6840,0.0020
4298,0,2906.7360,0.0520
4,0,2906.8120,0.0760
15,0,2906.8550,0.0430
85,0,2906.8670,0.0120
17,0,2906.8720,0.0050
74,0,2906.8840,0.0120
4298,0,2906.9250,0.0410
4298,0,2906.9360,0.0110
356,0,2907.0130,0.0770
356,0,2907.0670,0.0540
180,0,2907.1840,0.1170
300,0,2907.2040,0.0200
300,0,2907.2160,0.0120
15,0,2907.2350,0.0190
30,0,2907.6050,0.3700
4787,0,2907.6510,0.0460
4781,0,2907.6670,0.0160
4328,0,2907.7550,0.0880
23,0,2907.8080,0.0530
23,0,2907.8230,0.0150
15,0,2907.8400,0.0170
50,0,2907.8550,0.0150
50,0,2907.8710,0.0160
4188,0,2907.8860,0.0150
22,0,2907.8910,0.0050
15,0,2907.8940,0.0030
4781,0,2908.2610,0.3670
24,0,2908.2690,0.0080
4159,0,2908.4150,0.1460
4159,0,2908.4490,0.0340
356,0,2908.4640,0.0150
356,0,2908.4790,0.0150
180,0,2908.5910,0.1120
4,0,2908.5960,0.0050
300,0,2908.6100,0.0140
15,0,2908.6210,0.0110
32,0,2908.6250,0.0040
4159,0,2908.7140,0.0890
4159,0,2908.7260,0.0120
4159,0,2908.7290,0.0030
4159,0,2908.7610,0.0320
4159,0,2908.7720,0.0110
4159,0,2908.7750,0.0030
4159,0,2908.7870,0.0120
4159,0,2908.7900,0.0030
4159,0,2908.8060,0.0160
4159,0,2908.8210,0.0150
4159,0,2908.8250,0.0040
4142,0,2908.8380,0.0130
4173,0,2908.8540,0.0160
4159,0,2908.8660,0.0120
4159,0,2908.8700,0.0040
4159,0,2908.8810,0.0110
4159,0,2908.8830,0.0020
4159,0,2908.8970,0.0140
4159,0,2908.9000,0.0030
4159,0,2908.9110,0.0110
4142,0,2908.9150,0.0040
4158,0,2908.9620,0.0470
4156,0,2908.9710,0.0090
4211,0,2908.9740,0.0030
4258,0,2908.9880,0.0140
5230,0,2909.0040,0.0160
4100,0,2909.0050,0.0010
4158,0,2909.0200,0.0150
51,0,2909.0310,0.0110
4158,0,2909.0490,0.0180
61,0,2909.0660,0.0170
4158,0,2909.0830,0.0170
35,0,2909.0970,0.0140
35,0,2909.1280,0.0310
4180,0,2909.1840,0.0560
4272,0,2909.2080,0.0240
4252,0,2909.2670,0.0590
4107,0,2909.2850,0.0180
4248,0,2909.2980,0.0130
4137,0,2909.3240,0.0260
4125,0,2909.3430,0.0190
4106,0,2909.3760,0.0330
4178,0,2909.3940,0.0180
4104,0,2909.4060,0.0120
5052,0,2909.4210,0.0150
4178,0,2909.4430,0.0220
4132,0,2909.4730,0.0300
5,0,2909.4840,0.0110
4177,0,2909.5000,0.0160
