SysID,Thread ID,time,inetrval
14,0,0.2340,0.2340
80,0,0.5360,0.3020
80,0,0.5500,0.0140
18,0,0.5630,0.0130
18,0,0.6410,0.0780
18,0,0.7350,0.0940
37,0,0.9090,0.1740
55,0,0.9260,0.0170
61,0,0.9550,0.0290
51,0,0.9880,0.0330
49,0,1.0470,0.0590
80,0,1.0690,0.0220
80,0,1.0830,0.0140
347,0,1.1110,0.0280
80,0,1.1920,0.0810
80,0,1.3290,0.1370
15,0,1.3440,0.0150
76,0,1.3760,0.0320
416,0,1.4070,0.0310
453,0,1.4390,0.0320
453,0,1.4690,0.0300
453,0,1.4850,0.0160
18,0,1.6100,0.1250
24,0,1.6410,0.0310
453,0,1.7120,0.0710
453,0,1.7390,0.0270
24,0,1.7540,0.0150
80,0,1.7830,0.0290
80,0,1.8010,0.0180
453,0,1.8150,0.0140
453,0,1.8280,0.0130
18,0,1.8440,0.0160
51,0,1.9850,0.1410
51,0,2.0170,0.0320
24,0,2.0700,0.0530
85,0,2.0970,0.0270
17,0,2.1140,0.0170
54,0,2.1870,0.0730
340,0,2.2200,0.0330
356,0,2.2810,0.0610
453,0,2.4220,0.1410
15,0,2.4380,0.0160
38,0,2.4540,0.0160
33,0,2.4720,0.0180
15,0,2.4840,0.0120
85,0,2.5060,0.0220
33,0,2.5350,0.0290
76,0,2.5500,0.0150
453,0,2.5670,0.0170
293,0,2.6130,0.0460
24,0,2.7820,0.1690
15,0,2.8470,0.0650
37,0,2.9400,0.0930
354,0,2.9690,0.0290
196,0,2.9900,0.0210
417,0,3.0020,0.0120
80,0,3.0190,0.0170
40,0,3.0320,0.0130
80,0,3.0520,0.0200
49,0,3.0620,0.0100
55,0,3.0880,0.0260
49,0,3.0950,0.0070
24,0,3.1100,0.0150
18,0,3.1400,0.0300
55,0,3.1720,0.0320
49,0,3.1890,0.0170
24,0,3.2160,0.0270
40,0,3.2820,0.0660
49,0,3.3010,0.0190
49,0,3.3160,0.0150
80,0,3.3330,0.0170
369,0,3.3620,0.0290
67,2,3.3750,0.0130
1,2,3.3910,0.0160
469,2,3.4070,0.0160
369,2,3.4400,0.0330
67,3,3.4540,0.0140
67,4,3.4700,0.0160
1,4,3.4840,0.0140
469,3,3.4850,0.0010
80,3,3.5000,0.0150
55,0,3.5210,0.0210
49,0,3.5340,0.0130
40,0,3.5470,0.0130
28,3,3.5620,0.0150
80,0,3.5820,0.0200
369,0,3.5960,0.0140
80,3,3.6060,0.0100
15,0,3.6100,0.0040
356,2,3.6400,0.0300
356,2,3.6410,0.0010
55,0,3.6570,0.0160
18,2,3.6720,0.0150
40,0,3.7040,0.0320
112,2,3.7360,0.0320
80,0,3.7500,0.0140
466,2,3.7660,0.0160
112,0,3.7820,0.0160
112,4,3.7970,0.0150
49,0,3.7970,0.0150
80,3,3.8140,0.0170
369,0,3.8270,0.0130
469,2,3.8280,0.0010469,2,3.8280,0.0010
51,0,3.8620,0.0340
51,0,3.8920,0.0300
76,0,3.9130,0.0210
76,0,3.9260,0.0130
76,0,3.9420,0.0160
416,0,3.9610,0.0190
416,0,3.9740,0.0130
35,0,4.0500,0.0760
35,0,4.0730,0.0230
35,0,4.0800,0.0070
35,0,4.1120,0.0320
35,0,4.1310,0.0190
35,0,4.1480,0.0170
24,0,4.1790,0.0310
73,0,4.1930,0.0140
73,0,4.2120,0.0190
35,0,4.2880,0.0760
18,0,4.3010,0.0130
23,0,4.3170,0.0160
23,0,4.3350,0.0180
24,0,4.4070,0.0720
24,0,4.4850,0.0780
416,0,4.5010,0.0160
24,0,4.5480,0.0470
35,0,4.5790,0.0310
35,0,4.5990,0.0200
416,0,4.9720,0.3730
416,0,5.0350,0.0630
25,0,5.0510,0.0160
54,0,5.0670,0.0160
80,0,5.0820,0.0150
140,0,5.0980,0.0160
25,0,5.1130,0.0150
453,0,5.1290,0.0160
18,0,5.1460,0.0170
18,0,5.1750,0.0290
18,0,5.1900,0.0150
37,0,5.2060,0.0160
80,0,5.2410,0.0350
247,0,5.3360,0.0950
33,0,5.3770,0.0410
18,0,5.3990,0.0220
19,0,5.4690,0.0700
18,0,5.4960,0.0270
23,0,5.5020,0.0060
18,0,5.5270,0.0250
18,0,5.5310,0.0040
35,0,5.7970,0.2660
35,0,5.8130,0.0160
4224,0,5.8320,0.0190
0,0,5.8790,0.0470
25,0,5.8940,0.0150
289,0,5.9090,0.0150
22,0,5.9260,0.0170
23,0,5.9570,0.0310
28,0,5.9880,0.0310
5349,0,6.0040,0.0160
416,0,6.0190,0.0150
24,0,6.0500,0.0310
73,0,6.1450,0.0950
24,0,6.1590,0.0140
24,0,6.2630,0.1040
24,0,6.2670,0.0040
35,0,6.2870,0.0200
416,0,6.3330,0.0460
416,0,6.3480,0.0150
453,0,6.3750,0.0270
192,0,6.3980,0.0230
51,0,6.4270,0.0290
416,0,6.4400,0.0130
453,0,6.5160,0.0760
24,0,6.6090,0.0930
453,0,6.6720,0.0630
453,0,6.7030,0.0310
453,0,6.7190,0.0160
453,0,6.7660,0.0470
416,0,6.7820,0.0160
416,0,6.7970,0.0150
453,0,6.8120,0.0150
24,0,6.8280,0.0160
453,0,6.8750,0.0470
72,0,6.8910,0.0160
417,0,6.9230,0.0320
24,0,6.9390,0.0160
73,0,6.9840,0.0450
24,0,7.0160,0.0320
24,0,7.0310,0.0150
35,0,7.1410,0.1100
340,0,7.3280,0.1870
37,0,7.4060,0.0780
49,0,7.4220,0.0160
80,0,7.4470,0.0250
28,0,7.4550,0.0080
192,0,7.5820,0.1270
453,0,7.5970,0.0150
453,0,7.6140,0.0170
453,0,7.6280,0.0140
453,0,7.6450,0.0170
453,0,7.6580,0.0130
37,0,7.6760,0.0180
55,0,7.6870,0.0110
369,0,7.7050,0.0180
22,0,7.8010,0.0960
15,0,7.8160,0.0150
356,0,7.8790,0.0630
444,0,7.9120,0.0330
356,0,7.9600,0.0480
33,0,7.9920,0.0320
22,0,8.0070,0.0150
289,0,8.0180,0.0110
22,0,8.0390,0.0210
22,0,8.0500,0.0110
282,0,8.0700,0.0200
33,0,8.0830,0.0130
22,0,8.1250,0.0420
453,0,8.1530,0.0280
453,0,8.1570,0.0040
453,0,8.1830,0.0260
453,0,8.1880,0.0050
453,0,8.2420,0.0540
14,0,8.2530,0.0110
24,0,8.2820,0.0290
37,0,8.3630,0.0810
49,0,8.3750,0.0120
49,3,8.3910,0.0160
61,0,8.4380,0.0470
42,0,8.4630,0.0250
15,0,8.4660,0.0030
22,0,8.5020,0.0360
453,0,8.5350,0.0330
453,0,8.5500,0.0150
80,0,8.6290,0.0790
453,0,8.6920,0.0630
453,0,8.7050,0.0130
453,0,8.7240,0.0190
453,0,8.7350,0.0110
14,0,8.7540,0.0190
36,0,8.7840,0.0300
80,0,8.8000,0.0160
297,0,8.8170,0.0170
80,0,8.8320,0.0150
22,0,8.8470,0.0150
22,0,8.8640,0.0170
15,0,8.8800,0.0160
23,0,8.9090,0.0290
23,0,8.9260,0.0170
23,0,8.9420,0.0160
23,0,8.9570,0.0150
49,0,8.9730,0.0160
80,0,8.9870,0.0140
453,0,9.0010,0.0140
453,0,9.0250,0.0240
14,0,9.0330,0.0080
15,0,9.0550,0.0220
22,0,9.1030,0.0480
15,0,9.1430,0.0400
61,0,9.1740,0.0310
33,0,9.4110,0.2370
15,0,9.4250,0.0140
25,0,9.4420,0.0170
61,0,9.4720,0.0300
25,0,9.4890,0.0170
21,0,9.5210,0.0320
25,0,9.5510,0.0300
23,0,9.5820,0.0310
85,0,9.6290,0.0470
74,0,9.6440,0.0150
18,0,9.6590,0.0150
33,0,9.7220,0.0630
33,0,9.7400,0.0180
72,0,9.7520,0.0120
23,0,9.7700,0.0180
18,0,9.7850,0.0150
18,0,9.8160,0.0310
18,0,9.8310,0.0150
4,0,9.8480,0.0170
4,0,9.9100,0.0620
4,0,9.9250,0.0150
360,0,9.9880,0.0630
