SysID,Thread ID,time,inetrval
14,0,0.2160,0.2160
80,0,0.5440,0.3280
80,0,0.5760,0.0320
18,0,0.6060,0.0300
18,0,0.6690,0.0630
18,0,0.7940,0.1250
37,0,0.9980,0.2040
55,0,1.0280,0.0300
61,0,1.0760,0.0480
51,0,1.0920,0.0160
40,0,1.1060,0.0140
49,0,1.1840,0.0780
80,0,1.2320,0.0480
347,0,1.2470,0.0150
80,0,1.3720,0.1250
80,0,1.5920,0.2200
15,0,1.6070,0.0150
76,0,1.6540,0.0470
416,0,1.6690,0.0150
453,0,1.7000,0.0310
453,0,1.7310,0.0310
453,0,1.7500,0.0190
18,0,1.8890,0.1390
453,0,1.9030,0.0140
453,0,1.9340,0.0310
24,0,1.9500,0.0160
24,0,2.0280,0.0780
80,0,2.0780,0.0500
80,0,2.0870,0.0090
453,0,2.0900,0.0030
453,0,2.1220,0.0320
18,0,2.1420,0.0200
51,0,2.3120,0.1700
15,0,2.3340,0.0220
51,0,2.3570,0.0230
24,0,2.4520,0.0950
17,0,2.4900,0.0380
17,0,2.4970,0.0070
54,0,2.5600,0.0630
340,0,2.5750,0.0150
356,0,2.6400,0.0650
453,0,2.7620,0.1220
38,0,2.7950,0.0330
297,0,2.8100,0.0150
33,0,2.8240,0.0140
15,0,2.8400,0.0160
85,0,2.8560,0.0160
33,0,2.8710,0.0150
18,0,2.8870,0.0160
76,0,2.9030,0.0160
76,0,2.9190,0.0160
293,0,2.9650,0.0460
24,0,3.1690,0.2040
15,0,3.2160,0.0470
42,0,3.2320,0.0160
37,0,3.3600,0.1280
354,0,3.3820,0.0220
173,0,3.3880,0.0060
196,0,3.4040,0.0160
417,0,3.4200,0.0160
80,0,3.4360,0.0160
40,0,3.4510,0.0150
49,0,3.4660,0.0150
49,0,3.4850,0.0190
369,0,3.4970,0.0120
67,2,3.5130,0.0160
55,0,3.5430,0.0300
80,0,3.5590,0.0160
80,0,3.5910,0.0320
80,2,3.6220,0.0310
24,0,3.6550,0.0330
466,2,3.6850,0.0300
24,0,3.7080,0.0230
24,0,3.7160,0.0080
112,0,3.7460,0.0300
28,2,3.7780,0.0320
80,0,3.7940,0.0160
80,0,3.8100,0.0160
80,2,3.8260,0.0160
40,0,3.8800,0.0540
49,0,3.8870,0.0070
469,2,3.9030,0.0160
369,0,3.9190,0.0160
40,0,3.9330,0.0140
49,0,3.9340,0.0010
55,0,3.9510,0.0170
14,2,3.9660,0.0150
55,0,3.9850,0.0190
49,0,3.9980,0.0130
49,0,4.0130,0.0150
369,0,4.0300,0.0170
49,0,4.0440,0.0140
369,3,4.0650,0.0210
24,4,4.0750,0.0100
469,2,4.0920,0.0170
18,0,4.1070,0.0150
51,0,4.1220,0.0150
24,0,4.1540,0.0320
369,0,4.1780,0.0240
55,0,4.1850,0.0070
4,0,4.2000,0.0150
356,4,4.2150,0.0150
51,3,4.2460,0.0310
18,4,4.2670,0.0210
80,3,4.2790,0.0120
24,3,4.2940,0.0150
369,3,4.3570,0.0630
15,3,4.3720,0.0150
74,4,4.3880,0.0160
28,2,4.3880,0.0160
51,0,4.4370,0.0490
76,0,4.4590,0.0220
76,0,4.4670,0.0080
51,0,4.4990,0.0320
76,0,4.5130,0.0140
76,0,4.5250,0.0120
76,0,4.5280,0.0030
76,0,4.5480,0.0200
76,0,4.5760,0.0280
416,0,4.6070,0.0310
24,0,4.7160,0.1090
73,0,4.8430,0.1270
18,0,4.9970,0.1540
23,0,5.0120,0.0150
23,0,5.0310,0.0190
24,0,5.0770,0.0460
24,0,5.0940,0.0170
35,0,5.1220,0.0280
416,0,5.1710,0.0490
416,0,5.1910,0.0200
453,0,5.2010,0.0100
25,0,5.2220,0.0210
192,0,5.2330,0.0110
72,0,5.2460,0.0130
51,0,5.2660,0.0200
35,0,5.2800,0.0140
453,0,5.3580,0.0780
24,0,5.4350,0.0770
453,0,5.5300,0.0950
453,0,5.5760,0.0460
453,0,5.5920,0.0160
416,0,5.6030,0.0110
35,0,5.7020,0.0990
35,0,5.7310,0.0290
35,0,5.7570,0.0260
35,0,5.7650,0.0080
24,0,5.7960,0.0310
35,0,5.8590,0.0630
35,0,5.8770,0.0180
24,0,5.9180,0.0410
416,0,5.9710,0.0530
35,0,6.0460,0.0750
35,0,6.0610,0.0150
35,0,6.0800,0.0190
24,0,6.4540,0.3740
416,0,6.4780,0.0240
54,0,6.4840,0.0060
140,0,6.5180,0.0340
25,0,6.5350,0.0170
18,0,6.5470,0.0120
18,0,6.5670,0.0200
18,0,6.5810,0.0140
18,0,6.6090,0.0280
18,0,6.6250,0.0160
37,0,6.6410,0.0160
80,0,6.6730,0.0320
247,0,6.7650,0.0920
33,0,6.8290,0.0640
33,0,6.8420,0.0130
19,0,6.9210,0.0790
18,0,6.9390,0.0180
23,0,6.9510,0.0120
15,0,6.9680,0.0170
18,0,6.9850,0.0170
24,0,7.0300,0.0450
35,0,7.2480,0.2180
4101,0,7.2760,0.0280
37,0,7.2780,0.0020
297,0,7.2970,0.0190
0,0,7.3430,0.0460
289,0,7.3730,0.0300
22,0,7.3910,0.0180
23,0,7.4210,0.0300
28,0,7.4390,0.0180
18,0,7.4530,0.0140
5349,0,7.4690,0.0160
416,0,7.5310,0.0620
35,0,7.5490,0.0180
4151,0,7.5810,0.0320
4151,0,7.5920,0.0110
453,0,7.6040,0.0120
51,0,7.6840,0.0800
33,0,7.7000,0.0160
18,0,7.7150,0.0150
23,0,7.7310,0.0160
73,0,7.7470,0.0160
140,0,7.7620,0.0150
15,0,7.7780,0.0160
105,0,7.8090,0.0310
4162,0,7.8400,0.0310
25,0,7.8560,0.0160
14,0,7.8790,0.0230
417,0,7.8890,0.0100
14,0,7.9070,0.0180
35,0,7.9230,0.0160
72,0,8.0320,0.1090
51,0,8.0940,0.0620
340,0,8.1220,0.0280
33,0,8.1530,0.0310
33,0,8.1690,0.0160
24,0,8.1840,0.0150
23,0,8.2000,0.0160
18,0,8.2150,0.0150
18,0,8.2470,0.0320
18,0,8.2620,0.0150
23,0,8.2780,0.0160
85,0,8.3400,0.0620
74,0,8.3560,0.0160
18,0,8.3710,0.0150
4,0,8.4340,0.0630
4,0,8.4970,0.0630
80,0,8.5280,0.0310
51,0,8.5430,0.0150
61,0,8.5590,0.0160
85,0,8.5750,0.0160
85,0,8.5910,0.0160
51,0,8.6370,0.0460
51,0,8.6690,0.0320
51,0,8.6840,0.0150
17,0,8.7000,0.0160
15,0,8.7150,0.0150
37,0,8.7470,0.0320
61,0,8.7620,0.0150
49,0,8.7790,0.0170
80,2,8.7940,0.0150
369,0,8.8100,0.0160
51,3,8.8250,0.0150
112,2,8.8400,0.0150
369,4,8.8550,0.0150
469,4,8.8560,0.0010
22,0,8.9540,0.0980
23,0,8.9700,0.0160
356,0,9.0300,0.0600
444,0,9.0620,0.0320
356,0,9.0780,0.0160
356,0,9.1100,0.0320
33,0,9.1580,0.0480
22,0,9.1730,0.0150
22,0,9.1870,0.0140
22,0,9.2040,0.0170
72,0,9.2190,0.0150
36,0,9.2340,0.0150
22,0,9.2490,0.0150
22,0,9.2960,0.0470
453,0,9.3120,0.0160
72,0,9.3280,0.0160
64,0,9.3420,0.0140
453,0,9.3610,0.0190
61,0,9.4220,0.0610
22,0,9.4690,0.0470
192,0,9.5150,0.0460
192,0,9.5310,0.0160
416,0,9.5770,0.0460
453,0,9.6090,0.0320
416,0,9.6230,0.0140
453,0,9.7010,0.0780
453,0,9.7170,0.0160
453,0,9.7330,0.0160
453,0,9.7530,0.0200
61,0,9.7640,0.0110
51,0,9.7810,0.0170
4,0,9.7970,0.0160
4,0,9.8260,0.0290
61,0,9.8880,0.0620
24,0,9.9200,0.0320
24,0,9.9340,0.0140
5254,0,10.1390,0.2050
8,0,10.1550,0.0160
5254,0,10.1860,0.0310
8,0,10.1970,0.0110
5254,0,10.2250,0.0280
5254,0,10.2500,0.0250
5254,0,10.2800,0.0300
5254,0,10.3100,0.0300
5254,0,10.3260,0.0160
5254,0,10.3570,0.0310
5254,0,10.3880,0.0310
5254,0,10.4180,0.0300
5254,0,10.4340,0.0160
5254,0,10.4650,0.0310
5254,0,10.4810,0.0160
5254,0,10.5120,0.0310
5254,0,10.5430,0.0310
5254,0,10.5590,0.0160
5254,0,10.6220,0.0630
5254,0,10.6530,0.0310
5254,0,10.6690,0.0160
5254,0,10.7000,0.0310
5254,0,10.7310,0.0310
5254,0,10.7620,0.0310
5254,0,10.7780,0.0160
5254,0,10.8120,0.0340
39,0,10.8400,0.0280
51,0,10.8640,0.0240
4,0,10.8770,0.0130
5254,0,10.8910,0.0140
5254,0,10.9220,0.0310
5254,0,10.9500,0.0280
5254,0,10.9850,0.0350
5254,0,11.0040,0.0190
5254,0,11.0350,0.0310
5254,0,11.0630,0.0280
5254,0,11.0750,0.0120
5254,0,11.1060,0.0310
5254,0,11.1380,0.0320
5254,0,11.1700,0.0320
5254,0,11.1920,0.0220
30,0,11.2040,0.0120
30,0,11.2210,0.0170
22,0,11.2350,0.0140
23,0,11.2500,0.0150
24,0,11.3100,0.0600
22,0,11.3650,0.0550
23,0,11.3740,0.0090
51,0,11.3930,0.0190
49,0,11.4030,0.0100
80,2,11.4220,0.0190
369,0,11.4340,0.0120
469,2,11.4500,0.0160
14,3,11.4660,0.0160
22,0,11.5280,0.0620
453,0,11.5430,0.0150
4151,0,11.6860,0.1430
80,0,11.7030,0.0170
25,0,11.7160,0.0130
416,0,11.7370,0.0210
85,0,11.7490,0.0120
340,0,11.7650,0.0160
416,0,11.7940,0.0290
453,0,11.8400,0.0460
453,0,11.8630,0.0230
72,0,11.9520,0.0890
180,0,11.9670,0.0150
453,0,12.0000,0.0330
453,0,12.0160,0.0160
22,0,12.0470,0.0310
14,0,12.0600,0.0130
80,0,12.1890,0.1290
15,0,12.2040,0.0150
80,0,12.3120,0.1080
13,0,12.3250,0.0130
91,0,12.3410,0.0160
15,0,12.3580,0.0170
15,0,12.3730,0.0150
15,0,12.3900,0.0170
15,0,12.4510,0.0610
80,0,12.4650,0.0140
4275,0,12.4860,0.0210
15,0,12.5010,0.0150
80,0,12.5280,0.0270
96,0,12.5600,0.0320
61,0,12.6550,0.0950
61,0,12.6720,0.0170
80,0,12.6860,0.0140
18,0,12.7810,0.0950
201,0,12.7930,0.0120
18,0,12.8110,0.0180
297,0,12.8250,0.0140
15,0,12.8400,0.0150
25,0,12.9040,0.0640
51,0,12.9340,0.0300
15,0,12.9500,0.0160
51,0,12.9650,0.0150
18,0,12.9810,0.0160
33,0,12.9960,0.0150
76,0,13.0120,0.0160
25,0,13.0590,0.0470
140,0,13.0930,0.0340
297,0,13.1230,0.0300
340,0,13.1850,0.0620
85,0,13.2340,0.0490
15,0,13.2940,0.0600
24,0,13.3100,0.0160
15,0,13.3250,0.0150
15,0,13.3400,0.0150
4,0,13.3570,0.0170
