SysID,Thread ID,time,inetrval
14,0,0.2200,0.2200
80,0,0.5470,0.3270
80,0,0.5650,0.0180
18,0,0.5780,0.0130
18,0,0.6260,0.0480
18,0,0.7390,0.1130
37,0,0.9230,0.1840
55,0,0.9550,0.0320
61,0,0.9860,0.0310
51,0,1.0170,0.0310
49,0,1.0800,0.0630
80,0,1.0980,0.0180
80,0,1.1110,0.0130
347,0,1.1420,0.0310
80,0,1.2340,0.0920
80,0,1.3760,0.1420
15,0,1.3930,0.0170
76,0,1.4380,0.0450
416,0,1.4540,0.0160
453,0,1.4850,0.0310
453,0,1.5160,0.0310
24,0,1.5470,0.0310
453,0,1.6250,0.0780
18,0,1.7360,0.1110
23,0,1.7510,0.0150
453,0,1.7660,0.0150
453,0,1.7980,0.0320
24,0,1.8280,0.0300
80,0,1.8600,0.0320
453,0,1.8750,0.0150
18,0,1.9070,0.0320
51,0,2.0480,0.1410
51,0,2.0810,0.0330
51,0,2.0920,0.0110
24,0,2.1420,0.0500
85,0,2.2040,0.0620
17,0,2.2210,0.0170
54,0,2.2980,0.0770
340,0,2.3130,0.0150
356,0,2.3760,0.0630
453,0,2.4860,0.1100
38,0,2.5200,0.0340
33,0,2.5350,0.0150
15,0,2.5500,0.0150
85,0,2.5650,0.0150
33,0,2.5810,0.0160
18,0,2.5980,0.0170
76,0,2.6110,0.0130
15,0,2.6280,0.0170
293,0,2.6720,0.0440
24,0,2.8600,0.1880
15,0,2.9380,0.0780
37,0,3.0490,0.1110
354,0,3.0640,0.0150
173,0,3.0800,0.0160
196,0,3.0950,0.0150
417,0,3.1110,0.0160
80,0,3.1270,0.0160
369,0,3.1590,0.0320
67,2,3.1720,0.0130
1,2,3.1880,0.0160
55,0,3.2030,0.0150
18,0,3.3130,0.1100
369,2,3.3290,0.0160
67,3,3.3440,0.0150
51,0,3.3760,0.0320
469,3,3.3910,0.0150
67,4,3.4220,0.0310
369,4,3.4390,0.0170
18,2,3.4690,0.0300
24,2,3.5010,0.0320
55,0,3.5320,0.0310
112,2,3.5470,0.0150
112,3,3.5630,0.0160
49,0,3.5830,0.0200
61,4,3.5940,0.0110
80,0,3.6110,0.0170
466,4,3.6250,0.0140
466,0,3.6410,0.0160
18,3,3.6600,0.0190
24,3,3.6800,0.0200
112,3,3.7190,0.0390
112,4,3.7340,0.0150
51,2,3.7520,0.0180
74,4,3.7680,0.0160
49,2,3.7970,0.0290
40,4,3.8140,0.0170
466,0,3.8330,0.0190
80,2,3.8440,0.0110
55,2,3.8640,0.0200
466,0,3.8750,0.0110
15,4,3.8910,0.0160
15,2,3.9070,0.0160
112,3,3.9330,0.0260
24,4,3.9370,0.0040
55,0,3.9530,0.0160
466,4,3.9730,0.0200
112,4,3.9830,0.0100
80,3,3.9840,0.0010
49,4,3.9840,0.0010
49,0,4.0040,0.0200

inetrval
       

49,0,4.0040,0.0200

inetrval
       

40,3,4.0140,0.0100
40,3,4.0140,0.0100
40,4,4.0170,0.0030
80,2,4.0360,0.0190
55,0,4.0470,0.0110
80,3,4.0470,0.0110
80,0,4.0670,0.0200
55,0,4.0780,0.0110
49,0,4.0970,0.0190
15,4,4.1100,0.0130
466,0,4.1250,0.0150
466,2,4.1420,0.0170
inetrval
       

 
466,2,4.1420,0.0170
inetrval
       

 
49,4,4.1560,0.0140
80,4,4.1740,0.0180
80,3,4.1860,0.0120
80,4,4.1880,0.0020
466,3,4.2060,0.0180
80,4,4.2190,0.0130
80,2,4.2370,0.0180
112,0,4.2510,0.0140
112,0,4.2510,0.0140
80,4,4.2660,0.0150
15,0,4.2980,0.0320
15,0,4.3100,0.0120
80,4,4.3130,0.0030
80,0,4.3420,0.0290
28,2,4.3440,0.0020
469,4,4.3610,0.0170
51,0,4.4850,0.1240
76,0,4.5160,0.0310
76,0,4.5310,0.0150
51,0,4.5630,0.0320
76,0,4.5940,0.0310
76,0,4.6110,0.0170
76,0,4.6250,0.0140
76,0,4.6460,0.0210
76,0,4.6570,0.0110
76,0,4.6730,0.0160
76,0,4.6940,0.0210
416,0,4.7070,0.0130
24,0,4.7670,0.0600
73,0,4.9100,0.1430
73,0,4.9260,0.0160
18,0,5.0640,0.1380
23,0,5.0780,0.0140
23,0,5.0970,0.0190
24,0,5.1430,0.0460
24,0,5.1580,0.0150
35,0,5.1880,0.0300
416,0,5.2380,0.0500
453,0,5.2840,0.0460
72,0,5.3150,0.0310
416,0,5.3600,0.0450
453,0,5.3790,0.0190
453,0,5.3880,0.0090
192,0,5.3920,0.0040
51,0,5.4240,0.0320
453,0,5.5500,0.1260
24,0,5.6420,0.0920
453,0,5.7190,0.0770
453,0,5.7500,0.0310
453,0,5.7660,0.0160
453,0,5.7810,0.0150
35,0,5.8750,0.0940
35,0,5.9090,0.0340
35,0,5.9220,0.0130
35,0,5.9390,0.0170
35,0,5.9540,0.0150
24,0,5.9710,0.0170
73,0,5.9870,0.0160
35,0,6.0510,0.0640
24,0,6.1000,0.0490
416,0,6.1590,0.0590
35,0,6.2360,0.0770
35,0,6.2530,0.0170
35,0,6.2700,0.0170
24,0,6.5470,0.2770
416,0,6.6720,0.1250
54,0,6.6870,0.0150
140,0,6.7190,0.0320
25,0,6.7350,0.0160
453,0,6.7500,0.0150
18,0,6.7660,0.0160
18,0,6.7970,0.0310
18,0,6.8130,0.0160
15,0,6.8280,0.0150
37,0,6.8440,0.0160
80,0,6.8600,0.0160
80,0,6.8750,0.0150
247,0,6.9690,0.0940
33,0,7.0160,0.0470
18,0,7.0310,0.0150
19,0,7.0470,0.0160
19,0,7.1090,0.0620
18,0,7.1250,0.0160
23,0,7.1400,0.0150
15,0,7.1560,0.0160
18,0,7.1720,0.0160
21,0,7.4060,0.2340
35,0,7.4530,0.0470
37,0,7.4770,0.0240
4098,0,7.4860,0.0090
0,0,7.5350,0.0490
289,0,7.5660,0.0310
22,0,7.5810,0.0150
23,0,7.6100,0.0290
28,0,7.6290,0.0190
18,0,7.6440,0.0150
5349,0,7.6590,0.0150
416,0,7.7210,0.0620
35,0,7.7380,0.0170
24,0,7.7680,0.0300
73,0,7.8000,0.0320
24,0,7.9120,0.1120
24,0,7.9400,0.0280
35,0,7.9580,0.0180
35,0,7.9730,0.0150
4162,0,7.9850,0.0120
5125,0,8.0190,0.0340
297,0,8.0360,0.0170
15,0,8.0500,0.0140
4162,0,8.0830,0.0330
4162,0,8.0960,0.0130
25,0,8.1140,0.0180
35,0,8.1440,0.0300
192,0,8.2530,0.1090
453,0,8.2860,0.0330
453,0,8.3000,0.0140
35,0,8.3160,0.0160
416,0,8.3320,0.0160
18,0,8.4230,0.0910
24,0,8.4570,0.0340
35,0,8.4690,0.0120
35,0,8.5020,0.0330
22,0,8.5180,0.0160
35,0,8.5510,0.0330
35,0,8.5660,0.0150
22,0,8.6250,0.0590
35,0,8.6920,0.0670
35,0,8.7070,0.0150
444,0,8.7370,0.0300
35,0,8.7540,0.0170
35,0,8.7690,0.0150
356,0,8.7860,0.0170
33,0,8.8160,0.0300
22,0,8.8330,0.0170
289,0,8.8460,0.0130
22,0,8.8610,0.0150
72,0,8.8810,0.0200
36,0,8.8930,0.0120
35,0,8.9380,0.0450
453,0,8.9620,0.0240
453,0,8.9710,0.0090
64,0,8.9890,0.0180
453,0,9.0030,0.0140
453,0,9.0190,0.0160
453,0,9.0340,0.0150
453,0,9.0500,0.0160
416,0,9.0650,0.0150
72,0,9.0800,0.0150
35,0,9.1120,0.0320
22,0,9.1600,0.0480
453,0,9.1750,0.0150
4151,0,9.3000,0.1250
80,0,9.3170,0.0170
54,0,9.3310,0.0140
416,0,9.3470,0.0160
416,0,9.3630,0.0160
453,0,9.3930,0.0300
416,0,9.4120,0.0190
453,0,9.4440,0.0320
416,0,9.4560,0.0120
453,0,9.4870,0.0310
4151,0,9.5180,0.0310
416,0,9.5490,0.0310
35,0,9.5680,0.0190
35,0,9.5820,0.0140
80,0,9.5970,0.0150
22,0,9.6290,0.0320
14,0,9.6430,0.0140
417,0,9.6750,0.0320
340,0,9.7070,0.0320
73,0,9.8010,0.0940
24,0,9.8160,0.0150
24,0,9.9540,0.1380
35,0,9.9700,0.0160
54,0,10.0340,0.0640
18,0,10.0970,0.0630
18,0,10.1130,0.0160
33,0,10.1920,0.0790
22,0,10.2220,0.0300
22,0,10.2380,0.0160
96,0,10.2680,0.0300
15,0,10.2830,0.0150
21,0,10.3010,0.0180
4156,0,10.3310,0.0300
80,0,10.3480,0.0170
80,0,10.3640,0.0160
80,0,10.3770,0.0130
4188,0,10.4090,0.0320
4328,0,10.4420,0.0330
4211,0,10.4720,0.0300
33,0,10.4850,0.0130
33,0,10.5070,0.0220
72,0,10.5180,0.0110
23,0,10.5370,0.0190
18,0,10.5530,0.0160
18,0,10.5940,0.0410
4,0,10.6260,0.0320
24,0,10.6470,0.0210
4,0,10.6590,0.0120
4,0,10.6760,0.0170
4819,0,10.7060,0.0300
4802,0,10.7230,0.0170
4200,0,10.7370,0.0140
4131,0,10.7830,0.0460
4258,0,10.8150,0.0320
4212,0,10.8320,0.0170
4158,0,10.8470,0.0150
4264,0,10.8640,0.0170
4212,0,10.8750,0.0110
4242,0,10.9060,0.0310
4103,0,10.9220,0.0160
4103,0,10.9430,0.0210
4129,0,10.9560,0.0130
35,0,10.9720,0.0160
4245,0,10.9870,0.0150
4258,0,11.0340,0.0470
4264,0,11.0510,0.0170
5412,0,11.0640,0.0130
4258,0,11.0820,0.0180
4242,0,11.0960,0.0140
4242,0,11.1130,0.0170
24,0,11.1280,0.0150
4103,0,11.1600,0.0320
4106,0,11.1900,0.0300
4173,0,11.2070,0.0170
4184,0,11.2220,0.0150
4106,0,11.2380,0.0160
5292,0,11.2540,0.0160
4144,0,11.2700,0.0160
4144,0,11.2840,0.0140
4144,0,11.3010,0.0170
5,0,11.3160,0.0150
4288,0,11.3330,0.0170
4144,0,11.3440,0.0110
4106,0,11.3750,0.0310
24,0,11.4080,0.0330
4106,0,11.4430,0.0350
4106,0,11.4570,0.0140
4106,0,11.4720,0.0150
4483,0,11.4890,0.0170
4819,0,11.5350,0.0460
4819,0,11.5500,0.0150
4178,0,11.5660,0.0160
4188,0,11.5810,0.0150
4131,0,11.6130,0.0320
4819,0,11.6440,0.0310
4298,0,11.6550,0.0110
4769,0,11.6570,0.0020
4,0,11.7380,0.0810
23,0,11.7590,0.0210
15,0,11.7850,0.0260
85,0,11.8180,0.0330
17,0,11.8310,0.0130
74,0,11.8500,0.0190
40,0,11.8600,0.0100
4298,0,11.8920,0.0320
356,0,11.9110,0.0190
444,0,11.9240,0.0130
356,0,11.9550,0.0310
180,0,12.0680,0.1130
4,0,12.0790,0.0110
4,0,12.1000,0.0210
10,0,12.1120,0.0120
37,0,12.1440,0.0320
49,0,12.1590,0.0150
14,0,12.1910,0.0320
24,0,12.2530,0.0620
4787,0,12.3490,0.0960
4211,0,12.3600,0.0110
4328,0,12.3780,0.0180
22,0,12.4720,0.0940
23,0,12.5180,0.0460
23,0,12.5350,0.0170
15,0,12.5510,0.0160
22,0,12.5640,0.0130
50,0,12.5820,0.0180
50,0,12.5970,0.0150
4131,0,12.6140,0.0170
4149,0,12.6730,0.0590
4188,0,12.6960,0.0230
4819,0,12.7040,0.0080
4769,0,12.7230,0.0190
19,0,12.7360,0.0130
4188,0,12.7540,0.0180
4221,0,12.7680,0.0140
19,0,12.7850,0.0170
15,0,12.8000,0.0150
4298,0,12.8310,0.0310
4298,0,12.8790,0.0480
4298,0,12.8910,0.0120
30,0,13.1610,0.2700
4787,0,13.1750,0.0140
4781,0,13.1890,0.0140
24,0,13.2030,0.0140
4781,0,13.2970,0.0940
4825,0,13.3640,0.0670
4131,0,13.3950,0.0310
4819,0,13.4080,0.0130
4149,0,13.4410,0.0330
4825,0,13.4530,0.0120
4825,0,13.4710,0.0180
4149,0,13.4850,0.0140
4825,0,13.5030,0.0180
4819,0,13.5180,0.0150
4819,0,13.5320,0.0140
4819,0,13.5540,0.0220
4825,0,13.5650,0.0110
4825,0,13.5810,0.0160
4825,0,13.5970,0.0160
4819,0,13.6080,0.0110
4819,0,13.6100,0.0020
4825,0,13.6260,0.0160
4825,0,13.6400,0.0140
4825,0,13.6600,0.0200
4211,0,13.6740,0.0140
4183,0,13.6950,0.0210
5,0,13.7030,0.0080
4294,0,13.7270,0.0240
4294,0,13.7360,0.0090
5,0,13.7590,0.0230
4097,0,13.7660,0.0070
