SysID,Thread ID,time,inetrval
14,0,0.2340,0.2340
80,0,0.5650,0.3310
80,0,0.5820,0.0170
18,0,0.5960,0.0140
18,0,0.6470,0.0510
18,0,0.7350,0.0880
37,0,0.9220,0.1870
55,0,0.9420,0.0200
61,0,0.9690,0.0270
51,0,1.0020,0.0330
49,0,1.0800,0.0780
80,0,1.1030,0.0230
347,0,1.1130,0.0100
80,0,1.2340,0.1210
80,0,1.3760,0.1420
15,0,1.3910,0.0150
76,0,1.4250,0.0340
416,0,1.4540,0.0290
453,0,1.4700,0.0160
453,0,1.5020,0.0320
453,0,1.5160,0.0140
18,0,1.6290,0.1130
23,0,1.6450,0.0160
453,0,1.6600,0.0150
453,0,1.6880,0.0280
24,0,1.7040,0.0160
24,0,1.7820,0.0780
80,0,1.8120,0.0300
453,0,1.8360,0.0240
453,0,1.8440,0.0080
18,0,1.8600,0.0160
51,0,2.0030,0.1430
15,0,2.0160,0.0130
51,0,2.0470,0.0310
51,0,2.0630,0.0160
24,0,2.1460,0.0830
85,0,2.1570,0.0110
17,0,2.1720,0.0150
54,0,2.2370,0.0650
340,0,2.2500,0.0130
356,0,2.3130,0.0630
453,0,2.4270,0.1140
15,0,2.4390,0.0120
38,0,2.4570,0.0180
33,0,2.4720,0.0150
15,0,2.4880,0.0160
85,0,2.5020,0.0140
33,0,2.5210,0.0190
18,0,2.5350,0.0140
76,0,2.5500,0.0150
453,0,2.5670,0.0170
293,0,2.6150,0.0480
24,0,2.7810,0.1660
15,0,2.8470,0.0660
37,0,2.9560,0.1090
354,0,2.9730,0.0170
196,0,2.9880,0.0150
417,0,3.0040,0.0160
80,0,3.0180,0.0140
49,0,3.0350,0.0170
80,0,3.0520,0.0170
49,0,3.0630,0.0110
369,0,3.0940,0.0310
67,2,3.1100,0.0160
55,0,3.1260,0.0160
1,2,3.1430,0.0170
469,2,3.1580,0.0150
80,0,3.2030,0.0450
24,2,3.2510,0.0480
466,0,3.2670,0.0160
18,2,3.2850,0.0180
112,2,3.3160,0.0310
28,2,3.3290,0.0130
469,2,3.3440,0.0150
55,0,3.3630,0.0190
49,0,3.3770,0.0140
24,0,3.4060,0.0290
40,0,3.4530,0.0470
80,0,3.4690,0.0160
466,2,3.4850,0.0160
469,3,3.5000,0.0150
80,0,3.5160,0.0160
49,0,3.5330,0.0170
55,0,3.5510,0.0180
49,0,3.5640,0.0130
49,0,3.5810,0.0170
80,3,3.5970,0.0160
49,0,3.6100,0.0130
369,0,3.6270,0.0170
18,0,3.6580,0.0310
469,2,3.6730,0.0150
14,3,3.6730,0.0150
51,0,3.6880,0.0150
24,0,3.7120,0.0240
369,0,3.7230,0.0110
55,0,3.7350,0.0120
356,2,3.7660,0.0310
356,2,3.7820,0.0160
18,2,3.7970,0.0150
49,3,3.8590,0.0620
61,2,3.8750,0.0160
61,2,3.8750,0.0160
24,3,3.8910,0.0160
80,4,3.9080,0.0170
51,0,3.9440,0.0360
76,0,3.9620,0.0180
51,0,3.9750,0.0130
51,0,4.0080,0.0330
76,0,4.0170,0.0090
76,0,4.0360,0.0190
76,0,4.0630,0.0270
24,0,4.1120,0.0490
73,0,4.3130,0.2010
73,0,4.3320,0.0190
24,0,4.3450,0.0130
18,0,4.4730,0.1280
23,0,4.4870,0.0140
23,0,4.5110,0.0240
24,0,4.5490,0.0380
24,0,4.5660,0.0170
35,0,4.5810,0.0150
416,0,4.6250,0.0440
416,0,4.6410,0.0160
453,0,4.6560,0.0150
453,0,4.6720,0.0160
51,0,4.7040,0.0320
35,0,4.7280,0.0240
453,0,4.8020,0.0740
24,0,4.8950,0.0930
453,0,4.9580,0.0630
453,0,5.0030,0.0450
416,0,5.0200,0.0170
35,0,5.1150,0.0950
35,0,5.1340,0.0190
35,0,5.1470,0.0130
35,0,5.1600,0.0130
35,0,5.1780,0.0180
24,0,5.2080,0.0300
73,0,5.2190,0.0110
35,0,5.2660,0.0470
24,0,5.3280,0.0620
416,0,5.3590,0.0310
35,0,5.4420,0.0830
35,0,5.4620,0.0200
35,0,5.4670,0.0050
35,0,5.4690,0.0020
24,0,5.8010,0.3320
416,0,5.8620,0.0610
80,0,5.8780,0.0160
140,0,5.8960,0.0180
25,0,5.9150,0.0190
18,0,5.9240,0.0090
18,0,5.9440,0.0200
18,0,5.9570,0.0130
18,0,5.9760,0.0190
18,0,5.9910,0.0150
18,0,6.0050,0.0140
37,0,6.0190,0.0140
80,0,6.0370,0.0180
247,0,6.1480,0.1110
33,0,6.1890,0.0410
18,0,6.2050,0.0160
19,0,6.2660,0.0610
18,0,6.2990,0.0330
23,0,6.3170,0.0180
15,0,6.3290,0.0120
24,0,6.4570,0.1280
35,0,6.5990,0.1420
4101,0,6.6130,0.0140
4224,0,6.6290,0.0160
66,0,6.6440,0.0150
0,0,6.6750,0.0310
25,0,6.6920,0.0170
289,0,6.7070,0.0150
22,0,6.7220,0.0150
23,0,6.7530,0.0310
28,0,6.7690,0.0160
18,0,6.7860,0.0170
5349,0,6.8010,0.0150
416,0,6.8630,0.0620
4151,0,6.9090,0.0460
453,0,6.9250,0.0160
51,0,7.0040,0.0790
33,0,7.0200,0.0160
18,0,7.0340,0.0140
17,0,7.0530,0.0190
140,0,7.0820,0.0290
42,0,7.0970,0.0150
105,0,7.1280,0.0310
4162,0,7.1450,0.0170
35,0,7.1610,0.0160
14,0,7.1920,0.0310
417,0,7.2070,0.0150
67,0,7.2240,0.0170
35,0,7.2420,0.0180
72,0,7.3490,0.1070
51,0,7.4060,0.0570
340,0,7.4220,0.0160
33,0,7.4530,0.0310
33,0,7.4690,0.0160
282,0,7.4840,0.0150
23,0,7.5000,0.0160
18,0,7.5160,0.0160
18,0,7.5470,0.0310
23,0,7.5780,0.0310
85,0,7.6250,0.0470
74,0,7.6410,0.0160
15,0,7.6560,0.0150
23,0,7.6720,0.0160
4,0,7.7190,0.0470
4,0,7.7820,0.0630
80,0,7.8130,0.0310
51,0,7.8350,0.0220
61,0,7.8480,0.0130
85,0,7.8680,0.0200
85,0,7.8750,0.0070
51,0,7.9090,0.0340
15,0,7.9290,0.0200
51,0,7.9570,0.0280
51,0,7.9740,0.0170
73,0,7.9910,0.0170
15,0,8.0010,0.0100
37,0,8.0470,0.0460
49,0,8.0650,0.0180
55,0,8.0820,0.0170
49,0,8.0940,0.0120
49,4,8.1100,0.0160
80,2,8.1250,0.0150
80,2,8.1250,0.0150
80,2,8.1250,0.0150
369,4,8.1410,0.0160
80,3,8.1410,0.0160
22,0,8.2750,0.1340
15,0,8.2810,0.0060
24,0,8.3440,0.0630
444,0,8.3780,0.0340
356,0,8.3940,0.0160
356,0,8.4260,0.0320
33,0,8.4720,0.0460
289,0,8.4880,0.0160
22,0,8.5020,0.0140
22,0,8.5200,0.0180
282,0,8.5330,0.0130
33,0,8.5500,0.0170
22,0,8.5990,0.0490
453,0,8.6120,0.0130
72,0,8.6270,0.0150
64,0,8.6450,0.0180
453,0,8.6600,0.0150
416,0,8.6750,0.0150
61,0,8.7230,0.0480
22,0,8.7690,0.0460
192,0,8.8160,0.0470
192,0,8.8330,0.0170
416,0,8.8630,0.0300
453,0,8.9100,0.0470
453,0,8.9710,0.0610
453,0,8.9880,0.0170
453,0,9.0370,0.0490
61,0,9.0520,0.0150
51,0,9.0700,0.0180
4,0,9.0850,0.0150
4,0,9.1110,0.0260
61,0,9.1750,0.0640
24,0,9.2050,0.0300
24,0,9.2230,0.0180
5254,0,9.4400,0.2170
5254,0,9.5040,0.0640
5254,0,9.5190,0.0150
5254,0,9.5340,0.0150
5254,0,9.5500,0.0160
5254,0,9.5670,0.0170
5254,0,9.5810,0.0140
5254,0,9.6140,0.0330
5254,0,9.6290,0.0150
5254,0,9.6440,0.0150
5254,0,9.6750,0.0310
5254,0,9.7070,0.0320
39,0,9.7380,0.0310
61,0,9.7540,0.0160
5254,0,9.7680,0.0140
5254,0,9.8000,0.0320
5254,0,9.8170,0.0170
5254,0,9.8470,0.0300
5254,0,9.8630,0.0160
5254,0,9.8960,0.0330
5254,0,9.9260,0.0300
5254,0,9.9420,0.0160
5254,0,9.9860,0.0440
5254,0,10.0050,0.0190
5254,0,10.0370,0.0320
5254,0,10.0490,0.0120
5254,0,10.0800,0.0310
5254,0,10.0980,0.0180
5254,0,10.1140,0.0160
5254,0,10.1290,0.0150
5254,0,10.1610,0.0320
5254,0,10.1750,0.0140
5254,0,10.1910,0.0160
5254,0,10.2060,0.0150
5254,0,10.2390,0.0330
5254,0,10.2530,0.0140
5254,0,10.2700,0.0170
5254,0,10.2840,0.0140
5254,0,10.3130,0.0290
5254,0,10.3350,0.0220
5254,0,10.3460,0.0110
5254,0,10.3780,0.0320
5254,0,10.3940,0.0160
5254,0,10.4100,0.0160
5254,0,10.4250,0.0150
5254,0,10.4410,0.0160
5254,0,10.4730,0.0320
5254,0,10.4860,0.0130
5254,0,10.5160,0.0300
5254,0,10.5320,0.0160
5254,0,10.5660,0.0340
5254,0,10.5830,0.0170
5254,0,10.6120,0.0290
5254,0,10.6300,0.0180
5254,0,10.6600,0.0300
5254,0,10.6740,0.0140
5254,0,10.7080,0.0340
5254,0,10.7220,0.0140
5254,0,10.7540,0.0320
5254,0,10.7690,0.0150
30,0,10.7860,0.0170
30,0,10.7970,0.0110
30,0,10.8130,0.0160
22,0,10.8280,0.0150
61,0,10.8940,0.0660
22,0,10.9260,0.0320
29,0,10.9420,0.0160
37,0,10.9610,0.0190
40,0,10.9640,0.0030
49,0,10.9690,0.0050
80,3,10.9850,0.0160
369,0,11.0010,0.0160
80,2,11.0180,0.0170
22,0,11.0950,0.0770
4151,0,11.2230,0.1280
80,0,11.2450,0.0220
54,0,11.2510,0.0060
416,0,11.2830,0.0320
340,0,11.3130,0.0300
416,0,11.3520,0.0390
453,0,11.3790,0.0270
453,0,11.3980,0.0190
453,0,11.4100,0.0120
72,0,11.4890,0.0790
72,0,11.5040,0.0150
416,0,11.5190,0.0150
453,0,11.5350,0.0160
453,0,11.5500,0.0150
22,0,11.5780,0.0280
14,0,11.5940,0.0160
80,0,11.7190,0.1250
15,0,11.7340,0.0150
80,0,11.8350,0.1010
13,0,11.8470,0.0120
91,0,11.8710,0.0240
15,0,11.8780,0.0070
15,0,11.9060,0.0280
15,0,11.9730,0.0670
80,0,11.9840,0.0110
4275,0,12.0170,0.0330
80,0,12.0380,0.0210
14,0,12.0470,0.0090
96,0,12.0710,0.0240
15,0,12.0830,0.0120
61,0,12.1870,0.1040
80,0,12.2080,0.0210
18,0,12.2870,0.0790
201,0,12.3040,0.0170
18,0,12.3150,0.0110
33,0,12.3300,0.0150
453,0,12.3470,0.0170
33,0,12.4100,0.0630
33,0,12.4260,0.0160
76,0,12.4420,0.0160
25,0,12.4720,0.0300
73,0,12.4890,0.0170
140,0,12.5160,0.0270
33,0,12.5310,0.0150
85,0,12.5470,0.0160
61,0,12.5630,0.0160
74,0,12.5780,0.0150
35,0,12.5940,0.0160
51,0,12.6250,0.0310
17,0,12.6560,0.0310
42,0,12.6720,0.0160
340,0,12.7340,0.0620
85,0,12.7660,0.0320
15,0,12.8280,0.0620
24,0,12.8440,0.0160
15,0,12.8600,0.0160
4,0,12.8750,0.0150
25,0,12.9690,0.0940
22,0,12.9860,0.0170
18,0,13.0000,0.0140
25,0,13.0680,0.0680
340,0,13.0800,0.0120
15,0,13.1120,0.0320
