SysID,Thread ID,time,inetrval
14,0,0.2190,0.2190
80,0,0.5300,0.3110
80,0,0.5530,0.0230
80,0,0.5620,0.0090
18,0,0.5780,0.0160
33,0,0.5920,0.0140
18,0,0.6450,0.0530
18,0,0.7500,0.1050
37,0,0.9220,0.1720
55,0,0.9550,0.0330
61,0,1.0030,0.0480
51,0,1.0300,0.0270
49,0,1.1230,0.0930
80,0,1.1550,0.0320
80,0,1.3270,0.1720
80,0,1.4670,0.1400
15,0,1.4880,0.0210
76,0,1.5290,0.0410
416,0,1.5600,0.0310
453,0,1.5770,0.0170
453,0,1.6230,0.0460
453,0,1.6390,0.0160
18,0,1.7650,0.1260
453,0,1.7980,0.0330
453,0,1.8420,0.0440
24,0,1.9830,0.1410
80,0,2.0140,0.0310
453,0,2.0460,0.0320
453,0,2.0760,0.0300
18,0,2.1080,0.0320
51,0,2.2480,0.1400
348,0,2.2640,0.0160
51,0,2.2810,0.0170
15,0,2.3020,0.0210
24,0,2.4210,0.1190
85,0,2.4360,0.0150
54,0,2.5760,0.1400
340,0,2.6090,0.0330
356,0,2.6710,0.0620
453,0,2.8270,0.1560
15,0,2.8430,0.0160
38,0,2.8740,0.0310
15,0,2.9070,0.0330
85,0,2.9360,0.0290
33,0,2.9550,0.0190
15,0,2.9690,0.0140
76,0,2.9840,0.0150
453,0,2.9990,0.0150
293,0,3.0620,0.0630
24,0,3.2820,0.2200
15,0,3.3440,0.0620
37,0,3.4830,0.1390
354,0,3.5470,0.0640
417,0,3.5770,0.0300
196,0,3.6120,0.0350
417,0,3.6220,0.0100
417,0,3.6230,0.0010
80,0,3.6420,0.0190
40,0,3.6550,0.0130
49,0,3.6720,0.0170
49,0,3.6860,0.0140
15,0,3.7080,0.0220
55,0,3.7190,0.0110
40,0,3.7350,0.0160
55,0,3.7490,0.0140
49,0,3.7640,0.0150
24,0,3.7840,0.0200
18,0,3.7970,0.0130
24,0,3.8130,0.0160
55,0,3.8440,0.0310
49,0,3.8580,0.0140
24,0,3.8920,0.0340
55,0,3.9250,0.0330
49,0,3.9530,0.0280
369,0,3.9840,0.0310
67,2,3.9980,0.0140
15,0,4.0140,0.0160
24,2,4.0300,0.0160
15,0,4.0620,0.0320
369,2,4.0780,0.0160
67,3,4.0920,0.0140
80,0,4.1100,0.0180
80,4,4.1230,0.0130
80,0,4.1400,0.0170
49,0,4.1540,0.0140
40,0,4.1710,0.0170
80,0,4.1870,0.0160
55,0,4.2010,0.0140
49,0,4.2170,0.0160
49,0,4.2330,0.0160
14,3,4.2490,0.0160
4,0,4.2810,0.0320
4,0,4.2950,0.0140
18,2,4.3270,0.0320
61,2,4.3900,0.0630
51,2,4.4050,0.0150
49,2,4.4210,0.0160
51,0,4.4680,0.0470
51,0,4.5010,0.0330
76,0,4.5140,0.0130
76,0,4.5320,0.0180
76,0,4.5460,0.0140
416,0,4.5620,0.0160
35,0,4.6560,0.0940
35,0,4.6740,0.0180
35,0,4.7050,0.0310
35,0,4.7190,0.0140
35,0,4.7500,0.0310
35,0,4.7640,0.0140
35,0,4.7810,0.0170
24,0,4.8120,0.0310
73,0,4.8420,0.0300
35,0,4.9680,0.1260
18,0,4.9980,0.0300
23,0,5.0160,0.0180
24,0,5.1560,0.1400
35,0,5.2490,0.0930
35,0,5.2660,0.0170
24,0,5.3600,0.0940
24,0,5.6080,0.2480
416,0,5.7010,0.0930
416,0,5.7650,0.0640
35,0,5.7800,0.0150
54,0,5.7960,0.0160
140,0,5.8270,0.0310
25,0,5.8430,0.0160
453,0,5.8580,0.0150
18,0,5.8740,0.0160
18,0,5.9200,0.0460
18,0,5.9370,0.0170
37,0,5.9510,0.0140
24,0,5.9670,0.0160
80,0,5.9830,0.0160
35,0,6.0620,0.0790
4101,0,6.0770,0.0150
37,0,6.0940,0.0170
297,0,6.1120,0.0180
0,0,6.1730,0.0610
289,0,6.2020,0.0290
22,0,6.2180,0.0160
23,0,6.2490,0.0310
28,0,6.2820,0.0330
18,0,6.2960,0.0140
5349,0,6.3120,0.0160
24,0,6.3450,0.0330
24,0,6.3590,0.0140
73,0,6.4530,0.0940
24,0,6.5640,0.1110
24,0,6.5810,0.0170
35,0,6.5960,0.0150
416,0,6.6430,0.0470
416,0,6.6570,0.0140
453,0,6.6740,0.0170
453,0,6.6890,0.0150
192,0,6.7050,0.0160
51,0,6.7380,0.0330
453,0,6.8140,0.0760
453,0,6.8290,0.0150
24,0,6.9090,0.0800
453,0,6.9860,0.0770
453,0,7.0140,0.0280
453,0,7.0330,0.0190
14,0,7.0620,0.0290
417,0,7.0800,0.0180
14,0,7.0950,0.0150
360,0,7.1420,0.0470
