SysID,Thread ID,time,inetrval
14,0,0.2220,0.2220
80,0,0.5470,0.3250
80,0,0.5780,0.0310
18,0,0.5930,0.0150
18,0,0.6690,0.0760
18,0,0.7660,0.0970
37,0,0.9710,0.2050
55,0,1.0020,0.0310
61,0,1.0330,0.0310
51,0,1.0490,0.0160
40,0,1.0660,0.0170
49,0,1.1560,0.0900
80,0,1.1730,0.0170
80,0,1.1920,0.0190
347,0,1.2030,0.0110
347,0,1.2200,0.0170
80,0,1.3280,0.1080
80,0,1.4850,0.1570
76,0,1.5310,0.0460
416,0,1.5480,0.0170
453,0,1.5790,0.0310
453,0,1.6100,0.0310
453,0,1.6400,0.0300
18,0,1.7660,0.1260
453,0,1.7820,0.0160
453,0,1.8120,0.0300
24,0,1.8280,0.0160
24,0,1.9100,0.0820
80,0,1.9410,0.0310
453,0,1.9540,0.0130
18,0,1.9840,0.0300
51,0,2.1720,0.1880
51,0,2.2190,0.0470
24,0,2.2970,0.0780
85,0,2.3120,0.0150
17,0,2.3280,0.0160
54,0,2.3910,0.0630
340,0,2.4070,0.0160
356,0,2.4710,0.0640
453,0,2.5780,0.1070
15,0,2.5930,0.0150
38,0,2.6090,0.0160
297,0,2.6310,0.0220
15,0,2.6440,0.0130
85,0,2.6720,0.0280
33,0,2.7040,0.0320
15,0,2.7210,0.0170
85,0,2.7350,0.0140
293,0,2.7830,0.0480
24,0,2.9850,0.2020
15,0,3.0490,0.0640
37,0,3.1870,0.1380
354,0,3.2190,0.0320
196,0,3.2360,0.0170
417,0,3.2520,0.0160
80,0,3.2680,0.0160
49,0,3.2970,0.0290
49,0,3.3140,0.0170
369,0,3.3330,0.0190
15,0,3.3430,0.0100
67,2,3.3610,0.0180
1,2,3.3750,0.0140
55,0,3.3960,0.0210
49,0,3.4220,0.0260
80,0,3.4370,0.0150
80,0,3.4530,0.0160
24,0,3.5160,0.0630
18,0,3.5400,0.0240
112,0,3.5800,0.0400
28,2,3.5940,0.0140
14,2,3.6090,0.0150
469,2,3.6250,0.0160
55,0,3.6410,0.0160
24,0,3.6560,0.0150
40,0,3.7030,0.0470
80,0,3.7190,0.0160
15,0,3.7350,0.0160
112,0,3.7510,0.0160
369,0,3.7650,0.0140
14,3,3.7820,0.0170
469,2,3.7820,0.0170
469,2,3.7820,0.017015,0,3.8010,0.0190
49,0,3.8130,0.0120
49,0,3.8310,0.0180
49,0,3.8640,0.0330
80,3,3.8730,0.0090
469,3,3.8740,0.0010
55,0,3.8750,0.0010
369,0,3.8960,0.0210
80,3,3.9060,0.0100
14,2,3.9220,0.0160
18,0,3.9390,0.0170
51,0,3.9580,0.0190
24,0,3.9860,0.0280
369,0,4.0050,0.0190
4,0,4.0130,0.0080
51,2,4.0160,0.0030
49,2,4.0310,0.0150
80,2,4.0470,0.0160
356,3,4.0630,0.0160
18,3,4.0940,0.0310
24,3,4.1250,0.0310
369,2,4.1410,0.0160
80,4,4.1880,0.0470
28,4,4.2050,0.0170
51,3,4.2240,0.0190
49,3,4.2340,0.0100
51,0,4.3170,0.0830
76,0,4.3280,0.0110
51,0,4.3840,0.0560
76,0,4.3910,0.0070
76,0,4.4060,0.0150
76,0,4.4370,0.0310
76,0,4.4570,0.0200
416,0,4.4690,0.0120
24,0,4.5160,0.0470
30,0,4.5320,0.0160
73,0,4.6730,0.1410
24,0,4.6880,0.0150
18,0,4.8180,0.1300
23,0,4.8310,0.0130
23,0,4.8450,0.0140
24,0,4.8920,0.0470
24,0,4.9070,0.0150
35,0,4.9230,0.0160
416,0,4.9870,0.0640
453,0,5.0160,0.0290
453,0,5.0350,0.0190
192,0,5.0490,0.0140
51,0,5.0800,0.0310
453,0,5.1730,0.0930
24,0,5.2690,0.0960
453,0,5.3450,0.0760
416,0,5.3620,0.0170
453,0,5.3910,0.0290
453,0,5.4090,0.0180
416,0,5.4230,0.0140
35,0,5.5160,0.0930
35,0,5.5470,0.0310
35,0,5.5630,0.0160
35,0,5.5790,0.0160
35,0,5.5940,0.0150
24,0,5.6090,0.0150
73,0,5.6420,0.0330
35,0,5.7050,0.0630
24,0,5.7650,0.0600
416,0,5.8010,0.0360
35,0,5.8760,0.0750
35,0,5.8930,0.0170
35,0,5.9100,0.0170
24,0,6.2860,0.3760
416,0,6.3010,0.0150
54,0,6.3150,0.0140
80,0,6.3270,0.0120
80,0,6.3290,0.0020
140,0,6.3500,0.0210
25,0,6.3620,0.0120
453,0,6.3790,0.0170
18,0,6.3920,0.0130
18,0,6.4230,0.0310
18,0,6.4390,0.0160
15,0,6.4560,0.0170
80,0,6.4870,0.0310
247,0,6.5970,0.1100
33,0,6.6430,0.0460
18,0,6.6610,0.0180
19,0,6.7370,0.0760
18,0,6.7530,0.0160
23,0,6.7680,0.0150
15,0,6.7840,0.0160
15,0,6.8000,0.0160
24,0,6.8280,0.0280
35,0,7.0670,0.2390
35,0,7.0830,0.0160
4101,0,7.0950,0.0120
4098,0,7.1110,0.0160
0,0,7.1600,0.0490
25,0,7.1730,0.0130
289,0,7.1910,0.0180
22,0,7.2040,0.0130
23,0,7.2380,0.0340
28,0,7.2520,0.0140
18,0,7.2700,0.0180
5349,0,7.2840,0.0140
416,0,7.3480,0.0640
35,0,7.3600,0.0120
4151,0,7.3940,0.0340
4151,0,7.4070,0.0130
51,0,7.5040,0.0970
74,0,7.5120,0.0080
33,0,7.5150,0.0030
18,0,7.5470,0.0320
73,0,7.5620,0.0150
140,0,7.5780,0.0160
15,0,7.5930,0.0150
105,0,7.6250,0.0320
4151,0,7.6400,0.0150
4162,0,7.6560,0.0160
35,0,7.6710,0.0150
14,0,7.7030,0.0320
417,0,7.7250,0.0220
35,0,7.7540,0.0290
21,0,7.8460,0.0920
21,0,7.8610,0.0150
14,0,7.8760,0.0150
51,0,7.9230,0.0470
340,0,7.9540,0.0310
21,0,7.9700,0.0160
33,0,7.9870,0.0170
33,0,8.0020,0.0150
282,0,8.0190,0.0170
341,0,8.0320,0.0130
18,0,8.0530,0.0210
18,0,8.0630,0.0100
18,0,8.0950,0.0320
23,0,8.1270,0.0320
85,0,8.2180,0.0910
74,0,8.2380,0.0200
18,0,8.2510,0.0130
23,0,8.2670,0.0160
21,0,8.3130,0.0460
21,0,8.3300,0.0170
4,0,8.3760,0.0460
80,0,8.4230,0.0470
51,0,8.4400,0.0170
61,0,8.4550,0.0150
85,0,8.4710,0.0160
85,0,8.4850,0.0140
51,0,8.5180,0.0330
73,0,8.5340,0.0160
51,0,8.5650,0.0310
51,0,8.5810,0.0160
17,0,8.5960,0.0150
15,0,8.6110,0.0150
37,0,8.6440,0.0330
61,0,8.6600,0.0160
24,0,8.6700,0.0100
55,0,8.6720,0.0020
55,0,8.6880,0.0160
369,0,8.7050,0.0170
55,3,8.7180,0.0130
112,3,8.7340,0.0160

22,0,8.8450,0.1110
15,0,8.8610,0.0160
356,0,8.9240,0.0630
444,0,8.9560,0.0320
356,0,9.0030,0.0470
33,0,9.0330,0.0300
22,0,9.0490,0.0160
22,0,9.0670,0.0180
22,0,9.0820,0.0150
22,0,9.0970,0.0150
282,0,9.1100,0.0130
22,0,9.2040,0.0940
453,0,9.2150,0.0110
72,0,9.2210,0.0060
72,0,9.2360,0.0150
453,0,9.2510,0.0150
453,0,9.2710,0.0200
61,0,9.3170,0.0460
51,0,9.3310,0.0140
22,0,9.3790,0.0480
192,0,9.4260,0.0470
192,0,9.4400,0.0140
416,0,9.4720,0.0320
453,0,9.5180,0.0460
416,0,9.5340,0.0160
453,0,9.5970,0.0630
453,0,9.6280,0.0310
14,0,9.6440,0.0160
51,0,9.6600,0.0160
5125,0,9.6740,0.0140
4156,0,9.7050,0.0310
80,0,9.7230,0.0180
4188,0,9.7530,0.0300
4328,0,9.8030,0.0500
24,0,9.8120,0.0090
4,0,9.8450,0.0330
24,0,9.8750,0.0300
4,0,9.8910,0.0160
4,0,9.9070,0.0160
4819,0,9.9380,0.0310
4802,0,9.9590,0.0210
4200,0,9.9710,0.0120
4131,0,10.0030,0.0320
80,0,10.0190,0.0160
4258,0,10.0670,0.0480
4212,0,10.0830,0.0160
4158,0,10.0970,0.0140
4264,0,10.1120,0.0150
4242,0,10.1440,0.0320
4251,0,10.1590,0.0150
4103,0,10.1730,0.0140
5,0,10.1920,0.0190
4192,0,10.2060,0.0140
18,0,10.2370,0.0310
15,0,10.2530,0.0160
51,0,10.2680,0.0150
35,0,10.2850,0.0170
35,0,10.3000,0.0150
4245,0,10.3160,0.0160
4258,0,10.3630,0.0470
4212,0,10.3760,0.0130
4258,0,10.3940,0.0180
4,0,10.4110,0.0170
4158,0,10.4220,0.0110
4264,0,10.4380,0.0160
4212,0,10.4580,0.0200
5230,0,10.4710,0.0130
5412,0,10.5190,0.0480
4103,0,10.5350,0.0160
49,0,10.5490,0.0140
4,0,10.5620,0.0130
453,0,10.5950,0.0330
24,0,10.6150,0.0200
14,0,10.6600,0.0450
4110,0,10.6760,0.0160
4166,0,10.6910,0.0150
5230,0,10.7060,0.0150
4188,0,10.7190,0.0130
5292,0,10.7420,0.0230
4131,0,10.7500,0.0080
4103,0,10.8000,0.0500
4258,0,10.8140,0.0140
4,0,10.8320,0.0180
5230,0,10.8480,0.0160
4162,0,10.8620,0.0140
4158,0,10.8770,0.0150
4187,0,10.8920,0.0150
4212,0,10.9070,0.0150
5412,0,10.9240,0.0170
4106,0,10.9550,0.0310
4787,0,10.9720,0.0170
5,0,10.9870,0.0150
4123,0,11.0030,0.0160
4111,0,11.0190,0.0160
4106,0,11.0650,0.0460
4107,0,11.0840,0.0190
4222,0,11.1120,0.0280
4897,0,11.1280,0.0160
80,0,11.1450,0.0170
5292,0,11.1620,0.0170
4100,0,11.1740,0.0120
4123,0,11.1900,0.0160
194,0,11.2050,0.0150
4177,0,11.2340,0.0290
4187,0,11.2810,0.0470
5,0,11.2970,0.0160
14,5,11.3120,0.0150
4097,0,11.3300,0.0180
21,5,11.3590,0.0290
4098,5,11.3750,0.0160
4097,0,11.3940,0.0190
4,5,11.4080,0.0140
4,5,11.4390,0.0310
4112,5,11.5020,0.0630
5,0,11.5150,0.0130
24,5,11.5500,0.0350
24,5,11.5660,0.0160
5254,5,11.7530,0.1870
8,5,11.7670,0.0140
4162,0,11.7850,0.0180
4115,0,11.7990,0.0140
5254,5,11.8300,0.0310
5254,5,11.8750,0.0450
5254,5,11.8930,0.0180
4123,0,11.9070,0.0140
39,5,11.9250,0.0180
15,5,11.9400,0.0150
4112,5,11.9560,0.0160
5254,5,12.0160,0.0600
5254,5,12.0490,0.0330
30,5,12.0650,0.0160
30,5,12.0790,0.0140
24,5,12.0950,0.0160
4103,5,12.1110,0.0160
4096,0,12.1250,0.0140
4096,0,12.1430,0.0180
5412,0,12.1590,0.0160
5,0,12.1710,0.0120
4300,0,12.1720,0.0010
23,0,12.1910,0.0190
15,0,12.2040,0.0130
61,0,12.2510,0.0470
22,0,12.2830,0.0320
23,0,12.3000,0.0170
37,0,12.3160,0.0160
49,0,12.3250,0.0090
49,0,12.3280,0.0030
49,0,12.3460,0.0180
80,4,12.3580,0.0120
49,0,12.3590,0.0010
40,0,12.3750,0.0160
80,0,12.3920,0.0170
22,0,12.4530,0.0610
453,0,12.4740,0.0210
4151,0,12.5960,0.1220
80,0,12.6130,0.0170
54,0,12.6250,0.0120
54,0,12.6400,0.0150
416,0,12.6560,0.0160
85,0,12.6720,0.0160
340,0,12.6870,0.0150
416,0,12.7340,0.0470
453,0,12.7650,0.0310
453,0,12.7810,0.0160
72,0,12.8850,0.1040
180,0,12.8910,0.0060
453,0,12.9240,0.0330
453,0,12.9430,0.0190
416,0,12.9550,0.0120
22,0,12.9740,0.0190
14,0,12.9890,0.0150
80,0,13.1420,0.1530
15,0,13.1600,0.0180
80,0,13.2510,0.0910
42,0,13.2680,0.0170
91,0,13.2840,0.0160
15,0,13.2990,0.0150
15,0,13.3300,0.0310
15,0,13.3470,0.0170
15,0,13.4110,0.0640
80,0,13.4220,0.0110
15,0,13.4490,0.0270
15,0,13.4510,0.0020
15,0,13.4530,0.0020
80,0,13.4800,0.0270
14,0,13.4830,0.0030
96,0,13.5150,0.0320
15,0,13.5350,0.0200
61,0,13.6560,0.1210
61,0,13.6720,0.0160
80,0,13.6880,0.0160
18,0,13.7710,0.0830
18,0,13.7960,0.0250
297,0,13.7970,0.0010
33,0,13.8180,0.0210
453,0,13.8300,0.0120
25,0,13.8920,0.0620
51,0,13.9240,0.0320
15,0,13.9370,0.0130
51,0,13.9590,0.0220
33,0,13.9690,0.0100
33,0,13.9860,0.0170
23,0,14.0020,0.0160
25,0,14.0510,0.0490
73,0,14.0640,0.0130
140,0,14.0950,0.0310
25,0,14.1110,0.0160
76,0,14.1270,0.0160
85,0,14.1420,0.0150
61,0,14.1600,0.0180
15,0,14.1730,0.0130
35,0,14.1880,0.0150
51,0,14.2040,0.0160
53,0,14.2220,0.0180
17,0,14.2550,0.0330
42,0,14.2830,0.0280
76,0,14.2980,0.0150
340,0,14.3480,0.0500
85,0,14.3940,0.0460
15,0,14.4730,0.0790
28,0,14.4870,0.0140
15,0,14.5000,0.0130
4,0,14.5170,0.0170
25,0,15.2030,0.6860
61,0,15.2200,0.0170
33,0,15.2350,0.0150
17,0,15.2500,0.0150
