SysID,Thread ID,time,inetrval
14,0,0.2200,0.2200
80,0,0.5660,0.3460
80,0,0.5780,0.0120
80,0,0.5940,0.0160
18,0,0.6530,0.0590
18,0,0.7520,0.0990
37,0,0.9210,0.1690
55,0,0.9540,0.0330
61,0,0.9850,0.0310
51,0,1.0030,0.0180
40,0,1.0190,0.0160
49,0,1.0800,0.0610
80,0,1.0990,0.0190
80,0,1.1120,0.0130
347,0,1.1290,0.0170
80,0,1.2350,0.1060
80,0,1.3900,0.1550
76,0,1.4380,0.0480
416,0,1.4540,0.0160
453,0,1.4850,0.0310
453,0,1.5330,0.0480
453,0,1.5520,0.0190
18,0,1.6740,0.1220
453,0,1.6910,0.0170
453,0,1.7190,0.0280
24,0,1.7340,0.0150
24,0,1.8300,0.0960
80,0,1.8620,0.0320
453,0,1.8780,0.0160
453,0,1.8900,0.0120
18,0,1.9060,0.0160
51,0,2.0470,0.1410
15,0,2.0620,0.0150
51,0,2.0940,0.0320
51,0,2.1100,0.0160
24,0,2.2070,0.0970
85,0,2.2190,0.0120
17,0,2.2340,0.0150
54,0,2.3120,0.0780
356,0,2.3750,0.0630
453,0,2.5020,0.1270
38,0,2.5330,0.0310
33,0,2.5500,0.0170
15,0,2.5640,0.0140
85,0,2.5810,0.0170
33,0,2.6120,0.0310
18,0,2.6210,0.0090
15,0,2.6250,0.0040
76,0,2.6410,0.0160
453,0,2.6570,0.0160
293,0,2.7060,0.0490
24,0,2.8930,0.1870
15,0,2.9610,0.0680
37,0,3.0630,0.1020
173,0,3.0840,0.0210
196,0,3.0960,0.0120
417,0,3.1130,0.0170
80,0,3.1250,0.0120
55,0,3.1410,0.0160
40,0,3.1570,0.0160
49,0,3.1720,0.0150
80,0,3.1880,0.0160
49,0,3.2040,0.0160
369,0,3.2250,0.0210
15,0,3.2320,0.0070
67,2,3.2340,0.0020
1,2,3.2500,0.0160
469,2,3.2660,0.0160
55,0,3.2820,0.0160
40,0,3.3120,0.0300
80,2,3.3290,0.0170
24,2,3.3600,0.0310
18,2,3.3750,0.0150
80,0,3.3910,0.0160
24,2,3.4060,0.0150
466,0,3.4220,0.0160
112,2,3.4530,0.0310
469,2,3.4840,0.0310
49,0,3.5060,0.0220
369,0,3.5170,0.0110
24,0,3.5310,0.0140
24,2,3.5780,0.0470
80,0,3.5930,0.0150
469,2,3.6110,0.0180
369,0,3.6250,0.0140
49,0,3.6400,0.0150
49,0,3.6570,0.0170
49,0,3.6730,0.0160
49,0,3.6900,0.0170
49,0,3.7200,0.0300
80,2,3.7340,0.0140
49,0,3.7530,0.0190
369,0,3.7660,0.0130
469,4,3.7960,0.0300
469,3,3.8120,0.0160
51,0,3.8300,0.0180
24,0,3.8600,0.0300
55,0,3.8790,0.0190
51,3,3.9080,0.0290
356,2,3.9220,0.0140
356,2,3.9370,0.0150
18,2,3.9540,0.0170
24,2,4.0000,0.0460
369,3,4.0160,0.0160
15,3,4.0470,0.0310
61,2,4.0630,0.0160
51,2,4.0780,0.0150
51,0,4.1250,0.0470
76,0,4.1450,0.0200
348,0,4.1580,0.0130
51,0,4.1880,0.0300
76,0,4.2050,0.0170
76,0,4.2220,0.0170
76,0,4.2360,0.0140
416,0,4.2510,0.0150
24,0,4.3130,0.0620
24,0,4.3280,0.0150
73,0,4.5480,0.2200
73,0,4.5660,0.0180
18,0,4.7040,0.1380
23,0,4.7370,0.0330
24,0,4.7840,0.0470
24,0,4.7990,0.0150
35,0,4.8160,0.0170
416,0,4.8630,0.0470
416,0,4.8770,0.0140
453,0,4.9070,0.0300
453,0,4.9250,0.0180
72,0,4.9410,0.0160
51,0,4.9560,0.0150
35,0,4.9700,0.0140
453,0,5.0490,0.0790
24,0,5.1440,0.0950
453,0,5.2210,0.0770
453,0,5.2690,0.0480
453,0,5.2820,0.0130
35,0,5.3770,0.0950
35,0,5.4060,0.0290
35,0,5.4230,0.0170
35,0,5.4410,0.0180
24,0,5.4700,0.0290
73,0,5.4860,0.0160
35,0,5.5490,0.0630
24,0,5.6110,0.0620
416,0,5.6580,0.0470
35,0,5.7350,0.0770
35,0,5.7510,0.0160
35,0,5.7660,0.0150
416,0,6.1720,0.4060
54,0,6.1870,0.0150
140,0,6.2030,0.0160
25,0,6.2350,0.0320
18,0,6.2490,0.0140
18,0,6.2650,0.0160
18,0,6.2970,0.0320
18,0,6.3130,0.0160
37,0,6.3280,0.0150
80,0,6.3430,0.0150
247,0,6.4690,0.1260
33,0,6.5310,0.0620
18,0,6.5470,0.0160
19,0,6.6090,0.0620
15,0,6.6250,0.0160
18,0,6.6410,0.0160
23,0,6.6560,0.0150
15,0,6.6720,0.0160
15,0,6.6870,0.0150
24,0,6.7820,0.0950
35,0,6.9840,0.2020
4101,0,7.0000,0.0160
4224,0,7.0150,0.0150
0,0,7.0620,0.0470
15,0,7.0780,0.0160
289,0,7.0930,0.0150
22,0,7.1090,0.0160
289,0,7.1250,0.0160
23,0,7.1560,0.0310
28,0,7.1750,0.0190
5,0,7.1880,0.0130
5349,0,7.2030,0.0150
416,0,7.2180,0.0150
416,0,7.2810,0.0630
35,0,7.2960,0.0150
4151,0,7.3280,0.0320
4151,0,7.3440,0.0160
51,0,7.4370,0.0930
33,0,7.4540,0.0170
18,0,7.4840,0.0300
73,0,7.5000,0.0160
140,0,7.5310,0.0310
105,0,7.5630,0.0320
105,0,7.5780,0.0150
4162,0,7.5940,0.0160
35,0,7.6090,0.0150
14,0,7.6440,0.0350
417,0,7.6580,0.0140
450,0,7.6750,0.0170
35,0,7.6910,0.0160
72,0,7.8140,0.1230
51,0,7.8760,0.0620
340,0,7.8930,0.0170
33,0,7.9400,0.0470
18,0,7.9570,0.0170
24,0,7.9710,0.0140
23,0,7.9860,0.0150
18,0,8.0010,0.0150
18,0,8.0330,0.0320
18,0,8.0510,0.0180
23,0,8.0810,0.0300
85,0,8.1260,0.0450
74,0,8.1420,0.0160
40,0,8.1580,0.0160
23,0,8.1750,0.0170
4,0,8.2390,0.0640
4,0,8.3000,0.0610
80,0,8.3450,0.0450
51,0,8.3660,0.0210
61,0,8.3780,0.0120
85,0,8.3950,0.0170
85,0,8.4080,0.0130
51,0,8.4540,0.0460
51,0,8.4880,0.0340
51,0,8.5190,0.0310
73,0,8.5340,0.0150
51,0,8.5470,0.0130
37,0,8.5780,0.0310
40,0,8.5990,0.0210
24,0,8.6080,0.0090
49,0,8.6110,0.0030
55,0,8.6270,0.0160
28,4,8.6400,0.0130


netrval
       

55,2,8.6570,0.0170
369,2,8.6720,0.0150
112,4,8.6870,0.0150
466,2,8.7030,0.0160
22,0,8.7980,0.0950
23,0,8.8170,0.0190
24,0,8.8770,0.0600
356,0,8.8940,0.0170
444,0,8.9240,0.0300
356,0,8.9720,0.0480
33,0,9.0020,0.0300
22,0,9.0170,0.0150
410,0,9.0340,0.0170
22,0,9.0480,0.0140
22,0,9.0670,0.0190
282,0,9.0810,0.0140
33,0,9.0960,0.0150
22,0,9.1590,0.0630
72,0,9.1750,0.0160
64,0,9.1910,0.0160
453,0,9.2080,0.0170
453,0,9.2200,0.0120
61,0,9.2820,0.0620
22,0,9.3310,0.0490
416,0,9.3470,0.0160
192,0,9.3750,0.0280
192,0,9.3960,0.0210
416,0,9.4090,0.0130
416,0,9.4400,0.0310
453,0,9.4710,0.0310
416,0,9.4870,0.0160
453,0,9.5630,0.0760
416,0,9.5800,0.0170
453,0,9.6110,0.0310
61,0,9.6270,0.0160
51,0,9.6410,0.0140
4,0,9.6590,0.0180
4,0,9.6880,0.0290
61,0,9.7510,0.0630
24,0,9.7830,0.0320
24,0,9.7980,0.0150
5254,0,10.0010,0.2030
5254,0,10.0350,0.0340
5254,0,10.0940,0.0590
5254,0,10.1260,0.0320
5254,0,10.1410,0.0150
5254,0,10.1760,0.0350
5254,0,10.2070,0.0310
5254,0,10.2380,0.0310
5254,0,10.2520,0.0140
5254,0,10.2680,0.0160
5254,0,10.3000,0.0320
5254,0,10.3300,0.0300
5254,0,10.3450,0.0150
5254,0,10.3770,0.0320
5254,0,10.3940,0.0170
5254,0,10.4230,0.0290
5254,0,10.4400,0.0170
5254,0,10.4710,0.0310
5254,0,10.4880,0.0170
5254,0,10.5020,0.0140
5254,0,10.5310,0.0290
5254,0,10.5470,0.0160
5254,0,10.5800,0.0330
5254,0,10.5950,0.0150
5254,0,10.6090,0.0140
5254,0,10.6280,0.0190
39,0,10.6710,0.0430
30,0,10.7030,0.0320
30,0,10.7220,0.0190
24,0,10.7360,0.0140
22,0,10.7520,0.0160
15,0,10.7680,0.0160
61,0,10.8280,0.0600
22,0,10.8660,0.0380
29,0,10.8810,0.0150
23,0,10.8920,0.0110
40,0,10.9040,0.0120
49,0,10.9060,0.0020
80,3,10.9250,0.0190
28,3,10.9360,0.0110
28,3,10.9360,0.0110
80,0,10.9380,0.0020
80,3,10.9540,0.0160
469,4,10.9690,0.0150
22,0,11.0470,0.0780
453,0,11.0640,0.0170
4151,0,11.1880,0.1240
80,0,11.2070,0.0190
54,0,11.2210,0.0140
54,0,11.2370,0.0160
416,0,11.2530,0.0160
85,0,11.2680,0.0150
340,0,11.2830,0.0150
416,0,11.3300,0.0470
453,0,11.3780,0.0480
453,0,11.3920,0.0140
72,0,11.4890,0.0970
416,0,11.5040,0.0150
453,0,11.5320,0.0280
453,0,11.5510,0.0190
22,0,11.5820,0.0310
14,0,11.5970,0.0150
80,0,11.7340,0.1370
15,0,11.7500,0.0160
80,0,11.8480,0.0980
42,0,11.8610,0.0130
91,0,11.8760,0.0150
15,0,11.8930,0.0170
15,0,11.9100,0.0170
15,0,11.9250,0.0150
15,0,12.0010,0.0760
4275,0,12.0330,0.0320
80,0,12.0650,0.0320
96,0,12.0990,0.0340
61,0,12.2040,0.1050
80,0,12.2200,0.0160
18,0,12.3150,0.0950
18,0,12.3280,0.0130
297,0,12.3490,0.0210
18,0,12.3600,0.0110
453,0,12.3770,0.0170
25,0,12.4400,0.0630
28,0,12.4540,0.0140
51,0,12.4710,0.0170
323,0,12.4840,0.0130
51,0,12.5030,0.0190
25,0,12.5190,0.0160
33,0,12.5300,0.0110
18,0,12.5310,0.0010
33,0,12.5500,0.0190
15,0,12.5630,0.0130
25,0,12.6110,0.0480
140,0,12.6410,0.0300
25,0,12.6570,0.0160
76,0,12.6740,0.0170
61,0,12.7060,0.0320
15,0,12.7220,0.0160
35,0,12.7370,0.0150
51,0,12.7650,0.0280
17,0,12.8170,0.0520
6,0,12.8310,0.0140
42,0,12.8620,0.0310
76,0,12.8780,0.0160
340,0,12.9390,0.0610
85,0,12.9910,0.0520
15,0,13.0640,0.0730
24,0,13.0810,0.0170
15,0,13.0940,0.0130
4,0,13.1230,0.0290
