SysID,Thread ID,time,inetrval
14,0,0.2250,0.2250
80,0,0.5940,0.3690
80,0,0.6100,0.0160
80,0,0.6390,0.0290
80,0,0.6400,0.0010
18,0,0.6410,0.0010
18,0,0.6730,0.0320
18,0,0.7860,0.1130
37,0,0.9720,0.1860
55,0,1.0010,0.0290
61,0,1.0330,0.0320
51,0,1.0620,0.0290
49,0,1.1720,0.1100
80,0,1.1880,0.0160
80,0,1.2030,0.0150
347,0,1.2200,0.0170
80,0,1.3470,0.1270
80,0,1.5320,0.1850
76,0,1.5940,0.0620
416,0,1.6200,0.0260
453,0,1.6420,0.0220
453,0,1.6750,0.0330
453,0,1.6970,0.0220
18,0,1.8130,0.1160
23,0,1.8280,0.0150
453,0,1.8480,0.0200
453,0,1.8760,0.0280
24,0,1.8910,0.0150
24,0,1.9690,0.0780
80,0,2.0190,0.0500
453,0,2.0320,0.0130
453,0,2.0490,0.0170
18,0,2.0790,0.0300
51,0,2.2500,0.1710
51,0,2.2970,0.0470
24,0,2.3600,0.0630
85,0,2.4240,0.0640
17,0,2.4380,0.0140
54,0,2.5780,0.1400
340,0,2.5980,0.0200
356,0,2.6580,0.0600
453,0,2.7680,0.1100
15,0,2.7820,0.0140
38,0,2.8140,0.0320
15,0,2.8450,0.0310
85,0,2.8610,0.0160
33,0,2.8760,0.0150
15,0,2.8930,0.0170
76,0,2.9070,0.0140
453,0,2.9230,0.0160
293,0,2.9690,0.0460
24,0,3.1590,0.1900
15,0,3.2670,0.1080
37,0,3.3800,0.1130
354,0,3.3930,0.0130
173,0,3.4080,0.0150
144,0,3.4240,0.0160
80,0,3.4380,0.0140
55,0,3.4560,0.0180
49,0,3.4700,0.0140
55,0,3.4910,0.0210
49,0,3.5000,0.0090
55,0,3.5300,0.0300
40,0,3.5320,0.0020
24,0,3.5500,0.0180
18,0,3.5670,0.0170
24,0,3.5850,0.0180
55,0,3.6170,0.0320
49,0,3.6260,0.0090
24,0,3.6640,0.0380
40,0,3.6930,0.0290
49,0,3.7030,0.0100
49,0,3.7210,0.0180
369,0,3.7720,0.0510
67,2,3.7820,0.0100
1,2,3.7970,0.0150
15,0,3.8130,0.0160
369,2,3.8450,0.0320
1,3,3.8750,0.0300
14,3,3.8910,0.0160
469,2,3.9080,0.0170
80,0,3.9240,0.0160
469,2,3.9420,0.0180
51,0,3.9710,0.0290
76,0,3.9910,0.0200
51,0,4.0060,0.0150
348,0,4.0220,0.0160
76,0,4.0370,0.0150
416,0,4.0530,0.0160
35,0,4.1590,0.1060
35,0,4.1770,0.0180
35,0,4.1880,0.0110
35,0,4.2190,0.0310
35,0,4.2510,0.0320
24,0,4.3060,0.0550
73,0,4.3170,0.0110
35,0,4.4690,0.1520
18,0,4.5000,0.0310
23,0,4.5320,0.0320
24,0,4.6100,0.0780
416,0,4.6560,0.0460
24,0,4.7190,0.0630
35,0,4.7500,0.0310
35,0,4.7780,0.0280
35,0,4.7820,0.0040
24,0,4.8460,0.0640
24,0,5.0850,0.2390
416,0,5.1730,0.0880
24,0,5.2260,0.0530
416,0,5.2550,0.0290
35,0,5.2760,0.0210
416,0,5.2840,0.0080
80,0,5.3000,0.0160
140,0,5.3190,0.0190
25,0,5.3350,0.0160
453,0,5.3510,0.0160
18,0,5.3610,0.0100
18,0,5.4110,0.0500
18,0,5.4230,0.0120
37,0,5.4390,0.0160
80,0,5.4710,0.0320
35,0,5.5640,0.0930
4101,0,5.5790,0.0150
37,0,5.5970,0.0180
297,0,5.6110,0.0140
0,0,5.6600,0.0490
15,0,5.6750,0.0150
289,0,5.6890,0.0140
22,0,5.7200,0.0310
23,0,5.7380,0.0180
28,0,5.7830,0.0450
18,0,5.7980,0.0150
5349,0,5.8150,0.0170
4353,0,5.8630,0.0480
4239,0,5.8770,0.0140
35,0,5.9250,0.0480
35,0,5.9550,0.0300
25,0,5.9900,0.0350
74,0,6.0040,0.0140
357,0,6.0360,0.0320
94,0,6.0440,0.0080
54,0,6.0480,0.0040
15,0,6.0620,0.0140
42,0,6.0780,0.0160
35,0,6.1430,0.0650
417,0,6.1960,0.0530
14,0,6.2040,0.0080
