SysID,Thread ID,time,inetrval
14,0,0.2390,0.2390
80,0,0.5470,0.3080
80,0,0.5630,0.0160
18,0,0.5790,0.0160
18,0,0.6410,0.0620
18,0,0.7370,0.0960
37,0,0.9220,0.1850
55,0,0.9530,0.0310
61,0,0.9840,0.0310
51,0,1.0160,0.0320
49,0,1.0950,0.0790
80,0,1.1140,0.0190
347,0,1.1450,0.0310
80,0,1.2520,0.1070
80,0,1.4690,0.2170
15,0,1.4900,0.0210
76,0,1.5320,0.0420
416,0,1.5500,0.0180
453,0,1.5820,0.0320
453,0,1.6090,0.0270
453,0,1.6260,0.0170
18,0,1.7510,0.1250
15,0,1.7670,0.0160
453,0,1.7980,0.0310
24,0,1.8260,0.0280
24,0,1.9080,0.0820
80,0,1.9380,0.0300
453,0,1.9540,0.0160
453,0,1.9740,0.0200
18,0,2.0020,0.0280
51,0,2.1720,0.1700
15,0,2.1900,0.0180
51,0,2.2040,0.0140
51,0,2.2220,0.0180
24,0,2.2980,0.0760
85,0,2.3140,0.0160
17,0,2.3290,0.0150
54,0,2.4070,0.0780
356,0,2.4690,0.0620
453,0,2.5940,0.1250
15,0,2.6090,0.0150
38,0,2.6250,0.0160
33,0,2.6450,0.0200
15,0,2.6580,0.0130
85,0,2.6890,0.0310
33,0,2.7040,0.0150
15,0,2.7220,0.0180
76,0,2.7350,0.0130
85,0,2.7520,0.0170
15,0,2.7620,0.0100
293,0,2.7970,0.0350
24,0,3.0000,0.2030
15,0,3.0780,0.0780
42,0,3.1130,0.0350
37,0,3.2200,0.1070
354,0,3.2350,0.0150
205,0,3.2510,0.0160
196,0,3.2680,0.0170
80,0,3.2820,0.0140
55,0,3.2980,0.0160
49,0,3.3170,0.0190
49,0,3.3300,0.0130
15,0,3.3500,0.0200
55,0,3.3620,0.0120
80,0,3.3780,0.0160
49,0,3.3920,0.0140
18,0,3.4240,0.0320
24,0,3.4410,0.0170
55,0,3.4570,0.0160
49,0,3.4710,0.0140
24,0,3.4890,0.0180
40,0,3.5350,0.0460
49,0,3.5470,0.0120
369,0,3.5810,0.0340
15,0,3.5970,0.0160
67,2,3.6100,0.0130
1,2,3.6250,0.0150
24,2,3.6400,0.0150
469,2,3.6410,0.0010
369,2,3.6720,0.0310
15,0,3.6870,0.0150
67,3,3.6870,0.0150
80,2,3.7030,0.0160
80,4,3.7370,0.0340
80,3,3.7500,0.0130
49,0,3.7660,0.0160
49,0,3.7870,0.0210
15,0,3.7980,0.0110
80,0,3.8120,0.0140
28,2,3.8280,0.0160
49,0,3.8460,0.0180
49,0,3.8600,0.0140
80,0,3.8750,0.0150
51,0,3.9250,0.0500
51,0,3.9420,0.0170
51,0,3.9560,0.0140
76,0,3.9710,0.0150
76,0,3.9870,0.0160
76,0,4.0010,0.0140
416,0,4.0220,0.0210
35,0,4.1130,0.0910
35,0,4.1420,0.0290
35,0,4.1590,0.0170
35,0,4.1890,0.0300
35,0,4.2070,0.0180
24,0,4.2400,0.0330
73,0,4.2680,0.0280
35,0,4.4120,0.1440
18,0,4.4370,0.0250
23,0,4.4890,0.0520
24,0,4.5690,0.0800
416,0,4.6110,0.0420
24,0,4.6720,0.0610
35,0,4.7030,0.0310
35,0,4.7190,0.0160
35,0,4.7350,0.0160
24,0,5.0310,0.2960
416,0,5.1400,0.1090
416,0,5.2030,0.0630
25,0,5.2190,0.0160
35,0,5.2340,0.0150
54,0,5.2500,0.0160
140,0,5.2810,0.0310
25,0,5.2970,0.0160
453,0,5.3120,0.0150
18,0,5.3280,0.0160
18,0,5.3590,0.0310
18,0,5.3750,0.0160
15,0,5.3910,0.0160
24,0,5.4070,0.0160
80,0,5.4370,0.0300
247,0,5.5310,0.0940
33,0,5.5780,0.0470
18,0,5.5940,0.0160
19,0,5.6090,0.0150
19,0,5.6730,0.0640
18,0,5.6880,0.0150
23,0,5.7100,0.0220
15,0,5.7380,0.0280
35,0,6.0180,0.2800
4101,0,6.0360,0.0180
4224,0,6.0500,0.0140
0,0,6.0950,0.0450
289,0,6.1260,0.0310
22,0,6.1440,0.0180
23,0,6.1770,0.0330
28,0,6.2070,0.0300
18,0,6.2230,0.0160
5349,0,6.2390,0.0160
24,0,6.2840,0.0450
73,0,6.3790,0.0950
24,0,6.3940,0.0150
24,0,6.5000,0.1060
24,0,6.5160,0.0160
35,0,6.5310,0.0150
416,0,6.5630,0.0320
416,0,6.5940,0.0310
453,0,6.6090,0.0150
192,0,6.6250,0.0160
72,0,6.6410,0.0160
51,0,6.6560,0.0150
35,0,6.6720,0.0160
453,0,6.7500,0.0780
24,0,6.8590,0.1090
453,0,6.9060,0.0470
453,0,6.9530,0.0470
453,0,6.9690,0.0160
417,0,6.9840,0.0150
14,0,7.0000,0.0160
73,0,7.0780,0.0780
24,0,7.2340,0.1560
35,0,7.2500,0.0160
35,0,7.3750,0.1250
25,0,7.3910,0.0160
428,0,7.4100,0.0190
74,0,7.4260,0.0160
60,0,7.4420,0.0160
357,0,7.4550,0.0130
94,0,7.4670,0.0120
54,0,7.4690,0.0020
15,0,7.4850,0.0160
121,0,7.5000,0.0150
25,0,7.5160,0.0160
25,0,7.5330,0.0170
24,0,7.5510,0.0180
80,0,7.6750,0.1240
61,0,7.6890,0.0140
24,0,7.7370,0.0480
18,0,7.7690,0.0320
322,0,7.8010,0.0320
24,0,7.8140,0.0130
297,0,7.8320,0.0180
33,0,7.8470,0.0150
453,0,7.8630,0.0160
33,0,7.9390,0.0760
33,0,7.9570,0.0180
15,0,7.9740,0.0170
25,0,8.0040,0.0300
73,0,8.0190,0.0150
140,0,8.0820,0.0630
340,0,8.1300,0.0480
24,0,8.1600,0.0300
15,0,8.1720,0.0120
91,0,8.1880,0.0160
15,0,8.8280,0.6400
44,0,8.8460,0.0180
