SysID,Thread ID,time,inetrval
14,0,0.2190,0.2190
80,0,0.5330,0.3140
80,0,0.5480,0.0150
23,0,0.5650,0.0170
18,0,0.6080,0.0430
18,0,0.7170,0.1090
37,0,0.8890,0.1720
55,0,0.9210,0.0320
61,0,0.9520,0.0310
51,0,0.9670,0.0150
40,0,0.9830,0.0160
49,0,1.0450,0.0620
80,0,1.0610,0.0160
347,0,1.0920,0.0310
80,0,1.1770,0.0850
80,0,1.3080,0.1310
15,0,1.3110,0.0030
76,0,1.3580,0.0470
416,0,1.3740,0.0160
453,0,1.4060,0.0320
453,0,1.4360,0.0300
453,0,1.4520,0.0160
18,0,1.5780,0.1260
453,0,1.5980,0.0200
453,0,1.6250,0.0270
24,0,1.6420,0.0170
24,0,1.7330,0.0910
80,0,1.7660,0.0330
453,0,1.7830,0.0170
18,0,1.8140,0.0310
51,0,1.9520,0.1380
51,0,1.9850,0.0330
24,0,2.0610,0.0760
85,0,2.0760,0.0150
40,0,2.0920,0.0160
54,0,2.1390,0.0470
340,0,2.1550,0.0160
356,0,2.2340,0.0790
453,0,2.3740,0.1400
15,0,2.3900,0.0160
38,0,2.4060,0.0160
297,0,2.4210,0.0150
15,0,2.4530,0.0320
85,0,2.4680,0.0150
33,0,2.4870,0.0190
23,0,2.4980,0.0110
15,0,2.4990,0.0010
76,0,2.5160,0.0170
293,0,2.5650,0.0490
24,0,2.7490,0.1840
15,0,2.8140,0.0650
37,0,2.9220,0.1080
173,0,2.9440,0.0220
196,0,2.9530,0.0090
417,0,2.9710,0.0180
80,0,2.9840,0.0130
40,0,3.0010,0.0170
49,0,3.0140,0.0130
49,0,3.0340,0.0200
369,0,3.0660,0.0320
67,2,3.0920,0.0260
1,2,3.1090,0.0170
469,2,3.1240,0.0150
55,0,3.1710,0.0470
24,2,3.2180,0.0470
18,2,3.2330,0.0150
24,2,3.2490,0.0160
466,0,3.2800,0.0310
112,2,3.2960,0.0160
28,2,3.3120,0.0160
14,2,3.3270,0.0150
469,2,3.3590,0.0320
49,0,3.3770,0.0180
24,2,3.3890,0.0120
112,2,3.4050,0.0160
40,0,3.4530,0.0480
369,0,3.4680,0.0150
80,3,3.4830,0.0150
80,3,3.4990,0.0160
49,0,3.5300,0.0310
49,0,3.5510,0.0210
49,0,3.5620,0.0110
80,3,3.5840,0.0220
49,0,3.5920,0.0080
369,0,3.6110,0.0190
80,3,3.6210,0.0100
80,2,3.6240,0.0030
18,0,3.6400,0.0160
469,2,3.6710,0.0310
24,0,3.6920,0.0210
369,0,3.7040,0.0120
55,0,3.7190,0.0150
356,0,3.7490,0.0300
356,0,3.7650,0.0160
74,2,3.7650,0.0160
18,0,3.7960,0.0310
80,2,3.8110,0.0150
80,2,3.8260,0.0150
80,2,3.8580,0.0320
51,0,3.8740,0.0160
80,0,3.8900,0.0160
469,2,3.9050,0.0150
51,0,3.9580,0.0530
51,0,3.9710,0.0130
76,0,3.9850,0.0140
51,0,4.0080,0.0230
76,0,4.0190,0.0110
76,0,4.0330,0.0140
76,0,4.0550,0.0220
416,0,4.0670,0.0120
24,0,4.1130,0.0460
73,0,4.2510,0.1380
24,0,4.2730,0.0220
18,0,4.3940,0.1210
23,0,4.4100,0.0160
23,0,4.4320,0.0220
24,0,4.4990,0.0670
24,0,4.5300,0.0310
35,0,4.5460,0.0160
416,0,4.5930,0.0470
416,0,4.6270,0.0340
453,0,4.6480,0.0210
453,0,4.6580,0.0100
51,0,4.6910,0.0330
7,0,4.7000,0.0090
35,0,4.7030,0.0030
453,0,4.7830,0.0800
24,0,4.8740,0.0910
453,0,4.9370,0.0630
453,0,4.9830,0.0460
416,0,4.9980,0.0150
35,0,5.0780,0.0800
35,0,5.1080,0.0300
35,0,5.1400,0.0320
24,0,5.1730,0.0330
73,0,5.1970,0.0240
35,0,5.2530,0.0560
24,0,5.3150,0.0620
416,0,5.3290,0.0140
35,0,5.4050,0.0760
35,0,5.4320,0.0270
35,0,5.4390,0.0070
24,0,5.7960,0.3570
416,0,5.8580,0.0620
54,0,5.8740,0.0160
140,0,5.8890,0.0150
25,0,5.9200,0.0310
18,0,5.9360,0.0160
18,0,5.9520,0.0160
18,0,5.9670,0.0150
18,0,5.9830,0.0160
23,0,5.9980,0.0150
37,0,6.0140,0.0160
80,0,6.0300,0.0160
247,0,6.1230,0.0930
247,0,6.1390,0.0160
33,0,6.1860,0.0470
18,0,6.2010,0.0150
19,0,6.2640,0.0630
18,0,6.2800,0.0160
23,0,6.2950,0.0150
15,0,6.3110,0.0160
18,0,6.3270,0.0160
35,0,6.5920,0.2650
4101,0,6.6080,0.0160
4224,0,6.6240,0.0160
66,0,6.6390,0.0150
0,0,6.6710,0.0320
15,0,6.6860,0.0150
289,0,6.7020,0.0160
22,0,6.7200,0.0180
23,0,6.7490,0.0290
28,0,6.7640,0.0150
18,0,6.7800,0.0160
5349,0,6.7950,0.0150
416,0,6.8580,0.0630
35,0,6.8740,0.0160
4151,0,6.9050,0.0310
453,0,6.9200,0.0150
51,0,6.9990,0.0790
33,0,7.0140,0.0150
18,0,7.0300,0.0160
15,0,7.0460,0.0160
73,0,7.0610,0.0150
140,0,7.0760,0.0150
15,0,7.0920,0.0160
105,0,7.1230,0.0310
4162,0,7.1390,0.0160
35,0,7.1550,0.0160
14,0,7.1960,0.0410
417,0,7.2040,0.0080
35,0,7.2330,0.0290
72,0,7.3480,0.1150
51,0,7.3930,0.0450
340,0,7.4250,0.0320
33,0,7.4560,0.0310
33,0,7.4740,0.0180
72,0,7.4860,0.0120
23,0,7.5070,0.0210
18,0,7.5190,0.0120
18,0,7.5470,0.0280
18,0,7.5670,0.0200
23,0,7.5960,0.0290
85,0,7.6280,0.0320
74,0,7.6600,0.0320
15,0,7.6720,0.0120
23,0,7.6930,0.0210
4,0,7.7480,0.0550
4,0,7.7950,0.0470
80,0,7.8420,0.0470
51,0,7.8580,0.0160
85,0,7.8730,0.0150
85,0,7.8890,0.0160
15,0,7.9050,0.0160
51,0,7.9430,0.0380
15,0,7.9580,0.0150
51,0,7.9830,0.0250
51,0,8.0090,0.0260
73,0,8.0180,0.0090
15,0,8.0360,0.0180
37,0,8.0490,0.0130
61,0,8.0700,0.0210
40,0,8.0780,0.0080
49,0,8.0930,0.0150
80,3,8.1080,0.0150
80,3,8.1230,0.0150
49,3,8.1600,0.0370
80,2,8.1690,0.0090
80,4,8.1700,0.0010
112,4,8.1710,0.0010
22,0,8.2830,0.1120
23,0,8.3020,0.0190
24,0,8.3480,0.0460
356,0,8.3670,0.0190
444,0,8.3750,0.0080
356,0,8.4070,0.0320
356,0,8.4370,0.0300
33,0,8.4690,0.0320
22,0,8.4890,0.0200
289,0,8.5020,0.0130
18,0,8.5160,0.0140
22,0,8.5360,0.0200
36,0,8.5480,0.0120
22,0,8.5650,0.0170
22,0,8.6120,0.0470
453,0,8.6270,0.0150
72,0,8.6430,0.0160
453,0,8.6590,0.0160
453,0,8.6740,0.0150
61,0,8.7210,0.0470
42,0,8.7360,0.0150
22,0,8.7680,0.0320
416,0,8.7830,0.0150
192,0,8.8140,0.0310
192,0,8.8300,0.0160
416,0,8.8620,0.0320
453,0,8.9100,0.0480
416,0,8.9230,0.0130
453,0,8.9700,0.0470
453,0,8.9870,0.0170
453,0,9.0180,0.0310
61,0,9.0350,0.0170
73,0,9.0530,0.0180
4,0,9.0640,0.0110
4,0,9.0920,0.0280
61,0,9.1470,0.0550
4,0,9.1590,0.0120
24,0,9.1780,0.0190
24,0,9.1910,0.0130
5254,0,9.3960,0.2050
8,0,9.4110,0.0150
5254,0,9.4440,0.0330
5254,0,9.4800,0.0360
5254,0,9.5040,0.0240
5254,0,9.5320,0.0280
5254,0,9.5670,0.0350
39,0,9.5930,0.0260
61,0,9.6190,0.0260
5254,0,9.6240,0.0050
5254,0,9.6560,0.0320
5254,0,9.6860,0.0300
5254,0,9.7230,0.0370
5254,0,9.7530,0.0300
5254,0,9.7800,0.0270
5254,0,9.7970,0.0170
5254,0,9.8290,0.0320
5254,0,9.8610,0.0320
5254,0,9.8910,0.0300
5254,0,9.9230,0.0320
5254,0,9.9530,0.0300
5254,0,9.9840,0.0310
5254,0,10.0030,0.0190
5254,0,10.0470,0.0440
5254,0,10.0640,0.0170
5254,0,10.0990,0.0350
5254,0,10.1290,0.0300
5254,0,10.1400,0.0110
30,0,10.1580,0.0180
30,0,10.1760,0.0180
22,0,10.1910,0.0150
15,0,10.2090,0.0180
24,0,10.2640,0.0550
22,0,10.2980,0.0340
29,0,10.3180,0.0200
23,0,10.3320,0.0140
40,0,10.3420,0.0100
49,0,10.3430,0.0010
80,2,10.3590,0.0160
369,0,10.3760,0.0170
49,0,10.3890,0.0130
15,0,10.4030,0.0140
80,3,10.4050,0.0020
22,0,10.4670,0.0620
4151,0,10.5990,0.1320
80,0,10.6100,0.0110
54,0,10.6270,0.0170
54,0,10.6390,0.0120
416,0,10.6550,0.0160
340,0,10.6790,0.0240
416,0,10.7190,0.0400
453,0,10.7490,0.0300
453,0,10.7710,0.0220
72,0,10.8620,0.0910
416,0,10.8760,0.0140
453,0,10.9070,0.0310
416,0,10.9260,0.0190
22,0,10.9380,0.0120
14,0,10.9560,0.0180
80,0,11.0940,0.1380
80,0,11.1920,0.0980
13,0,11.2030,0.0110
91,0,11.2230,0.0200
15,0,11.2380,0.0150
15,0,11.2540,0.0160
15,0,11.3120,0.0580
80,0,11.3370,0.0250
80,0,11.3420,0.0050
15,0,11.3680,0.0260
15,0,11.3760,0.0080
80,0,11.3930,0.0170
96,0,11.4060,0.0130
15,0,11.4310,0.0250
61,0,11.5320,0.1010
80,0,11.5530,0.0210
18,0,11.6270,0.0740
18,0,11.6480,0.0210
18,0,11.6550,0.0070
23,0,11.6900,0.0350
453,0,11.7120,0.0220
25,0,11.7510,0.0390
51,0,11.7830,0.0320
15,0,11.8000,0.0170
51,0,11.8150,0.0150
23,0,11.8300,0.0150
18,0,11.8460,0.0160
25,0,11.8940,0.0480
140,0,11.9250,0.0310
25,0,11.9430,0.0180
76,0,11.9570,0.0140
61,0,11.9830,0.0260
35,0,12.0160,0.0330
51,0,12.0460,0.0300
17,0,12.0780,0.0320
42,0,12.1080,0.0300
23,0,12.1240,0.0160
340,0,12.1740,0.0500
85,0,12.2070,0.0330
15,0,12.2680,0.0610
24,0,12.2830,0.0150
82,0,12.2930,0.0100
15,0,12.2950,0.0020
4,0,12.3110,0.0160
25,0,12.3430,0.0320
33,0,12.3600,0.0170
