SysID,Thread ID,time,inetrval
14,0,0.2220,0.2220
80,0,0.5470,0.3250
80,0,0.5630,0.0160
23,0,0.5820,0.0190
18,0,0.6410,0.0590
18,0,0.7360,0.0950
37,0,0.9100,0.1740
55,0,0.9400,0.0300
61,0,0.9710,0.0310
51,0,1.0040,0.0330
49,0,1.0800,0.0760
80,0,1.0970,0.0170
80,0,1.1110,0.0140
347,0,1.1280,0.0170
80,0,1.2210,0.0930
80,0,1.3590,0.1380
15,0,1.3790,0.0200
76,0,1.4220,0.0430
416,0,1.4560,0.0340
453,0,1.5170,0.0610
453,0,1.5940,0.0770
453,0,1.6250,0.0310
18,0,1.7360,0.1110
23,0,1.7520,0.0160
453,0,1.7670,0.0150
453,0,1.7970,0.0300
24,0,1.8130,0.0160
24,0,1.9430,0.1300
80,0,1.9720,0.0290
453,0,1.9850,0.0130
453,0,2.0060,0.0210
18,0,2.0330,0.0270
51,0,2.1730,0.1400
15,0,2.2030,0.0300
51,0,2.2220,0.0190
51,0,2.2350,0.0130
24,0,2.3290,0.0940
85,0,2.3500,0.0210
17,0,2.3600,0.0100
54,0,2.4380,0.0780
340,0,2.4690,0.0310
356,0,2.5630,0.0940
453,0,2.6880,0.1250
15,0,2.7030,0.0150
38,0,2.7230,0.0200
297,0,2.7360,0.0130
15,0,2.7530,0.0170
85,0,2.7840,0.0310
33,0,2.7990,0.0150
23,0,2.8150,0.0160
15,0,2.8270,0.0120
76,0,2.8290,0.0020
453,0,2.8480,0.0190
293,0,2.8940,0.0460
24,0,3.0810,0.1870
15,0,3.1410,0.0600
37,0,3.2660,0.1250
173,0,3.2970,0.0310
417,0,3.3280,0.0310
80,0,3.3440,0.0160
40,0,3.3610,0.0170
49,0,3.3750,0.0140
80,0,3.3910,0.0160
49,0,3.4230,0.0320
369,0,3.4550,0.0320
67,2,3.4840,0.0290
40,0,3.5010,0.0170
80,0,3.5170,0.0160
80,0,3.5310,0.0140
24,2,3.5470,0.0160
466,0,3.5640,0.0170
18,2,3.5780,0.0140
24,2,3.5940,0.0160
112,2,3.6250,0.0310
469,2,3.6420,0.0170
40,0,3.6880,0.0460
80,0,3.7190,0.0310
369,0,3.7350,0.0160
15,0,3.7510,0.0160
55,0,3.7670,0.0160
49,0,3.7820,0.0150
1,3,3.7980,0.0160
466,0,3.8130,0.0150
112,3,3.8290,0.0160
369,0,3.8460,0.0170
67,4,3.8590,0.0130
15,0,3.8590,0.0130
469,4,3.8770,0.0180
369,0,3.8910,0.0140
80,0,3.9050,0.0140
14,2,3.9060,0.0010
49,0,3.9390,0.0330
49,0,3.9550,0.0160
49,0,3.9720,0.0170
80,2,3.9860,0.0140
49,0,4.0040,0.0180
15,0,4.0150,0.0110
369,0,4.0160,0.0010
80,4,4.0330,0.0170
24,0,4.0470,0.0140
18,0,4.0660,0.0190
51,0,4.0940,0.0280
24,0,4.1130,0.0190
369,0,4.1410,0.0280
4,0,4.1720,0.0310
74,3,4.1880,0.0160
40,3,4.2030,0.0150

40,3,4.2030,0.0150
80,3,4.2190,0.0160
23,2,4.2350,0.0160
24,2,4.2510,0.0160
369,3,4.2980,0.0470
15,3,4.3130,0.0150
80,4,4.3280,0.0150
51,2,4.3450,0.0170
51,0,4.4110,0.0660
76,0,4.4240,0.0130
51,0,4.4560,0.0320
76,0,4.4710,0.0150
76,0,4.4870,0.0160
76,0,4.5040,0.0170
76,0,4.5190,0.0150
416,0,4.5350,0.0160
24,0,4.5950,0.0600
30,0,4.6110,0.0160
24,0,4.6320,0.0210
73,0,4.7820,0.1500
73,0,4.8000,0.0180
18,0,4.9560,0.1560
23,0,4.9860,0.0300
24,0,5.0180,0.0320
24,0,5.0320,0.0140
24,0,5.0480,0.0160
35,0,5.0650,0.0170
416,0,5.1100,0.0450
416,0,5.1440,0.0340
25,0,5.1640,0.0200
192,0,5.1750,0.0110
51,0,5.2030,0.0280
453,0,5.2990,0.0960
24,0,5.3930,0.0940
24,0,5.4400,0.0470
453,0,5.4730,0.0330
453,0,5.5020,0.0290
453,0,5.5220,0.0200
35,0,5.6120,0.0900
35,0,5.6260,0.0140
35,0,5.6450,0.0190
35,0,5.6590,0.0140
35,0,5.6740,0.0150
35,0,5.6890,0.0150
73,0,5.7340,0.0450
35,0,5.8040,0.0700
24,0,5.8460,0.0420
24,0,5.8610,0.0150
416,0,5.8910,0.0300
35,0,5.9880,0.0970
35,0,6.0030,0.0150
35,0,6.0190,0.0160
24,0,6.0980,0.0790
416,0,6.4090,0.3110
54,0,6.4260,0.0170
80,0,6.4360,0.0100
80,0,6.4380,0.0020
140,0,6.4570,0.0190
25,0,6.4700,0.0130
18,0,6.4860,0.0160
18,0,6.5010,0.0150
18,0,6.5180,0.0170
18,0,6.5490,0.0310
18,0,6.5640,0.0150
15,0,6.5760,0.0120
23,0,6.5790,0.0030
24,0,6.5970,0.0180
80,0,6.6260,0.0290
247,0,6.7200,0.0940
247,0,6.7340,0.0140
33,0,6.7840,0.0500
18,0,6.7990,0.0150
19,0,6.8610,0.0620
15,0,6.8760,0.0150
18,0,6.8920,0.0160
23,0,6.9080,0.0160
15,0,6.9220,0.0140
18,0,6.9400,0.0180
24,0,7.0010,0.0610
35,0,7.2240,0.2230
4101,0,7.2370,0.0130
4224,0,7.2510,0.0140
66,0,7.2680,0.0170
0,0,7.3000,0.0320
15,0,7.3140,0.0140
289,0,7.3290,0.0150
22,0,7.3460,0.0170
289,0,7.3610,0.0150
23,0,7.3770,0.0160
28,0,7.3930,0.0160
15,0,7.4100,0.0170
5349,0,7.4400,0.0300
416,0,7.5030,0.0630
416,0,7.5190,0.0160
4151,0,7.5490,0.0300
453,0,7.5660,0.0170
51,0,7.6720,0.1060
33,0,7.6880,0.0160
18,0,7.7340,0.0460
73,0,7.7500,0.0160
140,0,7.7810,0.0310
15,0,7.7970,0.0160
105,0,7.8280,0.0310
4162,0,7.8600,0.0320
25,0,7.8800,0.0200
14,0,7.9070,0.0270
417,0,7.9250,0.0180
67,0,7.9380,0.0130
35,0,7.9560,0.0180
72,0,8.0640,0.1080
51,0,8.1290,0.0650
340,0,8.1580,0.0290
33,0,8.1890,0.0310
33,0,8.2110,0.0220
18,0,8.2190,0.0080
24,0,8.2360,0.0170
23,0,8.2520,0.0160
23,0,8.2670,0.0150
18,0,8.2980,0.0310
23,0,8.3310,0.0330
85,0,8.3770,0.0460
74,0,8.3940,0.0170
40,0,8.4100,0.0160
18,0,8.4230,0.0130
4,0,8.4860,0.0630
4,0,8.5490,0.0630
80,0,8.5960,0.0470
51,0,8.6110,0.0150
61,0,8.6260,0.0150
85,0,8.6430,0.0170
85,0,8.6580,0.0150
51,0,8.7060,0.0480
51,0,8.7360,0.0300
51,0,8.7690,0.0330
73,0,8.7820,0.0130
15,0,8.7990,0.0170
37,0,8.8150,0.0160
61,0,8.8290,0.0140
40,0,8.8450,0.0160
49,0,8.8640,0.0190
466,4,8.8750,0.0110
469,4,8.8910,0.0160
112,2,8.9070,0.0160

netrval
         

112,2,8.9070,0.0160

netrval
         

40,3,8.9220,0.0150
80,4,8.9380,0.0160
22,0,9.0310,0.0930
23,0,9.0510,0.0200
24,0,9.1260,0.0750
444,0,9.1590,0.0330
356,0,9.1740,0.0150
356,0,9.2200,0.0460
33,0,9.2510,0.0310
22,0,9.2680,0.0170
289,0,9.2830,0.0150
18,0,9.2980,0.0150
22,0,9.3130,0.0150
282,0,9.3300,0.0170
33,0,9.3450,0.0150
22,0,9.4070,0.0620
453,0,9.4230,0.0160
72,0,9.4380,0.0150
453,0,9.4550,0.0170
453,0,9.4710,0.0160
61,0,9.5330,0.0620
22,0,9.5810,0.0480
416,0,9.5960,0.0150
192,0,9.6270,0.0310
192,0,9.6570,0.0300
416,0,9.6890,0.0320
453,0,9.7200,0.0310
416,0,9.7360,0.0160
453,0,9.8140,0.0780
453,0,9.8470,0.0330
453,0,9.8600,0.0130
61,0,9.8770,0.0170
5125,0,9.9090,0.0320
4156,0,9.9230,0.0140
80,0,9.9400,0.0170
80,0,9.9550,0.0150
4188,0,9.9860,0.0310
4328,0,10.0330,0.0470
4211,0,10.0650,0.0320
4,0,10.0800,0.0150
4,0,10.0950,0.0150
24,0,10.1130,0.0180
4,0,10.1250,0.0120
4,0,10.1420,0.0170
4819,0,10.1890,0.0470
4802,0,10.2030,0.0140
4200,0,10.2220,0.0190
4131,0,10.2510,0.0290
80,0,10.2680,0.0170
4258,0,10.3140,0.0460
4212,0,10.3330,0.0190
4158,0,10.3560,0.0230
4264,0,10.3600,0.0040
4212,0,10.3780,0.0180
4242,0,10.4070,0.0290
4251,0,10.4240,0.0170
5,0,10.4390,0.0150
4103,0,10.4550,0.0160
4192,0,10.4690,0.0140
18,0,10.5040,0.0350
23,0,10.5190,0.0150
51,0,10.5350,0.0160
35,0,10.5490,0.0140
35,0,10.5640,0.0150
4101,0,10.5810,0.0170
4245,0,10.5930,0.0120
4245,0,10.5940,0.0010
4258,0,10.6430,0.0490
4212,0,10.6560,0.0130
4258,0,10.6740,0.0180
4,0,10.6900,0.0160
4158,0,10.7060,0.0160
4264,0,10.7340,0.0280
5230,0,10.7500,0.0160
5412,0,10.7970,0.0470
4103,0,10.8130,0.0160
37,0,10.8280,0.0150
369,0,10.8450,0.0170
453,0,10.8910,0.0460
24,0,10.9060,0.0150
14,0,10.9550,0.0490
4110,0,10.9700,0.0150
4166,0,10.9850,0.0150
5382,0,11.0060,0.0210
4211,0,11.0190,0.0130
5292,0,11.0330,0.0140
4131,0,11.0470,0.0140
4103,0,11.0940,0.0470
4258,0,11.1130,0.0190
4,0,11.1280,0.0150
5230,0,11.1430,0.0150
4162,0,11.1610,0.0180
4212,0,11.1750,0.0140
4187,0,11.1900,0.0150
4212,0,11.2060,0.0160
5412,0,11.2220,0.0160
4106,0,11.2680,0.0460
5,0,11.2840,0.0160
5,0,11.3000,0.0160
4123,0,11.3160,0.0160
4106,0,11.3600,0.0440
4171,0,11.3890,0.0290
4107,0,11.3910,0.0020
4222,0,11.4260,0.0350
4897,0,11.4420,0.0160
80,0,11.4570,0.0150
4131,0,11.4700,0.0130
5292,0,11.4860,0.0160
4123,0,11.5030,0.0170
4103,0,11.5180,0.0150
194,0,11.5330,0.0150
4177,0,11.5470,0.0140
4187,0,11.5940,0.0470
4097,0,11.6260,0.0320
4097,0,11.6720,0.0460
4097,0,11.6880,0.0160
4120,0,11.7050,0.0170
4097,0,11.7200,0.0150
4,5,11.7350,0.0150
4,5,11.7680,0.0330
4112,5,11.8450,0.0770
4103,5,11.8600,0.0150
4103,0,11.8910,0.0310
61,5,11.9120,0.0210
24,5,11.9560,0.0440
24,5,11.9710,0.0150
5254,5,12.2040,0.2330
4103,5,12.2210,0.0170
5254,5,12.2530,0.0320
4162,0,12.2670,0.0140
5254,5,12.2940,0.0270
4123,0,12.2970,0.0030
5254,5,12.3180,0.0210
5254,5,12.3280,0.0100
5254,5,12.3480,0.0200
5254,5,12.3600,0.0120
5254,5,12.3930,0.0330
5254,5,12.4560,0.0630
39,5,12.4850,0.0290
4112,5,12.5030,0.0180
5254,5,12.5310,0.0280
5254,5,12.5640,0.0330
4108,0,12.5770,0.0130
5254,5,12.5970,0.0200
5254,5,12.6090,0.0120
5254,5,12.6420,0.0330
5254,5,12.6600,0.0180
5254,5,12.6900,0.0300
5254,5,12.7050,0.0150
5254,5,12.7350,0.0300
5254,5,12.7510,0.0160
5254,5,12.7820,0.0310
5254,5,12.7990,0.0170
5254,5,12.8140,0.0150
5254,5,12.8300,0.0160
5254,5,12.8620,0.0320
5254,5,12.8760,0.0140
5254,5,12.9080,0.0320
5254,5,12.9390,0.0310
5254,5,12.9700,0.0310
5254,5,13.0020,0.0320
5254,5,13.0170,0.0150
4097,0,13.0320,0.0150
5254,5,13.0640,0.0320
5254,5,13.0810,0.0170
5254,5,13.0940,0.0130
5254,5,13.1140,0.0200
5254,5,13.1290,0.0150
5254,5,13.1410,0.0120
5254,5,13.1570,0.0160
5254,5,13.1730,0.0160
5254,5,13.1910,0.0180
5254,5,13.2050,0.0140
5254,5,13.2210,0.0160
5254,5,13.2380,0.0170
5254,5,13.2520,0.0140
5254,5,13.2690,0.0170
5254,5,13.2830,0.0140
5254,5,13.3010,0.0180
5254,5,13.3150,0.0140
5254,5,13.3320,0.0170
5254,5,13.3460,0.0140
5254,5,13.3600,0.0140
5254,5,13.3770,0.0170
5254,5,13.4090,0.0320
5254,5,13.4250,0.0160
5254,5,13.4390,0.0140
5254,5,13.4550,0.0160
5254,5,13.4690,0.0140
5254,5,13.4870,0.0180
4097,0,13.5020,0.0150
5254,5,13.5180,0.0160
5254,5,13.5320,0.0140
5254,5,13.5500,0.0180
4097,0,13.5610,0.0110
5254,5,13.5630,0.0020
5254,5,13.5950,0.0320
4097,0,13.6090,0.0140
5254,5,13.6430,0.0340
5254,5,13.6570,0.0140
5254,5,13.6900,0.0330
5254,5,13.7040,0.0140
5254,5,13.7200,0.0160
4123,0,13.7350,0.0150
5254,5,13.7520,0.0170
5254,5,13.7670,0.0150
5254,5,13.7820,0.0150
5254,5,13.7990,0.0170
5254,5,13.8150,0.0160
5254,5,13.8290,0.0140
5254,5,13.8440,0.0150
5254,5,13.8610,0.0170
5254,5,13.8930,0.0320
5254,5,13.9070,0.0140
5254,5,13.9220,0.0150
5254,5,13.9410,0.0190
5254,5,13.9540,0.0130
5254,5,13.9700,0.0160
5254,5,13.9860,0.0160
5254,5,14.0020,0.0160
5254,5,14.0170,0.0150
5254,5,14.0500,0.0330
5254,5,14.0660,0.0160
5254,5,14.0780,0.0120
5254,5,14.0980,0.0200
5254,5,14.1140,0.0160
5254,5,14.1250,0.0110
5254,5,14.1440,0.0190
5254,5,14.1730,0.0290
5254,5,14.1890,0.0160
5254,5,14.2040,0.0150
5254,5,14.2200,0.0160
5254,5,14.2360,0.0160
5254,5,14.2520,0.0160
5254,5,14.2700,0.0180
5254,5,14.2830,0.0130
5254,5,14.3150,0.0320
5254,5,14.3300,0.0150
5254,5,14.3480,0.0180
5254,5,14.3610,0.0130
5254,5,14.3780,0.0170
5254,5,14.3940,0.0160
5254,5,14.4100,0.0160
5254,5,14.4230,0.0130
5254,5,14.4540,0.0310
5254,5,14.4860,0.0320
5254,5,14.5020,0.0160
5254,5,14.5190,0.0170
5254,5,14.5340,0.0150
5254,5,14.5520,0.0180
5254,5,14.5630,0.0110
5254,5,14.5780,0.0150
5254,5,14.6100,0.0320
5254,5,14.6280,0.0180
5254,5,14.6590,0.0310
5254,5,14.6730,0.0140
5254,5,14.6890,0.0160
5254,5,14.7040,0.0150
5254,5,14.7210,0.0170
5254,5,14.7690,0.0480
5254,5,14.7840,0.0150
5254,5,14.8150,0.0310
5254,5,14.8480,0.0330
5254,5,14.8590,0.0110
5254,5,14.8910,0.0320
5254,5,14.9220,0.0310
5254,5,14.9390,0.0170
5254,5,14.9540,0.0150
5254,5,14.9700,0.0160
5254,5,14.9870,0.0170
5254,5,15.0480,0.0610
30,5,15.0780,0.0300
4103,5,15.0980,0.0200
60,0,15.1100,0.0120
4096,0,15.1250,0.0150
4250,0,15.1450,0.0200
5412,0,15.1560,0.0110
5,0,15.1570,0.0010
22,0,15.1880,0.0310
15,0,15.2100,0.0220
61,0,15.2680,0.0580
22,0,15.2970,0.0290
23,0,15.3140,0.0170
37,0,15.3290,0.0150
49,0,15.3410,0.0120
369,0,15.3450,0.0040
80,0,15.3600,0.0150
369,0,15.3780,0.0180
49,0,15.3990,0.0210
80,0,15.4060,0.0070
22,0,15.4880,0.0820
4151,0,15.6290,0.1410
80,0,15.6430,0.0140
25,0,15.6600,0.0170
416,0,15.6730,0.0130
85,0,15.7030,0.0300
416,0,15.7500,0.0470
453,0,15.7970,0.0470
453,0,15.8130,0.0160
72,0,15.9060,0.0930
340,0,15.9220,0.0160
453,0,15.9530,0.0310
453,0,15.9690,0.0160
22,0,16.0000,0.0310
14,0,16.0160,0.0160
80,0,16.1560,0.1400
15,0,16.1720,0.0160
80,0,16.2520,0.0800
80,0,16.2710,0.0190
13,0,16.2820,0.0110
91,0,16.2990,0.0170
15,0,16.3330,0.0340
15,0,16.3440,0.0110
15,0,16.4090,0.0650
80,0,16.4220,0.0130
80,0,16.4550,0.0330
96,0,16.4910,0.0360
61,0,16.5960,0.1050
61,0,16.6120,0.0160
80,0,16.6280,0.0160
18,0,16.7070,0.0790
18,0,16.7190,0.0120
297,0,16.7390,0.0200
33,0,16.7520,0.0130
453,0,16.7660,0.0140
25,0,16.8280,0.0620
51,0,16.8440,0.0160
15,0,16.8600,0.0160
51,0,16.8750,0.0150
33,0,16.8910,0.0160
33,0,16.9060,0.0150
76,0,16.9220,0.0160
25,0,16.9690,0.0470
140,0,17.0000,0.0310
25,0,17.0150,0.0150
76,0,17.0310,0.0160
85,0,17.0470,0.0160
61,0,17.0650,0.0180
74,0,17.0800,0.0150
35,0,17.0940,0.0140
51,0,17.1250,0.0310
51,0,17.1410,0.0160
17,0,17.1570,0.0160
42,0,17.1880,0.0310
25,0,17.2040,0.0160
340,0,17.2660,0.0620
85,0,17.3120,0.0460
15,0,17.4080,0.0960
24,0,17.4230,0.0150
28,0,17.4380,0.0150
15,0,17.4540,0.0160
4,0,17.4690,0.0150
