SysID,Thread ID,time,inetrval
14,0,0.2290,0.2290
80,0,0.5150,0.2860
80,0,0.5310,0.0160
80,0,0.5460,0.0150
80,0,0.5470,0.0010
18,0,0.5940,0.0470
18,0,0.6880,0.0940
37,0,0.8630,0.1750
55,0,0.8940,0.0310
61,0,0.9250,0.0310
51,0,0.9410,0.0160
40,0,0.9560,0.0150
49,0,1.0250,0.0690
80,0,1.0340,0.0090
80,0,1.0540,0.0200
347,0,1.0660,0.0120
80,0,1.1560,0.0900
80,0,1.2840,0.1280
15,0,1.3010,0.0170
76,0,1.3280,0.0270
416,0,1.3590,0.0310
453,0,1.3930,0.0340
453,0,1.4220,0.0290
453,0,1.4370,0.0150
18,0,1.5630,0.1260
23,0,1.5780,0.0150
453,0,1.5940,0.0160
453,0,1.6090,0.0150
24,0,1.6260,0.0170
24,0,1.7190,0.0930
80,0,1.7380,0.0190
453,0,1.7590,0.0210
453,0,1.7680,0.0090
18,0,1.8020,0.0340
51,0,1.9230,0.1210
348,0,1.9390,0.0160
51,0,1.9540,0.0150
51,0,1.9740,0.0200
24,0,2.0470,0.0730
85,0,2.0630,0.0160
54,0,2.1280,0.0650
340,0,2.1450,0.0170
356,0,2.1910,0.0460
453,0,2.3480,0.1570
15,0,2.3640,0.0160
38,0,2.3760,0.0120
297,0,2.3920,0.0160
15,0,2.4230,0.0310
85,0,2.4380,0.0150
33,0,2.4540,0.0160
15,0,2.4840,0.0300
85,0,2.5010,0.0170
293,0,2.5480,0.0470
24,0,2.7220,0.1740
15,0,2.7970,0.0750
37,0,2.8940,0.0970
354,0,2.9080,0.0140
173,0,2.9250,0.0170
144,0,2.9400,0.0150
80,0,2.9570,0.0170
55,0,2.9690,0.0120
80,0,2.9980,0.0290
40,0,3.0010,0.0030
369,0,3.0310,0.0300
67,2,3.0620,0.0310
1,2,3.0780,0.0160
469,2,3.0940,0.0160
80,0,3.1400,0.0460
24,2,3.1880,0.0480
466,0,3.2040,0.0160
24,2,3.2250,0.0210
112,2,3.2530,0.0280
28,2,3.2670,0.0140
469,2,3.2980,0.0310
49,0,3.3130,0.0150
80,2,3.3290,0.0160
14,2,3.3440,0.0150
40,0,3.3770,0.0330
49,0,3.3990,0.0220
80,2,3.4060,0.0070
469,3,3.4220,0.0160
469,3,3.4850,0.0630
inetrval
         
469,3,3.4850,0.0630
inetrval
         
15,0,3.5000,0.0150
51,0,3.5180,0.0180
76,0,3.5400,0.0220
76,0,3.5680,0.0280
416,0,3.5780,0.0100
24,0,3.6310,0.0530
24,0,3.6410,0.0100
73,0,3.7650,0.1240
73,0,3.7810,0.0160
18,0,3.9370,0.1560
23,0,3.9690,0.0320
24,0,4.0160,0.0470
23,0,4.0320,0.0160
35,0,4.0470,0.0150
416,0,4.1100,0.0630
416,0,4.1250,0.0150
453,0,4.1400,0.0150
25,0,4.1560,0.0160
192,0,4.1720,0.0160
51,0,4.2030,0.0310
453,0,4.2810,0.0780
24,0,4.3590,0.0780
24,0,4.3750,0.0160
453,0,4.4530,0.0780
453,0,4.5170,0.0640
453,0,4.5320,0.0150
453,0,4.5470,0.0150
417,0,4.5780,0.0310
51,0,4.6880,0.1100
289,0,4.8750,0.1870
22,0,4.8910,0.0160
23,0,4.9220,0.0310
28,0,4.9690,0.0470
15,0,4.9840,0.0150
51,0,5.0000,0.0160
22,0,5.0160,0.0160
15,0,5.0310,0.0150
51,0,5.0630,0.0320
85,0,5.0940,0.0310
15,0,5.1090,0.0150
80,0,5.2190,0.1100
24,0,5.2820,0.0630
18,0,5.3120,0.0300
201,0,5.3280,0.0160
18,0,5.3440,0.0160
33,0,5.3590,0.0150
15,0,5.3740,0.0150
453,0,5.3750,0.0010
33,0,5.4690,0.0940
15,0,5.4850,0.0160
18,0,5.5000,0.0150
25,0,5.5650,0.0650
247,0,5.5970,0.0320
33,0,5.6450,0.0480
18,0,5.6560,0.0110
19,0,5.7230,0.0670
15,0,5.7380,0.0150
33,0,5.7540,0.0160
23,0,5.7680,0.0140
15,0,5.7870,0.0190
18,0,5.7950,0.0080
15,0,5.7970,0.0020
140,0,5.9850,0.1880
340,0,6.0350,0.0500
24,0,6.0630,0.0280
82,0,6.0830,0.0200
15,0,6.0940,0.0110
25,0,6.4840,0.3900
15,0,6.5490,0.0650
15,0,6.5670,0.0180
15,0,6.5810,0.0140
15,0,6.5990,0.0180
15,0,6.6750,0.0760
15,0,6.6910,0.0160
15,0,6.7090,0.0180
