SysID,Thread ID,time,inetrval
14,0,0.2620,0.2620
80,0,0.6100,0.3480
80,0,0.6260,0.0160
80,0,0.6460,0.0200
15,0,0.6570,0.0110
18,0,0.7070,0.0500
18,0,0.8150,0.1080
15,0,0.8360,0.0210
37,0,1.0310,0.1950
55,0,1.0630,0.0320
61,0,1.0950,0.0320
51,0,1.1100,0.0150
40,0,1.1290,0.0190
49,0,1.2040,0.0750
80,0,1.2190,0.0150
80,0,1.2350,0.0160
347,0,1.2680,0.0330
80,0,1.3770,0.1090
80,0,1.5470,0.1700
76,0,1.5940,0.0470
416,0,1.6260,0.0320
453,0,1.6440,0.0180
453,0,1.6880,0.0440
453,0,1.7190,0.0310
18,0,1.8750,0.1560
453,0,1.9060,0.0310
453,0,1.9410,0.0350
24,0,1.9620,0.0210
24,0,2.0950,0.1330
80,0,2.1420,0.0470
80,0,2.1570,0.0150
453,0,2.1770,0.0200
453,0,2.1880,0.0110
18,0,2.2040,0.0160
51,0,2.3750,0.1710
15,0,2.3920,0.0170
51,0,2.4230,0.0310
24,0,2.5160,0.0930
85,0,2.5330,0.0170
17,0,2.5550,0.0220
54,0,2.6250,0.0700
340,0,2.6560,0.0310
356,0,2.7560,0.1000
453,0,2.8760,0.1200
15,0,2.8940,0.0180
38,0,2.9070,0.0130
297,0,2.9250,0.0180
15,0,2.9560,0.0310
85,0,2.9700,0.0140
33,0,3.0160,0.0460
76,0,3.0480,0.0320
85,0,3.0690,0.0210
453,0,3.0790,0.0100
293,0,3.1290,0.0500
24,0,3.3450,0.2160
15,0,3.4140,0.0690
42,0,3.4250,0.0110
37,0,3.5350,0.1100
354,0,3.5510,0.0160
205,0,3.5660,0.0150
196,0,3.5840,0.0180
80,0,3.5980,0.0140
55,0,3.6130,0.0150
49,0,3.6280,0.0150
55,0,3.6470,0.0190
49,0,3.6570,0.0100
369,0,3.6830,0.0260
67,2,3.7030,0.0200
1,2,3.7200,0.0170
40,0,3.7350,0.0150
80,0,3.7970,0.0620
466,2,3.8440,0.0470
24,0,3.8610,0.0170
18,0,3.8840,0.0230
24,0,3.8920,0.0080
112,0,3.9240,0.0320
55,0,3.9380,0.0140
14,2,3.9530,0.0150
469,2,3.9850,0.0320
80,2,4.0020,0.0170
14,2,4.0160,0.0140
40,0,4.0470,0.0310
49,0,4.0670,0.0200
369,0,4.0760,0.0090
15,0,4.0790,0.0030
24,3,4.0940,0.0150
369,0,4.1110,0.0170
80,3,4.1260,0.0150
80,2,4.1430,0.0170
49,0,4.1570,0.0140
49,0,4.1880,0.0310
55,0,4.2070,0.0190
49,0,4.2190,0.0120
80,2,4.2370,0.0180
49,0,4.2500,0.0130
15,0,4.2660,0.0160
369,2,4.2820,0.0160
80,2,4.3130,0.0310
18,0,4.3290,0.0160
14,3,4.3590,0.0300
369,0,4.4230,0.0640
51,3,4.4380,0.0150
4,0,4.4530,0.0150
49,3,4.4690,0.0160
356,2,4.4860,0.0170
80,3,4.5000,0.0140
18,2,4.5170,0.0170
15,3,4.5320,0.0150
28,4,4.5470,0.0150
469,3,4.5620,0.0150
61,2,4.5820,0.0200
61,2,4.5950,0.0130
49,2,4.6100,0.0150
51,0,4.6570,0.0470
76,0,4.6830,0.0260
51,0,4.7080,0.0250
51,0,4.7210,0.0130
76,0,4.7400,0.0190
76,0,4.7530,0.0130
416,0,4.7720,0.0190
416,0,4.7850,0.0130
24,0,4.8440,0.0590
73,0,5.0070,0.1630
24,0,5.0200,0.0130
18,0,5.1570,0.1370
23,0,5.1930,0.0360
24,0,5.2540,0.0610
24,0,5.2700,0.0160
24,0,5.2810,0.0110
35,0,5.3010,0.0200
416,0,5.3480,0.0470
416,0,5.3760,0.0280
453,0,5.4030,0.0270
25,0,5.4070,0.0040
192,0,5.4220,0.0150
51,0,5.4550,0.0330
35,0,5.4690,0.0140
453,0,5.5510,0.0820
24,0,5.6660,0.1150
453,0,5.7340,0.0680
453,0,5.7880,0.0540
453,0,5.7980,0.0100
35,0,5.9090,0.1110
35,0,5.9400,0.0310
35,0,5.9700,0.0300
35,0,5.9880,0.0180
24,0,6.0230,0.0350
73,0,6.0330,0.0100
35,0,6.0980,0.0650
24,0,6.1740,0.0760
416,0,6.2050,0.0310
35,0,6.2990,0.0940
35,0,6.3140,0.0150
35,0,6.3270,0.0130
35,0,6.3280,0.0010
416,0,6.7680,0.4400
54,0,6.7820,0.0140
140,0,6.7990,0.0170
25,0,6.8310,0.0320
18,0,6.8450,0.0140
18,0,6.8610,0.0160
18,0,6.8760,0.0150
18,0,6.9090,0.0330
18,0,6.9230,0.0140
37,0,6.9390,0.0160
24,0,6.9540,0.0150
80,0,6.9710,0.0170
247,0,7.1280,0.1570
33,0,7.1880,0.0600
18,0,7.2090,0.0210
19,0,7.2850,0.0760
18,0,7.3050,0.0200
23,0,7.3160,0.0110
15,0,7.3390,0.0230
18,0,7.3440,0.0050
24,0,7.4390,0.0950
35,0,7.6580,0.2190
35,0,7.6830,0.0250
4101,0,7.6910,0.0080
4098,0,7.7100,0.0190
297,0,7.7190,0.0090
0,0,7.7510,0.0320
15,0,7.7760,0.0250
25,0,7.7820,0.0060
22,0,7.8120,0.0300
23,0,7.8440,0.0320
28,0,7.8750,0.0310
18,0,7.8930,0.0180
5349,0,7.9070,0.0140
416,0,7.9240,0.0170
416,0,7.9870,0.0630
35,0,8.0010,0.0140
4151,0,8.0340,0.0330
4151,0,8.0490,0.0150
51,0,8.1580,0.1090
33,0,8.1730,0.0150
18,0,8.1900,0.0170
17,0,8.2050,0.0150
140,0,8.2380,0.0330
15,0,8.2510,0.0130
105,0,8.2840,0.0330
4162,0,8.3140,0.0300
35,0,8.3330,0.0190
416,0,8.3440,0.0110
14,0,8.3710,0.0270
417,0,8.3760,0.0050
35,0,8.4060,0.0300
21,0,8.5350,0.1290
21,0,8.5520,0.0170
72,0,8.5650,0.0130
51,0,8.6410,0.0760
340,0,8.6650,0.0240
21,0,8.6760,0.0110
33,0,8.6990,0.0230
33,0,8.7060,0.0070
282,0,8.7280,0.0220
24,0,8.7360,0.0080
23,0,8.7610,0.0250
23,0,8.7680,0.0070
18,0,8.7990,0.0310
23,0,8.8280,0.0290
85,0,8.8910,0.0630
74,0,8.9170,0.0260
40,0,8.9240,0.0070
23,0,8.9480,0.0240
21,0,8.9900,0.0420
21,0,9.0050,0.0150
21,0,9.0230,0.0180
4,0,9.0720,0.0490
80,0,9.1270,0.0550
51,0,9.1450,0.0180
85,0,9.1630,0.0180
15,0,9.1720,0.0090
15,0,9.1940,0.0220
51,0,9.2260,0.0320
73,0,9.2380,0.0120
51,0,9.2680,0.0300
51,0,9.2990,0.0310
15,0,9.3210,0.0220
51,0,9.3320,0.0110
37,0,9.3650,0.0330
40,0,9.3800,0.0150
24,0,9.3880,0.0080
49,0,9.3910,0.0030
466,3,9.4070,0.0160
28,3,9.4220,0.01500

netrval
       
 28,3,9.4220,0.01500

netrval
       
 469,3,9.4370,0.0150469,3,9.4370,0.0150

12,2,9.4380,0.0010466,3,9.4380,0.0010

74,4,9.4540,0.0160
80,2,9.4680,0.0140
466,2,9.4690,0.0010
369,3,9.4850,0.0160
22,0,9.5950,0.1100
22,0,9.6170,0.0220
356,0,9.6900,0.0730
444,0,9.7200,0.0300
356,0,9.7820,0.0620
33,0,9.8130,0.0310
22,0,9.8440,0.0310
18,0,9.8670,0.0230
22,0,9.8770,0.0100
282,0,9.9000,0.0230
36,0,9.9090,0.0090
22,0,9.9290,0.0200
22,0,9.9700,0.0410
453,0,10.0010,0.0310
72,0,10.0260,0.0250
64,0,10.0310,0.0050
453,0,10.0560,0.0250
416,0,10.0660,0.0100
61,0,10.1220,0.0560
51,0,10.1260,0.0040
22,0,10.1780,0.0520
416,0,10.1880,0.0100
192,0,10.2530,0.0650
192,0,10.2670,0.0140
416,0,10.2830,0.0160
416,0,10.3320,0.0490
453,0,10.3750,0.0430
416,0,10.3920,0.0170
453,0,10.4700,0.0780
416,0,10.4890,0.0190
453,0,10.5030,0.0140
14,0,10.5320,0.0290
51,0,10.5530,0.0210
15,0,10.5590,0.0060
21,0,10.5640,0.0050
4,0,10.5780,0.0140
4,0,10.6090,0.0310
61,0,10.6880,0.0790
24,0,10.7190,0.0310
24,0,10.7350,0.0160
24,0,10.7500,0.0150
5254,0,10.9580,0.2080
5254,0,10.9880,0.0300
5254,0,11.0190,0.0310
5254,0,11.0470,0.0280
5254,0,11.0790,0.0320
5254,0,11.1100,0.0310
5254,0,11.1410,0.0310
5254,0,11.2190,0.0780
5254,0,11.2350,0.0160
39,0,11.2810,0.0460
61,0,11.2970,0.0160
5254,0,11.3130,0.0160
5254,0,11.3440,0.0310
5254,0,11.3600,0.0160
5254,0,11.3910,0.0310
5254,0,11.4070,0.0160
5254,0,11.4220,0.0150
5254,0,11.4560,0.0340
5254,0,11.4720,0.0160
5254,0,11.5010,0.0290
5254,0,11.5360,0.0350
5254,0,11.5490,0.0130
5254,0,11.5790,0.0300
5254,0,11.6130,0.0340
5254,0,11.6400,0.0270
5254,0,11.6560,0.0160
5254,0,11.6720,0.0160
5254,0,11.6870,0.0150
5254,0,11.7030,0.0160
5254,0,11.7350,0.0320
5254,0,11.7500,0.0150
5254,0,11.7660,0.0160
5254,0,11.7810,0.0150
5254,0,11.7970,0.0160
30,0,11.8130,0.0160
30,0,11.8280,0.0150
24,0,11.8440,0.0160
22,0,11.8600,0.0160
23,0,11.8750,0.0150
61,0,11.9450,0.0700
22,0,11.9840,0.0390
23,0,12.0040,0.0200
40,0,12.0180,0.0140
369,0,12.0350,0.0170
49,0,12.0450,0.0100
55,0,12.0470,0.0020
80,4,12.0620,0.0150
80,4,12.0790,0.0170
22,0,12.1930,0.1140
453,0,12.2050,0.0120
4151,0,12.3440,0.1390
54,0,12.3750,0.0310
54,0,12.3760,0.0010
416,0,12.3970,0.0210
85,0,12.4110,0.0140
340,0,12.4240,0.0130
416,0,12.4560,0.0320
453,0,12.5160,0.0600
453,0,12.5320,0.0160
72,0,12.6250,0.0930
180,0,12.6410,0.0160
416,0,12.6560,0.0150
453,0,12.6880,0.0320
416,0,12.7040,0.0160
22,0,12.7350,0.0310
14,0,12.7500,0.0150
80,0,12.8920,0.1420
15,0,12.9100,0.0180
80,0,13.0080,0.0980
13,0,13.0170,0.0090
91,0,13.0410,0.0240
15,0,13.0470,0.0060
15,0,13.0780,0.0310
15,0,13.1430,0.0650
80,0,13.1580,0.0150
4275,0,13.1740,0.0160
4275,0,13.1910,0.0170
80,0,13.2230,0.0320
96,0,13.2360,0.0130
15,0,13.2660,0.0300
61,0,13.3610,0.0950
61,0,13.3770,0.0160
80,0,13.3940,0.0170
18,0,13.4880,0.0940
18,0,13.5000,0.0120
297,0,13.5200,0.0200
23,0,13.5350,0.0150
453,0,13.5500,0.0150
33,0,13.6160,0.0660
18,0,13.6300,0.0140
18,0,13.6450,0.0150
18,0,13.6520,0.0070
23,0,13.6560,0.0040
25,0,13.7030,0.0470
140,0,13.7350,0.0320
340,0,13.8280,0.0930
85,0,13.8620,0.0340
15,0,13.9410,0.0790
24,0,13.9540,0.0130
15,0,13.9710,0.0170
4,0,13.9840,0.0130
25,0,14.0320,0.0480
22,0,14.0490,0.0170
33,0,14.0680,0.0190
76,0,14.0810,0.0130
61,0,14.1120,0.0310
35,0,14.1560,0.0440
51,0,14.1730,0.0170
17,0,14.2080,0.0350
42,0,14.2210,0.0130
33,0,14.2370,0.0160
15,0,14.2520,0.0150
25,0,14.4220,0.1700
21,0,14.4380,0.0160
39,0,14.4540,0.0160
51,0,14.4690,0.0150
51,0,14.4850,0.0160
4,0,14.5170,0.0320
4,0,14.5320,0.0150
15,0,14.5480,0.0160
215,0,14.5640,0.0160
44,0,14.5950,0.0310
15,0,14.7050,0.1100
15,0,14.7350,0.0300
13,0,14.7510,0.0160
15,0,14.8020,0.0510
13,0,14.8150,0.0130
13,0,14.8770,0.0620
15,0,14.9110,0.0340
15,0,14.9240,0.0130
15,0,14.9560,0.0320
13,0,15.0160,0.0600
4275,0,15.0470,0.0310
13,0,15.1000,0.0530
15,0,15.1300,0.0300
15,0,15.1450,0.0150
13,0,15.1600,0.0150
15,0,15.2670,0.1070
15,0,15.2970,0.0300
15,0,15.3130,0.0160
15,0,15.3760,0.0630
15,0,15.3910,0.0150
