SysID,Thread ID,time,inetrval
14,0,0.2040,0.2040
80,0,0.5000,0.2960
80,0,0.5150,0.0150
23,0,0.5310,0.0160
18,0,0.5780,0.0470
18,0,0.6720,0.0940
37,0,0.8500,0.1780
55,0,0.8790,0.0290
61,0,0.9110,0.0320
51,0,0.9250,0.0140
40,0,0.9410,0.0160
49,0,1.0000,0.0590
80,0,1.0240,0.0240
80,0,1.0310,0.0070
347,0,1.0510,0.0200
80,0,1.1440,0.0930
80,0,1.2660,0.1220
76,0,1.3170,0.0510
416,0,1.3300,0.0130
453,0,1.3600,0.0300
453,0,1.3930,0.0330
453,0,1.4060,0.0130
18,0,1.5160,0.1100
23,0,1.5310,0.0150
453,0,1.5470,0.0160
453,0,1.5780,0.0310
24,0,1.5950,0.0170
24,0,1.6880,0.0930
80,0,1.7190,0.0310
453,0,1.7350,0.0160
453,0,1.7510,0.0160
18,0,1.7660,0.0150
51,0,1.8920,0.1260
348,0,1.9070,0.0150
51,0,1.9230,0.0160
24,0,2.0160,0.0930
17,0,2.0310,0.0150
54,0,2.0940,0.0630
340,0,2.1090,0.0150
356,0,2.1560,0.0470
453,0,2.2970,0.1410
15,0,2.3130,0.0160
38,0,2.3460,0.0330
15,0,2.3750,0.0290
85,0,2.3910,0.0160
33,0,2.4300,0.0390
15,0,2.4370,0.0070
76,0,2.4590,0.0220
85,0,2.4870,0.0280
293,0,2.5350,0.0480
24,0,2.7350,0.2000
15,0,2.7970,0.0620
37,0,2.8920,0.0950
354,0,2.9230,0.0310
196,0,2.9470,0.0240
144,0,2.9530,0.0060
80,0,2.9780,0.0250
55,0,2.9840,0.0060
49,0,3.0000,0.0160
49,0,3.0160,0.0160
80,0,3.0310,0.0150
369,0,3.0470,0.0160
67,2,3.0630,0.0160
1,2,3.0790,0.0160
469,2,3.0940,0.0150
80,0,3.1410,0.0470
80,0,3.1560,0.0150
24,2,3.1880,0.0320
18,2,3.2030,0.0150
466,0,3.2190,0.0160
24,2,3.2380,0.0190
112,2,3.2510,0.0130
28,2,3.2810,0.0300
49,0,3.2970,0.0160
469,2,3.3280,0.0310
80,2,3.3440,0.0160
24,0,3.3600,0.0160
40,0,3.3920,0.0320
80,2,3.4080,0.0160
469,3,3.4220,0.0140
369,0,3.4380,0.0160
15,0,3.4540,0.0160
49,0,3.4680,0.0140
80,0,3.4850,0.0170
24,0,3.4990,0.0140
80,2,3.5000,0.0010
466,3,3.5160,0.0160
80,0,3.5330,0.0170
49,0,3.5470,0.0140
49,0,3.5620,0.0150
49,0,3.5790,0.0170
369,0,3.5940,0.0150
49,0,3.6090,0.0150
80,4,3.6260,0.0170
469,3,3.6410,0.0150
18,0,3.6590,0.0180
469,2,3.6720,0.0130469,2,3.6720,0.0130
24,0,3.7040,0.0320
369,0,3.7200,0.0160
4,0,3.7360,0.0160
51,4,3.7510,0.0150
356,2,3.7660,0.0150
356,2,3.7820,0.0160
18,2,3.8120,0.0300
61,2,3.8590,0.0470
61,2,3.8750,0.0160
369,2,3.8900,0.0150
51,0,3.9390,0.0490
348,0,3.9540,0.0150
51,0,3.9850,0.0310
76,0,4.0010,0.0160
76,0,4.0170,0.0160
76,0,4.0320,0.0150
416,0,4.0480,0.0160
24,0,4.0790,0.0310
30,0,4.0950,0.0160
73,0,4.2200,0.1250
18,0,4.3600,0.1400
23,0,4.3910,0.0310
24,0,4.4220,0.0310
24,0,4.4540,0.0320
35,0,4.5010,0.0470
416,0,4.5630,0.0620
416,0,4.5810,0.0180
453,0,4.5940,0.0130
453,0,4.6100,0.0160
192,0,4.6260,0.0160
51,0,4.6570,0.0310
416,0,4.6730,0.0160
453,0,4.7350,0.0620
24,0,4.8290,0.0940
453,0,4.8910,0.0620
453,0,4.9240,0.0330
453,0,4.9410,0.0170
416,0,4.9570,0.0160
35,0,5.0310,0.0740
35,0,5.0470,0.0160
35,0,5.0630,0.0160
35,0,5.0780,0.0150
35,0,5.0940,0.0160
35,0,5.1090,0.0150
24,0,5.1250,0.0160
73,0,5.1410,0.0160
35,0,5.2030,0.0620
24,0,5.2500,0.0470
24,0,5.2660,0.0160
416,0,5.2810,0.0150
35,0,5.3590,0.0780
35,0,5.3750,0.0160
35,0,5.3910,0.0160
416,0,5.7500,0.3590
54,0,5.7660,0.0160
80,0,5.7810,0.0150
140,0,5.7980,0.0170
25,0,5.8140,0.0160
453,0,5.8310,0.0170
18,0,5.8480,0.0170
18,0,5.8780,0.0300
18,0,5.8880,0.0100
18,0,5.8910,0.0030
23,0,5.9060,0.0150
24,0,5.9220,0.0160
80,0,5.9380,0.0160
247,0,6.0310,0.0930
247,0,6.0470,0.0160
33,0,6.0940,0.0470
19,0,6.1090,0.0150
19,0,6.1720,0.0630
18,0,6.1880,0.0160
23,0,6.2030,0.0150
15,0,6.2190,0.0160
18,0,6.2340,0.0150
24,0,6.3120,0.0780
35,0,6.5000,0.1880
4101,0,6.5150,0.0150
4224,0,6.5310,0.0160
0,0,6.5780,0.0470
25,0,6.5940,0.0160
289,0,6.6100,0.0160
22,0,6.6260,0.0160
23,0,6.6570,0.0310
28,0,6.6730,0.0160
18,0,6.6890,0.0160
5349,0,6.7040,0.0150
416,0,6.7510,0.0470
25,0,6.7670,0.0160
4151,0,6.8130,0.0460
453,0,6.8290,0.0160
51,0,6.9070,0.0780
33,0,6.9290,0.0220
18,0,6.9410,0.0120
17,0,6.9590,0.0180
73,0,6.9720,0.0130
140,0,6.9930,0.0210
15,0,7.0030,0.0100
105,0,7.0370,0.0340
4162,0,7.0510,0.0140
35,0,7.0690,0.0180
25,0,7.0820,0.0130
14,0,7.1090,0.0270
417,0,7.1250,0.0160
35,0,7.1560,0.0310
21,0,7.2340,0.0780
21,0,7.2500,0.0160
14,0,7.2660,0.0160
51,0,7.3120,0.0460
340,0,7.3280,0.0160
21,0,7.3440,0.0160
33,0,7.3590,0.0150
33,0,7.3750,0.0160
18,0,7.3910,0.0160
24,0,7.4070,0.0160
23,0,7.4220,0.0150
23,0,7.4370,0.0150
18,0,7.4690,0.0320
23,0,7.5000,0.0310
85,0,7.5470,0.0470
74,0,7.5620,0.0150
18,0,7.5940,0.0320
21,0,7.6400,0.0460
4,0,7.6560,0.0160
21,0,7.6720,0.0160
4,0,7.7190,0.0470
80,0,7.7650,0.0460
51,0,7.7810,0.0160
85,0,7.7970,0.0160
85,0,7.8120,0.0150
61,0,7.8280,0.0160
51,0,7.8590,0.0310
51,0,7.8900,0.0310
51,0,7.9160,0.0260
17,0,7.9230,0.0070
51,0,7.9440,0.0210
37,0,7.9710,0.0270
61,0,7.9840,0.0130
55,0,7.9980,0.0140
49,0,8.0000,0.0020
55,0,8.0160,0.0160
28,3,8.0390,0.0230
80,0,8.0390,0.0230
15,0,8.0470,0.0080
49,3,8.0630,0.0160


netrval
       

49,3,8.0630,0.0160


netrval
       

466,4,8.0780,0.0150
80,2,8.0960,0.0180
22,0,8.2040,0.1080
24,0,8.2650,0.0610
356,0,8.2810,0.0160
444,0,8.2970,0.0160
356,0,8.3130,0.0160
356,0,8.3440,0.0310
33,0,8.3900,0.0460
22,0,8.4060,0.0160
22,0,8.4220,0.0160
22,0,8.4380,0.0160
282,0,8.4530,0.0150
18,0,8.4690,0.0160
22,0,8.5160,0.0470
453,0,8.5310,0.0150
72,0,8.5470,0.0160
64,0,8.5630,0.0160
453,0,8.5780,0.0150
61,0,8.6400,0.0620
22,0,8.6880,0.0480
192,0,8.7340,0.0460
192,0,8.7510,0.0170
416,0,8.7820,0.0310
453,0,8.8130,0.0310
416,0,8.8290,0.0160
453,0,8.8920,0.0630
416,0,8.9070,0.0150
453,0,8.9220,0.0150
14,0,8.9450,0.0230
61,0,8.9550,0.0100
51,0,8.9740,0.0190
5125,0,8.9870,0.0130
4156,0,9.0040,0.0170
4180,0,9.0190,0.0150
80,0,9.0360,0.0170
4188,0,9.0500,0.0140
4328,0,9.1030,0.0530
4211,0,9.1290,0.0260
4,0,9.1450,0.0160
4,0,9.1590,0.0140
24,0,9.1770,0.0180
4,0,9.1900,0.0130
4,0,9.2070,0.0170
4819,0,9.2370,0.0300
4802,0,9.2520,0.0150
4131,0,9.3000,0.0480
4258,0,9.3470,0.0470
4212,0,9.3630,0.0160
4158,0,9.3780,0.0150
4264,0,9.3940,0.0160
4212,0,9.4090,0.0150
4242,0,9.4390,0.0300
4251,0,9.4530,0.0140
5,0,9.4680,0.0150
5,0,9.4840,0.0160
18,0,9.5310,0.0470
51,0,9.5470,0.0160
35,0,9.5620,0.0150
35,0,9.5780,0.0160
4101,0,9.5940,0.0160
5,0,9.6090,0.0150
4258,0,9.6410,0.0320
4212,0,9.6560,0.0150
4258,0,9.6720,0.0160
4,0,9.6870,0.0150
4158,0,9.7030,0.0160
4264,0,9.7190,0.0160
4212,0,9.7340,0.0150
5230,0,9.7500,0.0160
5412,0,9.7810,0.0310
4103,0,9.7970,0.0160
37,0,9.8120,0.0150
369,0,9.8280,0.0160
453,0,9.8750,0.0470
14,0,9.9220,0.0470
80,0,9.9370,0.0150
4166,0,9.9600,0.0230
4162,0,9.9720,0.0120
4106,0,9.9880,0.0160
5292,0,10.0020,0.0140
4131,0,10.0200,0.0180
4103,0,10.0630,0.0430
4258,0,10.0780,0.0150
4,0,10.0940,0.0160
5225,0,10.1090,0.0150
4258,0,10.1250,0.0160
5412,0,10.1410,0.0160
5,0,10.1560,0.0150
5230,0,10.1720,0.0160
4103,0,10.1880,0.0160
5,0,10.2030,0.0150
4106,0,10.2340,0.0310
5,0,10.2500,0.0160
4123,0,10.2660,0.0160
4111,0,10.2810,0.0150
4106,0,10.3120,0.0310
4180,0,10.3280,0.0160
4107,0,10.3440,0.0160
4222,0,10.3750,0.0310
4107,0,10.3910,0.0160
4279,0,10.4060,0.0150
5292,0,10.4220,0.0160
4100,0,10.4370,0.0150
4103,0,10.4530,0.0160
4177,0,10.4690,0.0160
4187,0,10.5000,0.0310
4100,0,10.5150,0.0150
4097,0,10.5310,0.0160
4,0,10.5480,0.0170
4097,0,10.5780,0.0300
4120,0,10.5940,0.0160
5,0,10.6110,0.0170
4108,0,10.6270,0.0160
4097,0,10.6460,0.0190
4,5,10.6560,0.0100
4,5,10.6720,0.0160
4112,5,10.7340,0.0620
4103,0,10.7510,0.0170
24,5,10.7890,0.0380
24,5,10.8000,0.0110
5254,5,11.0160,0.2160
4103,5,11.0310,0.0150
5254,5,11.0780,0.0470
5254,5,11.1090,0.0310
5254,5,11.1410,0.0320
5254,5,11.1560,0.0150
5254,5,11.1870,0.0310
5254,5,11.2030,0.0160
5254,5,11.2340,0.0310
5254,5,11.2810,0.0470
39,5,11.3120,0.0310
51,5,11.3280,0.0160
30,5,11.3440,0.0160
30,5,11.3590,0.0150
4103,5,11.3750,0.0160
4096,0,11.3940,0.0190
5,0,11.4200,0.0260
5,0,11.4210,0.0010
4101,0,11.4220,0.0010
4131,0,11.4500,0.0280
4251,0,11.4530,0.0030
21,0,11.4800,0.0270
61,0,11.5190,0.0390
22,0,11.5490,0.0300
23,0,11.5800,0.0310
40,0,11.5920,0.0120
49,0,11.5940,0.0020
80,3,11.6090,0.0150
49,0,11.6250,0.0160
14,2,11.6410,0.0160
4,0,11.6560,0.0150
22,0,11.7190,0.0630
453,0,11.7340,0.0150
4151,0,11.8440,0.1100
80,0,11.8590,0.0150
54,0,11.8750,0.0160
54,0,11.8910,0.0160
416,0,11.9060,0.0150
340,0,11.9270,0.0210
416,0,11.9570,0.0300
453,0,12.0050,0.0480
453,0,12.0280,0.0230
72,0,12.1100,0.0820
416,0,12.1400,0.0300
453,0,12.1730,0.0330
22,0,12.2070,0.0340
80,0,12.3450,0.1380
15,0,12.3720,0.0270
15,0,12.3760,0.0040
80,0,12.4530,0.0770
42,0,12.4690,0.0160
91,0,12.4840,0.0150
91,0,12.5000,0.0160
15,0,12.5150,0.0150
15,0,12.5310,0.0160
15,0,12.5940,0.0630
80,0,12.6090,0.0150
15,0,12.6250,0.0160
80,0,12.6450,0.0200
96,0,12.6720,0.0270
61,0,12.7670,0.0950
80,0,12.7860,0.0190
18,0,12.8630,0.0770
201,0,12.8780,0.0150
18,0,12.8910,0.0130
18,0,12.9060,0.0150
453,0,12.9220,0.0160
33,0,12.9840,0.0620
33,0,13.0000,0.0160
25,0,13.0560,0.0560
73,0,13.0670,0.0110
140,0,13.0840,0.0170
33,0,13.1090,0.0250
85,0,13.1250,0.0160
61,0,13.1410,0.0160
15,0,13.1560,0.0150
35,0,13.1720,0.0160
51,0,13.1870,0.0150
17,0,13.2190,0.0320
42,0,13.2510,0.0320
340,0,13.3130,0.0620
85,0,13.3450,0.0320
15,0,13.4060,0.0610
58,0,13.4220,0.0160
15,0,13.4370,0.0150
25,0,13.9220,0.4850
22,0,13.9380,0.0160
21,0,13.9530,0.0150
51,0,13.9690,0.0160
51,0,13.9850,0.0160
51,0,14.0000,0.0150
4,0,14.0170,0.0170
323,0,14.0320,0.0150
4,0,14.0480,0.0160
15,0,14.0630,0.0150
15,0,14.0790,0.0160
44,0,14.1100,0.0310
15,0,14.1740,0.0640
15,0,14.2040,0.0300
15,0,14.2350,0.0310
15,0,14.2810,0.0460
13,0,14.2980,0.0170
13,0,14.3590,0.0610
15,0,14.3910,0.0320
15,0,14.4060,0.0150
15,0,14.4220,0.0160
13,0,14.5000,0.0780
4275,0,14.5150,0.0150
15,0,14.5310,0.0160
13,0,14.5620,0.0310
15,0,14.5780,0.0160
18,0,14.6090,0.0310
15,0,14.7030,0.0940
15,0,14.7360,0.0330
15,0,14.7540,0.0180
15,0,14.7880,0.0340
15,0,14.8130,0.0250
15,0,14.8310,0.0180
