SysID,Thread ID,time,inetrval
14,0,0.2390,0.2390
80,0,0.5610,0.3220
80,0,0.5630,0.0020
80,0,0.5780,0.0150
18,0,0.6410,0.0630
18,0,0.7350,0.0940
37,0,0.9090,0.1740
55,0,0.9420,0.0330
61,0,0.9870,0.0450
51,0,1.0030,0.0160
40,0,1.0170,0.0140
49,0,1.0860,0.0690
80,0,1.0950,0.0090
347,0,1.1260,0.0310
80,0,1.2370,0.1110
80,0,1.3780,0.1410
76,0,1.4220,0.0440
416,0,1.4540,0.0320
453,0,1.4700,0.0160
453,0,1.5160,0.0460
453,0,1.5340,0.0180
18,0,1.6880,0.1540
453,0,1.7200,0.0320
453,0,1.7350,0.0150
24,0,1.7510,0.0160
24,0,1.8440,0.0930
80,0,1.8600,0.0160
80,0,1.8780,0.0180
453,0,1.8910,0.0130
18,0,1.9220,0.0310
51,0,2.0490,0.1270
15,0,2.0680,0.0190
51,0,2.0810,0.0130
51,0,2.0980,0.0170
24,0,2.1730,0.0750
85,0,2.2040,0.0310
17,0,2.2200,0.0160
40,0,2.2350,0.0150
54,0,2.2820,0.0470
340,0,2.3030,0.0210
356,0,2.3760,0.0730
453,0,2.4910,0.1150
15,0,2.5030,0.0120
38,0,2.5170,0.0140
297,0,2.5340,0.0170
15,0,2.5490,0.0150
85,0,2.5800,0.0310
33,0,2.5970,0.0170
15,0,2.6140,0.0170
85,0,2.6270,0.0130
293,0,2.6880,0.0610
24,0,2.8800,0.1920
15,0,2.9410,0.0610
37,0,3.0320,0.0910
354,0,3.0660,0.0340
196,0,3.0800,0.0140
417,0,3.0950,0.0150
55,0,3.1250,0.0300
369,0,3.1480,0.0230
55,0,3.1570,0.0090
40,0,3.1870,0.0300
49,0,3.2030,0.0160
469,2,3.2190,0.0160
80,0,3.2510,0.0320
80,0,3.2820,0.0310
356,2,3.3010,0.0190
356,2,3.3280,0.0270
18,2,3.3440,0.0160
80,0,3.3590,0.0150
80,0,3.4220,0.0630
55,0,3.4530,0.0310
80,0,3.5000,0.0470
466,3,3.5160,0.0160
18,2,3.5470,0.0310
24,2,3.5630,0.0160
112,2,3.5950,0.0320
112,3,3.6090,0.0140
28,3,3.6270,0.0180
61,2,3.6420,0.0150
24,0,3.6570,0.0150
466,0,3.6880,0.0310
466,2,3.7080,0.0200
40,0,3.7350,0.0270
49,0,3.7510,0.0160
80,0,3.7660,0.0150
61,2,3.7810,0.0150
369,0,3.7970,0.0160
15,0,3.8130,0.0160
469,2,3.8280,0.0150
24,0,3.8440,0.0160
15,0,3.8640,0.0200
44,0,3.8840,0.0200
