SysID,Thread ID,time,inetrval
14,0,0.2210,0.2210
80,0,0.5310,0.3100
80,0,0.5470,0.0160
80,0,0.5630,0.0160
18,0,0.6250,0.0620
18,0,0.7190,0.0940
23,0,0.7350,0.0160
37,0,0.9060,0.1710
55,0,0.9380,0.0320
61,0,0.9850,0.0470
51,0,1.0000,0.0150
40,0,1.0160,0.0160
49,0,1.0810,0.0650
80,0,1.0980,0.0170
80,0,1.1110,0.0130
347,0,1.1290,0.0180
80,0,1.2380,0.1090
80,0,1.3810,0.1430
15,0,1.3930,0.0120
76,0,1.4390,0.0460
416,0,1.4540,0.0150
453,0,1.4850,0.0310
453,0,1.5320,0.0470
453,0,1.5510,0.0190
18,0,1.6730,0.1220
23,0,1.6880,0.0150
453,0,1.7040,0.0160
453,0,1.7360,0.0320
24,0,1.7510,0.0150
24,0,1.8440,0.0930
80,0,1.8780,0.0340
453,0,1.8950,0.0170
453,0,1.9060,0.0110
18,0,1.9380,0.0320
51,0,2.0780,0.1400
15,0,2.0940,0.0160
51,0,2.1090,0.0150
15,0,2.1250,0.0160
24,0,2.2030,0.0780
85,0,2.2190,0.0160
17,0,2.2350,0.0160
54,0,2.3440,0.1090
340,0,2.3910,0.0470
356,0,2.4700,0.0790
453,0,2.6410,0.1710
15,0,2.6620,0.0210
38,0,2.6900,0.0280
33,0,2.7050,0.0150
15,0,2.7210,0.0160
85,0,2.7350,0.0140
33,0,2.7500,0.0150
15,0,2.7810,0.0310
453,0,2.8090,0.0280
15,0,2.8130,0.0040
293,0,2.8470,0.0340
24,0,3.0670,0.2200
15,0,3.1100,0.0430
15,0,3.1310,0.0210
37,0,3.2210,0.0900
354,0,3.2380,0.0170
173,0,3.2550,0.0170
196,0,3.2680,0.0130
417,0,3.2860,0.0180
80,0,3.3130,0.0270
40,0,3.3290,0.0160
49,0,3.3450,0.0160
80,0,3.3600,0.0150
49,0,3.3760,0.0160
55,0,3.3950,0.0190
49,0,3.4060,0.0110
40,0,3.4250,0.0190
49,0,3.4390,0.0140
24,0,3.4550,0.0160
18,0,3.4690,0.0140
24,0,3.4880,0.0190
55,0,3.5010,0.0130
40,0,3.5190,0.0180
49,0,3.5320,0.0130
24,0,3.5490,0.0170
40,0,3.5960,0.0470
49,0,3.6100,0.0140
369,0,3.6440,0.0340
15,0,3.6580,0.0140
67,2,3.6720,0.0140
1,2,3.6880,0.0160
469,2,3.7030,0.0150
369,2,3.7350,0.0320
67,3,3.7510,0.0160
80,3,3.7660,0.0150
15,0,3.7820,0.0160
80,3,3.7980,0.0160
80,0,3.8150,0.0170
55,0,3.8330,0.0180
80,0,3.8440,0.0110
80,0,3.8600,0.0160
80,0,3.8780,0.0180
24,0,3.8940,0.0160
369,0,3.9040,0.0100
469,4,3.9060,0.0020
80,2,3.9220,0.0160
51,0,3.9550,0.0330
51,0,3.9890,0.0340
348,0,4.0020,0.0130
76,0,4.0180,0.0160
76,0,4.0340,0.0160
416,0,4.0490,0.0150
35,0,4.1590,0.1100
35,0,4.1910,0.0320
35,0,4.2060,0.0150
35,0,4.2370,0.0310
35,0,4.2510,0.0140
35,0,4.2670,0.0160
24,0,4.2830,0.0160
73,0,4.3150,0.0320
35,0,4.4100,0.0950
18,0,4.4240,0.0140
23,0,4.4400,0.0160
23,0,4.4670,0.0270
24,0,4.5510,0.0840
416,0,4.6260,0.0750
24,0,4.6880,0.0620
35,0,4.7200,0.0320
35,0,4.7350,0.0150
35,0,4.7530,0.0180
24,0,5.0940,0.3410
416,0,5.1920,0.0980
416,0,5.2670,0.0750
35,0,5.3020,0.0350
54,0,5.3180,0.0160
140,0,5.3470,0.0290
25,0,5.3600,0.0130
18,0,5.3920,0.0320
18,0,5.4240,0.0320
18,0,5.4390,0.0150
18,0,5.4540,0.0150
24,0,5.4730,0.0190
80,0,5.4860,0.0130
247,0,5.6110,0.1250
33,0,5.6610,0.0500
18,0,5.6770,0.0160
19,0,5.6950,0.0180
19,0,5.7610,0.0660
15,0,5.7670,0.0060
18,0,5.7810,0.0140
23,0,5.8000,0.0190
15,0,5.8280,0.0280
24,0,5.9090,0.0810
35,0,6.1280,0.2190
4101,0,6.1440,0.0160
80,0,6.1580,0.0140
66,0,6.1750,0.0170
0,0,6.2220,0.0470
289,0,6.2560,0.0340
22,0,6.2710,0.0150
23,0,6.2990,0.0280
28,0,6.3360,0.0370
5,0,6.3450,0.0090
5349,0,6.3610,0.0160
416,0,6.3770,0.0160
24,0,6.4070,0.0300
73,0,6.5160,0.1090
24,0,6.6310,0.1150
24,0,6.6460,0.0150
35,0,6.6760,0.0300
416,0,6.7230,0.0470
416,0,6.7470,0.0240
453,0,6.7500,0.0030
453,0,6.7780,0.0280
192,0,6.7840,0.0060
51,0,6.8160,0.0320
416,0,6.8360,0.0200
453,0,6.9090,0.0730
24,0,7.0050,0.0960
453,0,7.0850,0.0800
453,0,7.1180,0.0330
453,0,7.1310,0.0130
453,0,7.1470,0.0160
417,0,7.1620,0.0150
14,0,7.1750,0.0130
24,0,7.1920,0.0170
73,0,7.2680,0.0760
24,0,7.4530,0.1850
72,0,7.5540,0.1010
340,0,7.5680,0.0140
37,0,7.5970,0.0290
49,0,7.6170,0.0200
369,0,7.6220,0.0050
15,0,7.6250,0.0030
192,0,7.6570,0.0320
192,0,7.6740,0.0170
14,0,7.6900,0.0160
425,0,7.7040,0.0140
72,0,7.7200,0.0160
180,0,7.7360,0.0160
192,0,7.7530,0.0170
194,0,7.7830,0.0300
7,5,7.8440,0.0610
14,5,7.9690,0.1250
24,0,7.9910,0.0220
91,5,8.0480,0.0570
22,0,8.3150,0.2670
354,0,8.3320,0.0170
289,0,8.3950,0.0630
18,0,8.4070,0.0120
22,0,8.4220,0.0150
22,0,8.4380,0.0160
22,0,8.4650,0.0270
289,0,8.4680,0.0030
22,0,8.4690,0.0010
22,0,8.4890,0.0200
289,0,8.5010,0.0120
289,0,8.5160,0.0150
22,0,8.5330,0.0170
22,0,8.5470,0.0140
289,0,8.5640,0.0170
22,0,8.5830,0.0190
22,0,8.5980,0.0150
22,0,8.6110,0.0130
22,0,8.6270,0.0160
22,0,8.6420,0.0150
289,0,8.6580,0.0160
22,0,8.6730,0.0150
22,0,8.6900,0.0170
22,0,8.7040,0.0140
22,0,8.7200,0.0160
22,0,8.7390,0.0190
72,0,8.7520,0.0130
22,0,8.7660,0.0140
22,0,8.7880,0.0220
289,0,8.7990,0.0110
22,0,8.8160,0.0170
22,0,8.8320,0.0160
22,0,8.8480,0.0160
22,0,8.8610,0.0130
22,0,8.8760,0.0150
22,0,8.8920,0.0160
22,0,8.9070,0.0150
289,0,8.9230,0.0160
22,0,8.9400,0.0170
22,0,8.9540,0.0140
22,0,8.9700,0.0160
22,0,8.9850,0.0150
22,0,9.0020,0.0170
22,0,9.0200,0.0180
289,0,9.0320,0.0120
289,0,9.0500,0.0180
14,0,9.4720,0.4220
4,0,9.4870,0.0150
10,0,9.5030,0.0160
62,0,9.5170,0.0140
32,0,9.5290,0.0120
72,5,9.5310,0.0020
4,0,9.5640,0.0330
7,6,9.5830,0.0190
14,6,9.5940,0.0110
91,6,9.6110,0.0170
91,5,9.6270,0.0160
91,5,9.6580,0.0310
14,6,9.6720,0.0140
15,0,25.5550,15.8830
15,0,25.5700,0.0150
44,0,25.6490,0.0790
15,0,25.7410,0.0920
15,0,25.7490,0.0080
15,0,25.7520,0.0030
15,0,25.7830,0.0310
15,0,25.8150,0.0320
15,0,25.8380,0.0230
15,0,25.8520,0.0140
15,0,25.9360,0.0840
15,0,25.9470,0.0110
18,0,25.9590,0.0120
13,0,25.9680,0.0090
13,0,25.9830,0.0150
15,0,26.1200,0.1370
15,0,26.1630,0.0430
15,0,26.1660,0.0030
15,0,26.1750,0.0090
