SysID,Thread ID,time,inetrval
14,0,0.2310,0.2310
80,0,0.5930,0.3620
80,0,0.6100,0.0170
18,0,0.6220,0.0120
18,0,0.6810,0.0590
18,0,0.7780,0.0970
37,0,0.9650,0.1870
55,0,0.9970,0.0320
61,0,1.0290,0.0320
51,0,1.0600,0.0310
49,0,1.1370,0.0770
80,0,1.1680,0.0310
347,0,1.2000,0.0320
80,0,1.3100,0.1100
80,0,1.4660,0.1560
15,0,1.4820,0.0160
76,0,1.5290,0.0470
416,0,1.5440,0.0150
453,0,1.5760,0.0320
453,0,1.6070,0.0310
453,0,1.6220,0.0150
18,0,1.7500,0.1280
15,0,1.7630,0.0130
453,0,1.7950,0.0320
24,0,1.8250,0.0300
24,0,1.9180,0.0930
80,0,1.9500,0.0320
80,0,1.9650,0.0150
453,0,1.9810,0.0160
18,0,2.0130,0.0320
51,0,2.2180,0.2050
15,0,2.2330,0.0150
51,0,2.2780,0.0450
15,0,2.2940,0.0160
24,0,2.3730,0.0790
85,0,2.3890,0.0160
17,0,2.4030,0.0140
54,0,2.4670,0.0640
340,0,2.4820,0.0150
356,0,2.5590,0.0770
453,0,2.6710,0.1120
38,0,2.6860,0.0150
297,0,2.7090,0.0230
33,0,2.7180,0.0090
15,0,2.7390,0.0210
85,0,2.7490,0.0100
33,0,2.7630,0.0140
18,0,2.7840,0.0210
15,0,2.7980,0.0140
18,0,2.8170,0.0190
15,0,2.8270,0.0100
293,0,2.8560,0.0290
24,0,3.0590,0.2030
15,0,3.1210,0.0620
37,0,3.2640,0.1430
354,0,3.2830,0.0190
417,0,3.2960,0.0130
144,0,3.3090,0.0130
80,0,3.3290,0.0200
55,0,3.3410,0.0120
369,0,3.3730,0.0320
67,2,3.3870,0.0140
55,0,3.4030,0.0160
55,0,3.4180,0.0150
369,2,3.4660,0.0480
24,0,3.5120,0.0460
356,2,3.5450,0.0330
356,2,3.5750,0.0300
18,2,3.6060,0.0310
466,2,3.6220,0.0160
24,0,3.6390,0.0170
112,0,3.6700,0.0310
55,0,3.6840,0.0140
112,3,3.7010,0.0170
466,4,3.7180,0.0170
466,2,3.7310,0.0130
466,0,3.7640,0.0330
466,0,3.7920,0.0280
112,2,3.8100,0.0180
1,4,3.8250,0.0150
112,2,3.8400,0.0150
469,4,3.8560,0.0160
18,0,3.8730,0.0170
61,2,3.9040,0.0310
61,2,3.9040,0.0310
61,4,3.9180,0.0140
61,4,3.9340,0.0160
61,2,3.9500,0.0160
61,4,3.9810,0.0310
61,2,3.9970,0.0160
112,2,4.0120,0.0150
80,0,4.0280,0.0160
76,2,4.0440,0.0160
361,4,4.0590,0.0150
55,0,4.0910,0.0320
361,3,4.1060,0.0150
49,0,4.1260,0.0200
55,0,4.1410,0.0150
49,0,4.1530,0.0120
49,0,4.1700,0.0170
49,0,4.1850,0.0150
49,0,4.2010,0.0160
49,0,4.2160,0.0150
49,0,4.2320,0.0160
49,0,4.2500,0.0180
15,0,4.2800,0.0300
94,0,4.3110,0.0310
