SysID,Thread ID,time,inetrval
14,0,0.2350,0.2350
80,0,0.5640,0.3290
80,0,0.5880,0.0240
80,0,0.5940,0.0060
18,0,0.6590,0.0650
18,0,0.7510,0.0920
37,0,0.9380,0.1870
55,0,0.9530,0.0150
61,0,0.9840,0.0310
51,0,1.0160,0.0320
49,0,1.1090,0.0930
80,0,1.1470,0.0380
347,0,1.1720,0.0250
80,0,1.2970,0.1250
80,0,1.4690,0.1720
15,0,1.5200,0.0510
76,0,1.5630,0.0430
416,0,1.5890,0.0260
453,0,1.6100,0.0210
453,0,1.6410,0.0310
453,0,1.6570,0.0160
18,0,1.7830,0.1260
23,0,1.7970,0.0140
453,0,1.8170,0.0200
453,0,1.8400,0.0230
24,0,1.8910,0.0510
24,0,1.9900,0.0990
80,0,2.0210,0.0310
453,0,2.0470,0.0260
18,0,2.0790,0.0320
51,0,2.2810,0.2020
348,0,2.3280,0.0470
15,0,2.3770,0.0490
51,0,2.3910,0.0140
51,0,2.4230,0.0320
24,0,2.5470,0.1240
85,0,2.5660,0.0190
17,0,2.5750,0.0090
17,0,2.5780,0.0030
54,0,2.6410,0.0630
340,0,2.6630,0.0220
356,0,2.7510,0.0880
453,0,2.8600,0.1090
15,0,2.8950,0.0350
38,0,2.9070,0.0120
297,0,2.9220,0.0150
15,0,2.9370,0.0150
85,0,2.9690,0.0320
33,0,2.9840,0.0150
15,0,3.0000,0.0160
76,0,3.0160,0.0160
453,0,3.0310,0.0150
293,0,3.0780,0.0470
24,0,3.2970,0.2190
15,0,3.3870,0.0900
37,0,3.4860,0.0990
354,0,3.5110,0.0250
173,0,3.5160,0.0050
417,0,3.5460,0.0300
417,0,3.5470,0.0010
55,0,3.5680,0.0210
40,0,3.5790,0.0110
80,0,3.5960,0.0170
49,0,3.6090,0.0130
55,0,3.6400,0.0310
49,0,3.6720,0.0320
18,0,3.7080,0.0360
55,0,3.7380,0.0300
49,0,3.7660,0.0280
24,0,3.7900,0.0240
40,0,3.8180,0.0280
49,0,3.8440,0.0260
369,0,3.8750,0.0310
67,2,3.8960,0.0210
15,0,3.9040,0.0080
1,2,3.9060,0.0020
24,2,3.9230,0.0170
469,2,3.9370,0.0140
369,2,3.9700,0.0330
67,3,3.9850,0.0150
80,3,4.0000,0.0150
15,0,4.0170,0.0170
469,2,4.0310,0.0140
49,0,4.0470,0.0160
55,0,4.0650,0.0180
80,0,4.0780,0.0130
28,3,4.0940,0.0160
14,3,4.1090,0.0150
369,0,4.1260,0.0170
369,0,4.1400,0.0140
466,0,4.1570,0.0170
51,0,4.2100,0.0530
51,0,4.2410,0.0310
76,0,4.2550,0.0140
76,0,4.2690,0.0140
76,0,4.2850,0.0160
416,0,4.3020,0.0170
35,0,4.3920,0.0900
35,0,4.4220,0.0300
35,0,4.4490,0.0270
35,0,4.4540,0.0050
35,0,4.4780,0.0240
35,0,4.4840,0.0060
35,0,4.4850,0.0010
24,0,4.5160,0.0310
73,0,4.5490,0.0330
35,0,4.6810,0.1320
18,0,4.7040,0.0230
23,0,4.7370,0.0330
24,0,4.8290,0.0920
416,0,4.8660,0.0370
24,0,4.9220,0.0560
35,0,4.9570,0.0350
35,0,4.9740,0.0170
24,0,5.2990,0.3250
416,0,5.4060,0.1070
416,0,5.4730,0.0670
35,0,5.5060,0.0330
35,0,5.5130,0.0070
54,0,5.5150,0.0020
80,0,5.5310,0.0160
140,0,5.5470,0.0160
25,0,5.5630,0.0160
18,0,5.5780,0.0150
18,0,5.5940,0.0160
18,0,5.6090,0.0150
18,0,5.6400,0.0310
15,0,5.6620,0.0220
37,0,5.6770,0.0150
80,0,5.7040,0.0270
35,0,5.7820,0.0780
4101,0,5.7980,0.0160
4224,0,5.8130,0.0150
66,0,5.8290,0.0160
0,0,5.8760,0.0470
25,0,5.8920,0.0160
289,0,5.9070,0.0150
22,0,5.9230,0.0160
23,0,5.9540,0.0310
28,0,5.9850,0.0310
18,0,6.0010,0.0160
5349,0,6.0160,0.0150
24,0,6.0630,0.0470
73,0,6.1730,0.1100
24,0,6.2820,0.1090
24,0,6.2980,0.0160
35,0,6.3130,0.0150
416,0,6.3600,0.0470
416,0,6.3920,0.0320
453,0,6.4070,0.0150
453,0,6.4230,0.0160
72,0,6.4380,0.0150
51,0,6.4540,0.0160
35,0,6.4700,0.0160
453,0,6.5320,0.0620
24,0,6.6880,0.1560
453,0,6.7200,0.0320
453,0,6.7810,0.0610
14,0,6.8060,0.0250
417,0,6.8140,0.0080
340,0,6.8480,0.0340
24,0,6.8700,0.0220
73,0,6.9080,0.0380
24,0,7.0220,0.1140
35,0,7.0340,0.0120
33,0,7.0960,0.0620
22,0,7.1260,0.0300
22,0,7.1590,0.0330
22,0,7.1810,0.0220
22,0,7.1900,0.0090
15,0,7.2100,0.0200
22,0,7.2500,0.0400
15,0,7.2810,0.0310
24,0,7.3130,0.0320
356,0,7.3920,0.0790
18,0,7.4400,0.0480
85,0,7.4570,0.0170
85,0,7.4690,0.0120
85,0,7.4860,0.0170
44,0,7.5080,0.0220
15,0,7.5950,0.0870
15,0,7.6110,0.0160
15,0,7.6270,0.0160
15,0,7.6420,0.0150
15,0,7.7210,0.0790
18,0,7.7360,0.0150
13,0,7.7510,0.0150
15,0,7.9080,0.1570
15,0,7.9420,0.0340
15,0,7.9570,0.0150
