SysID,Thread ID,time,inetrval
14,0,0.2350,0.2350
80,0,0.5790,0.3440
18,0,0.6070,0.0280
23,0,0.6100,0.0030
18,0,0.6620,0.0520
18,0,0.7510,0.0890
37,0,0.9420,0.1910
55,0,0.9700,0.0280
61,0,1.0010,0.0310
51,0,1.0330,0.0320
40,0,1.0470,0.0140
49,0,1.1250,0.0780
80,0,1.1410,0.0160
80,0,1.1580,0.0170
347,0,1.1720,0.0140
80,0,1.2820,0.1100
80,0,1.4380,0.1560
76,0,1.4700,0.0320
416,0,1.5010,0.0310
453,0,1.5350,0.0340
453,0,1.5650,0.0300
453,0,1.5790,0.0140
18,0,1.7190,0.1400
15,0,1.7350,0.0160
453,0,1.7820,0.0470
24,0,1.7970,0.0150
24,0,1.8910,0.0940
80,0,1.9230,0.0320
80,0,1.9420,0.0190
453,0,2.0030,0.0610
18,0,2.0170,0.0140
15,0,2.0790,0.0620
51,0,2.2970,0.2180
348,0,2.3400,0.0430
15,0,2.3650,0.0250
51,0,2.3760,0.0110
24,0,2.5160,0.1400
85,0,2.5490,0.0330
54,0,2.6430,0.0940
340,0,2.7060,0.0630
356,0,2.8280,0.1220
453,0,2.9400,0.1120
15,0,2.9560,0.0160
38,0,2.9870,0.0310
33,0,3.0020,0.0150
15,0,3.0180,0.0160
85,0,3.0320,0.0140
33,0,3.0630,0.0310
76,0,3.0840,0.0210
85,0,3.0960,0.0120
293,0,3.1430,0.0470
24,0,3.3590,0.2160
15,0,3.4380,0.0790
37,0,3.5790,0.1410
354,0,3.6090,0.0300
173,0,3.6100,0.0010
196,0,3.6290,0.0190
417,0,3.6420,0.0130
80,0,3.6570,0.0150
55,0,3.6750,0.0180
49,0,3.6880,0.0130
49,0,3.7190,0.0310
369,0,3.7360,0.0170
15,0,3.7500,0.0140
55,0,3.7810,0.0310
49,0,3.7970,0.0160
80,0,3.8140,0.0170
80,0,3.8450,0.0310
80,2,3.8610,0.0160
24,0,3.9240,0.0630
18,0,3.9410,0.0170
24,0,3.9570,0.0160
112,0,4.0010,0.0440
49,0,4.0160,0.0150
80,0,4.0300,0.0140
14,2,4.0310,0.0010
80,0,4.0470,0.0160
80,2,4.0780,0.0310
40,0,4.1420,0.0640
80,2,4.1540,0.0120
369,0,4.1570,0.0030
112,3,4.1720,0.0150
369,0,4.2200,0.0480
80,2,4.2350,0.0150
4,0,4.2510,0.0160
51,0,4.2710,0.0200
76,0,4.2830,0.0120
76,0,4.3280,0.0450
416,0,4.3460,0.0180
24,0,4.3930,0.0470
30,0,4.4070,0.0140
73,0,4.5310,0.1240
73,0,4.5580,0.0270
18,0,4.6880,0.1300
23,0,4.7090,0.0210
23,0,4.7370,0.0280
24,0,4.7840,0.0470
24,0,4.8000,0.0160
35,0,4.8130,0.0130
416,0,4.8790,0.0660
416,0,4.9440,0.0650
453,0,4.9700,0.0260
453,0,4.9850,0.0150
453,0,5.0010,0.0160
453,0,5.0190,0.0180
72,0,5.0340,0.0150
51,0,5.0630,0.0290
453,0,5.1720,0.1090
24,0,5.2400,0.0680
24,0,5.2750,0.0350
453,0,5.3450,0.0700
453,0,5.3920,0.0470
453,0,5.4140,0.0220
14,0,5.4230,0.0090
450,0,5.4470,0.0240
51,0,5.5480,0.1010
289,0,5.7670,0.2190
22,0,5.7890,0.0220
289,0,5.8000,0.0110
23,0,5.8280,0.0280
28,0,5.8800,0.0520
51,0,5.8940,0.0140
15,0,5.9140,0.0200
51,0,5.9460,0.0320
85,0,5.9690,0.0230
8,0,5.9900,0.0210
80,0,6.0990,0.1090
24,0,6.1590,0.0600
18,0,6.1880,0.0290
201,0,6.2080,0.0200
18,0,6.2190,0.0110
33,0,6.2370,0.0180
18,0,6.2490,0.0120
15,0,6.2510,0.0020
33,0,6.3450,0.0940
15,0,6.3610,0.0160
18,0,6.3760,0.0150
25,0,6.4260,0.0500
73,0,6.4380,0.0120
247,0,6.4540,0.0160
33,0,6.5160,0.0620
18,0,6.5350,0.0190
19,0,6.6110,0.0760
18,0,6.6270,0.0160
23,0,6.6440,0.0170
15,0,6.6580,0.0140
18,0,6.6750,0.0170
140,0,6.8910,0.2160
340,0,6.9380,0.0470
24,0,6.9870,0.0490
15,0,7.0000,0.0130
4,0,7.0200,0.0200
25,0,7.4840,0.4640
15,0,7.6120,0.1280
15,0,7.6280,0.0160
15,0,7.6720,0.0440
15,0,7.7660,0.0940
15,0,7.8180,0.0520
15,0,7.8300,0.0120
