SysID,Thread ID,time,inetrval
14,0,0.2210,0.2210
80,0,0.5320,0.3110
80,0,0.5480,0.0160
80,0,0.5660,0.0180
33,0,0.5780,0.0120
18,0,0.6250,0.0470
18,0,0.7370,0.1120
37,0,0.9060,0.1690
55,0,0.9580,0.0520
61,0,0.9730,0.0150
51,0,1.0000,0.0270
49,0,1.0830,0.0830
80,0,1.1000,0.0170
80,0,1.1110,0.0110
347,0,1.1320,0.0210
80,0,1.2360,0.1040
80,0,1.3910,0.1550
15,0,1.4120,0.0210
76,0,1.4370,0.0250
416,0,1.4710,0.0340
453,0,1.5000,0.0290
453,0,1.5480,0.0480
453,0,1.5790,0.0310
18,0,1.6900,0.1110
23,0,1.7060,0.0160
453,0,1.7190,0.0130
453,0,1.7500,0.0310
24,0,1.7660,0.0160
24,0,1.8430,0.0770
80,0,1.8910,0.0480
453,0,1.9060,0.0150
18,0,1.9380,0.0320
51,0,2.0950,0.1570
15,0,2.1560,0.0610
51,0,2.1880,0.0320
15,0,2.2030,0.0150
24,0,2.3280,0.1250
17,0,2.3430,0.0150
54,0,2.4220,0.0790
340,0,2.4450,0.0230
356,0,2.5170,0.0720
453,0,2.6250,0.1080
15,0,2.6400,0.0150
38,0,2.6560,0.0160
297,0,2.6760,0.0200
15,0,2.6900,0.0140
85,0,2.7190,0.0290
33,0,2.7380,0.0190
18,0,2.7520,0.0140
15,0,2.7660,0.0140
76,0,2.7850,0.0190
293,0,2.8290,0.0440
24,0,3.0480,0.2190
15,0,3.1160,0.0680
37,0,3.2670,0.1510
354,0,3.2840,0.0170
196,0,3.3020,0.0180
202,0,3.3130,0.0110
417,0,3.3290,0.0160
55,0,3.3440,0.0150
49,0,3.3590,0.0150
49,0,3.3790,0.0200
369,0,3.4120,0.0330
67,2,3.4230,0.0110
1,2,3.4380,0.0150
469,2,3.4540,0.0160
80,2,3.5160,0.0620
28,2,3.5320,0.0160
14,2,3.5470,0.0150
49,0,3.5650,0.0180
469,2,3.5780,0.0130
24,0,3.5990,0.0210
18,0,3.6110,0.0120
24,0,3.6320,0.0210
55,0,3.6620,0.0300
49,0,3.6720,0.0100
80,2,3.7010,0.0290
469,2,3.7030,0.0020
40,0,3.7380,0.0350
49,0,3.7520,0.0140
369,0,3.7640,0.0120
15,0,3.7650,0.0010
469,3,3.7980,0.0330
469,3,3.8120,0.0140
55,0,3.8290,0.0170
49,0,3.8450,0.0160
80,0,3.8580,0.0130
80,0,3.8590,0.0010
112,2,3.8770,0.0180
466,0,3.8920,0.0150
469,2,3.9080,0.0160
49,0,3.9400,0.0320
469,3,3.9530,0.0130
49,0,3.9710,0.0180
49,0,3.9840,0.0130
15,0,4.0080,0.0240
80,3,4.0130,0.0050
55,0,4.0160,0.0030
15,0,4.0380,0.0220
469,4,4.0420,0.0040
80,4,4.0470,0.0050
469,4,4.0630,0.0160
18,0,4.0790,0.0160
51,0,4.1000,0.0210
369,0,4.1450,0.0450
61,3,4.1550,0.0100
24,0,4.1560,0.0010
80,3,4.1730,0.0170
80,3,4.1880,0.0150
80,3,4.2050,0.0170
356,2,4.2190,0.0140
18,2,4.2390,0.0200
80,4,4.2510,0.0120
469,4,4.2650,0.0140
61,2,4.2970,0.0320
51,2,4.3150,0.0180
80,2,4.3260,0.0110
80,4,4.3290,0.0030
51,0,4.3770,0.0480
76,0,4.3930,0.0160
51,0,4.4370,0.0440
76,0,4.4720,0.0350
76,0,4.4840,0.0120
76,0,4.5170,0.0330
416,0,4.5470,0.0300
416,0,4.5680,0.0210
24,0,4.6400,0.0720
24,0,4.6670,0.0270
73,0,4.8000,0.1330
73,0,4.8210,0.0210
18,0,4.9600,0.1390
23,0,4.9720,0.0120
23,0,4.9910,0.0190
24,0,5.0330,0.0420
24,0,5.0540,0.0210
35,0,5.0680,0.0140
416,0,5.1300,0.0620
416,0,5.1480,0.0180
453,0,5.1600,0.0120
453,0,5.1820,0.0220
192,0,5.1890,0.0070
51,0,5.2220,0.0330
453,0,5.3120,0.0900
24,0,5.4110,0.0990
453,0,5.4690,0.0580
416,0,5.4940,0.0250
453,0,5.5310,0.0370
416,0,5.5570,0.0260
35,0,5.6400,0.0830
35,0,5.6590,0.0190
35,0,5.6870,0.0280
35,0,5.7050,0.0180
35,0,5.7210,0.0160
24,0,5.7500,0.0290
73,0,5.7670,0.0170
35,0,5.8300,0.0630
24,0,5.8900,0.0600
416,0,5.9240,0.0340
35,0,6.0020,0.0780
35,0,6.0190,0.0170
35,0,6.0330,0.0140
416,0,6.4370,0.4040
54,0,6.4530,0.0160
140,0,6.4850,0.0320
25,0,6.5000,0.0150
453,0,6.5160,0.0160
18,0,6.5310,0.0150
18,0,6.5620,0.0310
18,0,6.5780,0.0160
23,0,6.5940,0.0160
37,0,6.6090,0.0150
80,0,6.6410,0.0320
247,0,6.7500,0.1090
33,0,6.7970,0.0470
18,0,6.8120,0.0150
19,0,6.8280,0.0160
19,0,6.8910,0.0630
18,0,6.9060,0.0150
18,0,6.9220,0.0160
15,0,6.9530,0.0310
35,0,7.2500,0.2970
4101,0,7.2660,0.0160
4098,0,7.2820,0.0160
0,0,7.3280,0.0460
25,0,7.3440,0.0160
289,0,7.3590,0.0150
22,0,7.3750,0.0160
23,0,7.4080,0.0330
28,0,7.4260,0.0180
18,0,7.4420,0.0160
5349,0,7.4560,0.0140
416,0,7.5170,0.0610
35,0,7.5340,0.0170
4151,0,7.5660,0.0320
4151,0,7.5800,0.0140
51,0,7.6720,0.0920
74,0,7.6870,0.0150
33,0,7.7030,0.0160
18,0,7.7190,0.0160
73,0,7.7340,0.0150
140,0,7.7660,0.0320
105,0,7.8120,0.0460
4162,0,7.8310,0.0190
35,0,7.8500,0.0190
25,0,7.8630,0.0130
14,0,7.8790,0.0160
417,0,7.9060,0.0270
35,0,7.9390,0.0330
21,0,8.0320,0.0930
72,0,8.0560,0.0240
21,0,8.0660,0.0100
51,0,8.1240,0.0580
340,0,8.1450,0.0210
21,0,8.1580,0.0130
33,0,8.1730,0.0150
33,0,8.1900,0.0170
72,0,8.2050,0.0150
341,0,8.2200,0.0150
23,0,8.2370,0.0170
18,0,8.2510,0.0140
18,0,8.2820,0.0310
23,0,8.3250,0.0430
85,0,8.3750,0.0500
74,0,8.3900,0.0150
18,0,8.4060,0.0160
21,0,8.4690,0.0630
4,0,8.4840,0.0150
4,0,8.5310,0.0470
80,0,8.5780,0.0470
51,0,8.5940,0.0160
61,0,8.6090,0.0150
85,0,8.6250,0.0160
85,0,8.6660,0.0410
15,0,8.6680,0.0020
61,0,8.6720,0.0040
51,0,8.7030,0.0310
51,0,8.7500,0.0470
51,0,8.7660,0.0160
73,0,8.7810,0.0150
51,0,8.7970,0.0160
37,0,8.8280,0.0310
61,0,8.8440,0.0160
49,0,8.8620,0.0180
80,4,8.8760,0.0140
80,4,8.8900,0.0140
40,2,8.9060,0.0160
49,3,8.9060,0.0160
112,4,8.9240,0.0180
469,2,8.9400,0.0160
22,0,9.0480,0.1080
356,0,9.1270,0.0790
444,0,9.1570,0.0300
356,0,9.1730,0.0160
356,0,9.2060,0.0330
33,0,9.2520,0.0460
22,0,9.2680,0.0160
22,0,9.2820,0.0140
22,0,9.2990,0.0170
72,0,9.3160,0.0170
36,0,9.3290,0.0130
22,0,9.3940,0.0650
72,0,9.4140,0.0200
72,0,9.4270,0.0130
453,0,9.4440,0.0170
453,0,9.4570,0.0130
61,0,9.5500,0.0930
15,0,9.5690,0.0190
22,0,9.6000,0.0310
416,0,9.6120,0.0120
192,0,9.6460,0.0340
192,0,9.6620,0.0160
416,0,9.6790,0.0170
416,0,9.7090,0.0300
453,0,9.7540,0.0450
453,0,9.8140,0.0600
416,0,9.8400,0.0260
453,0,9.8680,0.0280
14,0,9.8750,0.0070
51,0,9.9010,0.0260
5125,0,9.9060,0.0050
4156,0,9.9370,0.0310
80,0,9.9880,0.0510
4188,0,10.0040,0.0160
4328,0,10.0570,0.0530
4211,0,10.0880,0.0310
4,0,10.0970,0.0090
4,0,10.1150,0.0180
24,0,10.1310,0.0160
24,0,10.1410,0.0100
4,0,10.1650,0.0240
4,0,10.1720,0.0070
4819,0,10.2060,0.0340
4200,0,10.2380,0.0320
4131,0,10.2790,0.0410
80,0,10.2810,0.0020
4258,0,10.3370,0.0560
4212,0,10.3440,0.0070
4264,0,10.3750,0.0310
4242,0,10.4070,0.0320
4251,0,10.4260,0.0190
4103,0,10.4410,0.0150
4103,0,10.4600,0.0190
4192,0,10.4730,0.0130
18,0,10.5160,0.0430
51,0,10.5480,0.0320
35,0,10.5640,0.0160
35,0,10.5800,0.0160
4101,0,10.5940,0.0140
5,0,10.6090,0.0150
4258,0,10.6580,0.0490
4258,0,10.6730,0.0150
4,0,10.6880,0.0150
4158,0,10.7050,0.0170
4264,0,10.7360,0.0310
4212,0,10.7500,0.0140
5225,0,10.7710,0.0210
5412,0,10.8160,0.0450
4103,0,10.8370,0.0210
37,0,10.8450,0.0080
49,0,10.8600,0.0150
453,0,10.9270,0.0670
14,0,10.9780,0.0510
80,0,10.9880,0.0100
4162,0,11.0070,0.0190
4166,0,11.0180,0.0110
5382,0,11.0370,0.0190
4211,0,11.0500,0.0130
4131,0,11.0800,0.0300
4103,0,11.1100,0.0300
4258,0,11.1430,0.0330
4158,0,11.1630,0.0200
5412,0,11.1780,0.0150
5,0,11.2100,0.0320
5412,0,11.2220,0.0120
5,0,11.2430,0.0210
4158,0,11.2530,0.0100
4103,0,11.2720,0.0190
5,0,11.2780,0.0060
4100,0,11.2820,0.0040
4106,0,11.3130,0.0310
5,0,11.3380,0.0250
5,0,11.3450,0.0070
4123,0,11.3680,0.0230
4106,0,11.4120,0.0440
80,0,11.4250,0.0130
4171,0,11.4480,0.0230
4222,0,11.4540,0.0060
80,0,11.4840,0.0300
4279,0,11.5120,0.0280
4131,0,11.5180,0.0060
4100,0,11.5500,0.0320
194,0,11.5790,0.0290
4177,0,11.6090,0.0300
4187,0,11.6720,0.0630
5,0,11.6870,0.0150
4097,0,11.7190,0.0320
14,5,11.7340,0.0150
450,5,11.7510,0.0170
21,5,11.7660,0.0150
4098,5,11.7810,0.0150
4108,0,11.8010,0.0200
4,5,11.8120,0.0110
4,5,11.8450,0.0330
4112,5,11.8910,0.0460
4112,5,11.9080,0.0170
61,5,11.9230,0.0150
24,5,11.9550,0.0320
24,5,11.9690,0.0140
5254,5,12.1560,0.1870
4103,5,12.1720,0.0160
4115,0,12.1970,0.0250
39,5,12.2360,0.0390
4112,5,12.2510,0.0150
5254,5,12.2840,0.0330
5254,5,12.3150,0.0310
5254,5,12.3290,0.0140
5254,5,12.3600,0.0310
5254,5,12.3920,0.0320
30,5,12.4070,0.0150
30,5,12.4230,0.0160
30,5,12.4390,0.0160
24,5,12.4540,0.0150
4096,0,12.4730,0.0190
4100,0,12.4890,0.0160
5,0,12.5010,0.0120
4131,0,12.5220,0.0210
22,0,12.5320,0.0100
15,0,12.5480,0.0160
61,0,12.6000,0.0520
22,0,12.6410,0.0410
23,0,12.6610,0.0200
49,0,12.6680,0.0070
49,0,12.6720,0.0040
28,4,12.6890,0.0170
49,0,12.6890,0.0170
369,0,12.7050,0.0160
369,0,12.7190,0.0140
22,0,12.8010,0.0820
4151,0,12.9390,0.1380
54,0,12.9590,0.0200
54,0,12.9750,0.0160
416,0,12.9900,0.0150
85,0,13.0070,0.0170
340,0,13.0180,0.0110
416,0,13.0620,0.0440
453,0,13.1420,0.0800
453,0,13.1570,0.0150
72,0,13.2510,0.0940
416,0,13.2680,0.0170
453,0,13.3000,0.0320
416,0,13.3140,0.0140
22,0,13.3290,0.0150
15,0,13.3490,0.0200
14,0,13.3590,0.0100
80,0,13.5000,0.1410
15,0,13.5190,0.0190
80,0,13.6090,0.0900
13,0,13.6290,0.0200
15,0,13.6460,0.0170
15,0,13.6600,0.0140
15,0,13.6820,0.0220
15,0,13.7520,0.0700
80,0,13.7670,0.0150
15,0,13.7890,0.0220
80,0,13.7990,0.0100
96,0,13.8340,0.0350
61,0,13.9540,0.1200
80,0,13.9810,0.0270
18,0,14.0510,0.0700
201,0,14.0690,0.0180
18,0,14.0790,0.0100
15,0,14.1060,0.0270
18,0,14.1110,0.0050
33,0,14.1890,0.0780
33,0,14.2040,0.0150
76,0,14.2230,0.0190
25,0,14.2670,0.0440
140,0,14.2980,0.0310
33,0,14.3160,0.0180
85,0,14.3290,0.0130
61,0,14.3470,0.0180
85,0,14.3610,0.0140
35,0,14.3800,0.0190
51,0,14.3950,0.0150
17,0,14.4260,0.0310
39,0,14.4450,0.0190
17,0,14.4560,0.0110
42,0,14.4860,0.0300
340,0,14.5520,0.0660
85,0,14.5830,0.0310
15,0,14.6760,0.0930
15,0,14.7040,0.0280
4,0,14.7260,0.0220
25,0,14.8120,0.0860
22,0,14.8300,0.0180
18,0,14.8440,0.0140
33,0,14.8600,0.0160
340,0,14.8760,0.0160
