SysID,Thread ID,time,inetrval
14,0,0.2280,0.2280
80,0,0.5610,0.3330
80,0,0.5810,0.0200
80,0,0.5950,0.0140
18,0,0.6110,0.0160
18,0,0.6550,0.0440
18,0,0.7640,0.1090
37,0,0.9540,0.1900
55,0,0.9850,0.0310
61,0,1.0170,0.0320
51,0,1.0310,0.0140
74,0,1.0470,0.0160
49,0,1.1090,0.0620
80,0,1.1280,0.0190
80,0,1.1420,0.0140
347,0,1.1710,0.0290
80,0,1.2790,0.1080
80,0,1.5450,0.2660
15,0,1.5620,0.0170
76,0,1.6130,0.0510
416,0,1.6460,0.0330
453,0,1.6860,0.0400
453,0,1.7010,0.0150
453,0,1.7230,0.0220
18,0,1.8600,0.1370
453,0,1.8740,0.0140
453,0,1.9080,0.0340
24,0,1.9250,0.0170
24,0,2.0140,0.0890
80,0,2.0610,0.0470
453,0,2.0790,0.0180
453,0,2.0920,0.0130
23,0,2.1160,0.0240
51,0,2.2800,0.1640
51,0,2.3130,0.0330
51,0,2.3250,0.0120
348,0,2.3260,0.0010
24,0,2.4210,0.0950
85,0,2.4370,0.0160
17,0,2.4520,0.0150
54,0,2.5290,0.0770
356,0,2.6080,0.0790
453,0,2.7280,0.1200
15,0,2.7350,0.0070
38,0,2.7650,0.0300
33,0,2.7820,0.0170
15,0,2.7950,0.0130
85,0,2.8260,0.0310
15,0,2.8580,0.0320
85,0,2.8770,0.0190
15,0,2.8910,0.0140
293,0,2.9360,0.0450
24,0,3.1420,0.2060
15,0,3.2030,0.0610
37,0,3.3430,0.1400
354,0,3.3760,0.0330
196,0,3.3920,0.0160
196,0,3.4040,0.0120
80,0,3.4240,0.0200
40,0,3.4370,0.0130
49,0,3.4530,0.0160
49,0,3.4680,0.0150
55,0,3.4990,0.0310
55,0,3.5180,0.0190
49,0,3.5300,0.0120
18,0,3.5640,0.0340
24,0,3.5850,0.0210
55,0,3.5930,0.0080
49,0,3.6270,0.0340
24,0,3.6570,0.0300
55,0,3.6900,0.0330
49,0,3.7020,0.0120
369,0,3.7350,0.0330
15,0,3.7520,0.0170
67,2,3.7640,0.0120
1,2,3.7800,0.0160
469,2,3.7950,0.0150
15,0,3.8430,0.0480
67,3,3.8580,0.0150
24,3,3.8730,0.0150
49,0,3.9070,0.0340
67,4,3.9180,0.0110
80,0,3.9200,0.0020
49,0,3.9400,0.0200
469,3,3.9490,0.0090
369,0,3.9520,0.0030
80,0,3.9670,0.0150
28,2,3.9830,0.0160
49,0,4.0000,0.0170
49,0,4.0150,0.0150
80,4,4.0300,0.0150
14,2,4.0480,0.0180
4,0,4.0620,0.0140
51,0,4.1150,0.0530
348,0,4.1250,0.0100
51,0,4.1490,0.0240
76,0,4.1560,0.0070
76,0,4.1760,0.0200
76,0,4.1860,0.0100
76,0,4.2120,0.0260
76,0,4.2210,0.0090
416,0,4.2390,0.0180
416,0,4.2540,0.0150
35,0,4.3500,0.0960
35,0,4.3760,0.0260
35,0,4.3930,0.0170
35,0,4.4220,0.0290
35,0,4.4410,0.0190
24,0,4.4720,0.0310
73,0,4.5000,0.0280
73,0,4.5240,0.0240
73,0,4.5310,0.0070
35,0,4.6550,0.1240
18,0,4.6720,0.0170
23,0,4.6920,0.0200
23,0,4.7190,0.0270
24,0,4.8120,0.0930
24,0,4.8270,0.0150
416,0,4.8600,0.0330
24,0,4.9200,0.0600
35,0,4.9520,0.0320
35,0,4.9700,0.0180
35,0,4.9840,0.0140
416,0,5.3910,0.4070
416,0,5.4730,0.0820
35,0,5.4900,0.0170
54,0,5.5030,0.0130
140,0,5.5330,0.0300
25,0,5.5530,0.0200
453,0,5.5610,0.0080
18,0,5.5860,0.0250
18,0,5.6140,0.0280
18,0,5.6240,0.0100
37,0,5.6550,0.0310
80,0,5.6860,0.0310
247,0,5.8140,0.1280
33,0,5.8760,0.0620
18,0,5.8910,0.0150
19,0,5.9670,0.0760
18,0,5.9840,0.0170
23,0,5.9990,0.0150
15,0,6.0160,0.0170
15,0,6.0330,0.0170
24,0,6.1100,0.0770
35,0,6.3120,0.2020
4101,0,6.3280,0.0160
5169,0,6.3450,0.0170
0,0,6.3890,0.0440
15,0,6.4200,0.0310
289,0,6.4440,0.0240
22,0,6.4530,0.0090
23,0,6.4850,0.0320
28,0,6.5020,0.0170
15,0,6.5170,0.0150
5349,0,6.5340,0.0170
416,0,6.5480,0.0140
24,0,6.5790,0.0310
73,0,6.6920,0.1130
24,0,6.8110,0.1190
24,0,6.8290,0.0180
35,0,6.8500,0.0210
416,0,6.8920,0.0420
416,0,6.9110,0.0190
453,0,6.9220,0.0110
453,0,6.9450,0.0230
192,0,6.9550,0.0100
51,0,6.9850,0.0300
453,0,7.0760,0.0910
24,0,7.1640,0.0880
453,0,7.2480,0.0840
453,0,7.2820,0.0340
453,0,7.3060,0.0240
35,0,7.3420,0.0360
192,0,7.4210,0.0790
35,0,7.4450,0.0240
453,0,7.4730,0.0280
453,0,7.4890,0.0160
35,0,7.4990,0.0100
14,0,7.5300,0.0310
14,0,7.5540,0.0240
24,0,7.5630,0.0090
73,0,7.6110,0.0480
24,0,7.6200,0.0090
24,0,7.7640,0.1440
24,0,7.7810,0.0170
35,0,7.7940,0.0130
5125,0,7.8290,0.0350
23,0,7.8590,0.0300
85,0,7.9220,0.0630
40,0,7.9410,0.0190
18,0,7.9540,0.0130
85,0,8.0160,0.0620
24,0,8.0360,0.0200
39,0,8.0510,0.0150
6,0,8.0640,0.0130
51,0,8.1450,0.0810
51,0,8.1580,0.0130
61,0,8.1720,0.0140
85,0,8.1870,0.0150
51,0,8.2040,0.0170
51,0,8.2220,0.0180
73,0,8.2370,0.0150
39,0,8.2520,0.0150
30,0,8.2680,0.0160
52,0,8.2830,0.0150
51,0,8.3020,0.0190
15,0,8.3120,0.0100
4353,0,8.3430,0.0310
4188,0,8.3740,0.0310
4221,0,8.4010,0.0270
4328,0,8.4040,0.0030
4211,0,8.4400,0.0360
33,0,8.4590,0.0190
33,0,8.4730,0.0140
24,0,8.4880,0.0150
23,0,8.5030,0.0150
18,0,8.5180,0.0150
18,0,8.5510,0.0330
4,0,8.5830,0.0320
24,0,8.5980,0.0150
4,0,8.6150,0.0170
4,0,8.6260,0.0110
4,0,8.6460,0.0200
4819,0,8.6770,0.0310
4802,0,8.6860,0.0090
80,0,8.7510,0.0650
4156,0,8.7730,0.0220
4819,0,8.7820,0.0090
4819,0,8.8120,0.0300
80,0,8.8270,0.0150
4173,0,8.8570,0.0300
80,0,8.8890,0.0320
4483,0,8.9210,0.0320
37,0,8.9830,0.0620
55,0,9.0110,0.0280
356,0,9.0370,0.0260
356,0,9.0480,0.0110
18,0,9.0770,0.0290
61,0,9.1340,0.0570
51,0,9.1430,0.0090
49,0,9.1540,0.0110
14,0,9.1890,0.0350
80,0,9.2720,0.0830
4159,0,9.2840,0.0120
4149,0,9.3140,0.0300
4267,0,9.3430,0.0290
4819,0,9.3770,0.0340
4298,0,9.3910,0.0140
4769,0,9.4070,0.0160
22,0,9.4250,0.0180
4106,0,9.4410,0.0160
19,0,9.4550,0.0140
4188,0,9.4880,0.0330
19,0,9.5040,0.0160
19,0,9.5210,0.0170
15,0,9.5340,0.0130
4298,0,9.5850,0.0510
24,0,9.5920,0.0070
4,0,9.6460,0.0540
22,0,9.6610,0.0150
15,0,9.7030,0.0420
40,0,9.7250,0.0220
4298,0,9.7520,0.0270
4298,0,9.7670,0.0150
30,0,9.8130,0.0460
356,0,9.8430,0.0300
444,0,9.8940,0.0510
356,0,9.9400,0.0460
180,0,10.0630,0.1230
300,0,10.0810,0.0180
4,0,10.0950,0.0140
32,0,10.1120,0.0170
24,0,10.2060,0.0940
4787,0,10.5000,0.2940
4328,0,10.5800,0.0800
23,0,10.6410,0.0610
23,0,10.6650,0.0240
22,0,10.6740,0.0090
50,0,10.6930,0.0190
4221,0,10.7090,0.0160
22,0,10.7150,0.0060
18,0,10.7180,0.0030
356,0,10.9400,0.2220
356,0,10.9550,0.0150
180,0,11.0490,0.0940
300,0,11.0670,0.0180
15,0,11.0830,0.0160
4781,0,11.2530,0.1700
4781,0,11.2670,0.0140
4159,0,11.4000,0.1330
4159,0,11.4290,0.0290
4159,0,11.4390,0.0100
4142,0,11.4680,0.0290
4139,0,11.4910,0.0230
4142,0,11.5030,0.0120
4158,0,11.5470,0.0440
4156,0,11.5690,0.0220
80,0,11.5810,0.0120
4211,0,11.5970,0.0160
4131,0,11.6080,0.0110
4258,0,11.6610,0.0530
4212,0,11.6730,0.0120
4264,0,11.6930,0.0200
4242,0,11.7330,0.0400
4103,0,11.7480,0.0150
5,0,11.7640,0.0160
5,0,11.7800,0.0160
18,0,11.8780,0.0980
51,0,11.9110,0.0330
35,0,11.9210,0.0100
35,0,11.9530,0.0320
4245,0,11.9790,0.0260
5,0,11.9840,0.0050
4258,0,12.0300,0.0460
18,0,12.0920,0.0620
37,0,12.1470,0.0550
61,0,12.1570,0.0100
80,0,12.1700,0.0130
4151,0,12.2010,0.0310
51,0,12.2960,0.0950
33,0,12.3270,0.0310
17,0,12.3580,0.0310
140,0,12.3890,0.0310
15,0,12.4050,0.0160
105,0,12.4360,0.0310
4162,0,12.4670,0.0310
25,0,12.4830,0.0160
23,0,12.4980,0.0150
4,0,12.5140,0.0160
4158,0,12.5300,0.0160
4264,0,12.5630,0.0330
4212,0,12.5790,0.0160
5412,0,12.6270,0.0480
4103,0,12.6420,0.0150
37,0,12.6600,0.0180
49,0,12.6710,0.0110
369,0,12.6900,0.0190
80,4,12.7020,0.0120
22,0,12.7970,0.0950
356,0,12.8590,0.0620
356,0,12.8890,0.0300
356,0,12.9220,0.0330
33,0,12.9570,0.0350
22,0,12.9870,0.0300
22,0,13.0090,0.0220
72,0,13.0160,0.0070
36,0,13.0360,0.0200
22,0,13.0450,0.0090
22,0,13.0970,0.0520
453,0,13.1160,0.0190
72,0,13.1230,0.0070
453,0,13.1500,0.0270
453,0,13.1560,0.0060
453,0,13.2170,0.0610
14,0,13.2660,0.0490
80,0,13.2810,0.0150
4110,0,13.2980,0.0170
4166,0,13.3150,0.0170
5230,0,13.3290,0.0140
80,0,13.3440,0.0150
4103,0,13.3740,0.0300
4258,0,13.4050,0.0310
4,0,13.4260,0.0210
5230,0,13.4400,0.0140
4162,0,13.4550,0.0150
4158,0,13.4710,0.0160
51,0,13.4860,0.0150
4158,0,13.5020,0.0160
61,0,13.5650,0.0630
40,0,13.5790,0.0140
15,0,13.5890,0.0100
4158,0,13.6230,0.0340
51,0,13.6390,0.0160
35,0,13.6600,0.0210
4180,0,13.7170,0.0570
4272,0,13.7330,0.0160
80,0,13.7640,0.0310
4252,0,13.7950,0.0310
4248,0,13.8110,0.0160
4137,0,13.8270,0.0160
4125,0,13.8500,0.0230
4107,0,13.8640,0.0140
4106,0,13.8790,0.0150
4107,0,13.8890,0.0100
4107,0,13.9110,0.0220
5052,0,13.9220,0.0110
4175,0,13.9410,0.0190
4131,0,13.9560,0.0150
4132,0,13.9850,0.0290
5,0,14.0010,0.0160
5412,0,14.0180,0.0170
4177,0,14.0330,0.0150
5,0,14.0500,0.0170
4097,0,14.0640,0.0140
5,0,14.0800,0.0160
