SysID,Thread ID,time,inetrval
14,0,0.2500,0.2500
80,0,0.6130,0.3630
80,0,0.6260,0.0130
80,0,0.6410,0.0150
18,0,0.7070,0.0660
18,0,0.8150,0.1080
37,0,1.0180,0.2030
55,0,1.0490,0.0310
61,0,1.0940,0.0450
51,0,1.1250,0.0310
49,0,1.2510,0.1260
80,0,1.2670,0.0160
80,0,1.2820,0.0150
347,0,1.3140,0.0320
80,0,1.4380,0.1240
80,0,1.5980,0.1600
15,0,1.6100,0.0120
76,0,1.6410,0.0310
416,0,1.6730,0.0320
453,0,1.7070,0.0340
453,0,1.7350,0.0280
453,0,1.7660,0.0310
18,0,1.8930,0.1270
453,0,1.9220,0.0290
453,0,1.9550,0.0330
24,0,1.9720,0.0170
24,0,2.0630,0.0910
80,0,2.1250,0.0620
453,0,2.1440,0.0190
453,0,2.1580,0.0140
453,0,2.1720,0.0140
18,0,2.1910,0.0190
51,0,2.3600,0.1690
15,0,2.3750,0.0150
51,0,2.3910,0.0160
15,0,2.4070,0.0160
24,0,2.5000,0.0930
85,0,2.5160,0.0160
54,0,2.5940,0.0780
340,0,2.6110,0.0170
356,0,2.6880,0.0770
453,0,2.8130,0.1250
15,0,2.8280,0.0150
38,0,2.8440,0.0160
297,0,2.8600,0.0160
15,0,2.8920,0.0320
33,0,2.9370,0.0450
15,0,2.9530,0.0160
85,0,2.9700,0.0170
15,0,2.9850,0.0150
293,0,3.0310,0.0460
24,0,3.2820,0.2510
15,0,3.3590,0.0770
37,0,3.4750,0.1160
354,0,3.5050,0.0300
196,0,3.5230,0.0180
202,0,3.5330,0.0100
80,0,3.5540,0.0210
55,0,3.5650,0.0110
49,0,3.5790,0.0140
369,0,3.6100,0.0310
67,2,3.6270,0.0170
55,0,3.6570,0.0300
40,0,3.6710,0.0140
469,2,3.6720,0.0010
49,0,3.7340,0.0620
80,0,3.7500,0.0160
28,2,3.7670,0.0170
469,2,3.7970,0.0300
49,0,3.8130,0.0160
18,0,3.8440,0.0310
55,0,3.8870,0.0430
40,0,3.8930,0.0060
369,0,3.9080,0.0150
24,0,3.9390,0.0310
466,2,3.9540,0.0150
24,2,3.9850,0.0310
40,0,4.0160,0.0310
80,0,4.0310,0.0150
469,3,4.0470,0.0160
24,0,4.0630,0.0160
40,0,4.0790,0.0160
49,0,4.0970,0.0180
55,0,4.1070,0.0100
80,3,4.1090,0.0020
49,0,4.1310,0.0220
49,0,4.1430,0.0120
49,0,4.1590,0.0160
80,0,4.1750,0.0160
49,0,4.1880,0.0130
369,0,4.2040,0.0160
15,0,4.2160,0.0120
369,0,4.2180,0.0020
80,2,4.2190,0.0010
67,4,4.2350,0.0160
80,2,4.2500,0.0150
24,4,4.2660,0.0160
14,2,4.2660,0.0160
24,0,4.3000,0.0340
369,0,4.3130,0.0130
40,0,4.3290,0.0160
51,2,4.3460,0.0170
80,2,4.3570,0.0110
24,0,4.3600,0.0030
80,0,4.3830,0.0230
469,4,4.3940,0.0110
80,0,4.4250,0.0310
51,0,4.5630,0.1380
348,0,4.5790,0.0160
51,0,4.6100,0.0310
76,0,4.6440,0.0340
76,0,4.6590,0.0150
416,0,4.6760,0.0170
24,0,4.7310,0.0550
24,0,4.7350,0.0040
73,0,4.8750,0.1400
73,0,4.8910,0.0160
18,0,5.0350,0.1440
23,0,5.0680,0.0330
24,0,5.1130,0.0450
35,0,5.1430,0.0300
416,0,5.2030,0.0600
453,0,5.2350,0.0320
453,0,5.2600,0.0250
192,0,5.2670,0.0070
72,0,5.2880,0.0210
51,0,5.2980,0.0100
35,0,5.3190,0.0210
453,0,5.3910,0.0720
24,0,5.4850,0.0940
453,0,5.5660,0.0810
416,0,5.5780,0.0120
453,0,5.6090,0.0310
453,0,5.6260,0.0170
35,0,5.7250,0.0990
35,0,5.7520,0.0270
35,0,5.7760,0.0240
35,0,5.7820,0.0060
24,0,5.8030,0.0210
24,0,5.8240,0.0210
73,0,5.8300,0.0060
35,0,5.8940,0.0640
24,0,5.9850,0.0910
35,0,6.0820,0.0970
35,0,6.1010,0.0190
35,0,6.1100,0.0090
416,0,6.5220,0.4120
416,0,6.5860,0.0640
35,0,6.5980,0.0120
54,0,6.6220,0.0240
80,0,6.6280,0.0060
140,0,6.6450,0.0170
25,0,6.6630,0.0180
18,0,6.6750,0.0120
18,0,6.6890,0.0140
18,0,6.7090,0.0200
18,0,6.7240,0.0150
18,0,6.7420,0.0180
18,0,6.7550,0.0130
37,0,6.7710,0.0160
80,0,6.8030,0.0320
247,0,6.9080,0.1050
33,0,6.9560,0.0480
15,0,6.9730,0.0170
19,0,6.9850,0.0120
19,0,7.0480,0.0630
18,0,7.0660,0.0180
18,0,7.0820,0.0160
15,0,7.1110,0.0290
35,0,7.4080,0.2970
37,0,7.4290,0.0210
4224,0,7.4380,0.0090
0,0,7.4950,0.0570
15,0,7.5000,0.0050
289,0,7.5260,0.0260
22,0,7.5310,0.0050
289,0,7.5470,0.0160
23,0,7.5640,0.0170
28,0,7.5940,0.0300
5349,0,7.6250,0.0310
24,0,7.6420,0.0170
24,0,7.6720,0.0300
73,0,7.6880,0.0160
24,0,7.8120,0.1240
23,0,7.8400,0.0280
24,0,7.8440,0.0040
35,0,7.8680,0.0240
4151,0,7.8750,0.0070
5125,0,7.9160,0.0410
33,0,7.9240,0.0080
0,0,7.9440,0.0200
15,0,7.9570,0.0130
4162,0,7.9850,0.0280
4162,0,8.0080,0.0230
25,0,8.0190,0.0110
416,0,8.0350,0.0160
35,0,8.0650,0.0300
192,0,8.1570,0.0920
35,0,8.1740,0.0170
24,0,8.2060,0.0320
453,0,8.2210,0.0150
35,0,8.2360,0.0150
453,0,8.2510,0.0150
14,0,8.2670,0.0160
417,0,8.2880,0.0210
14,0,8.2990,0.0110
85,0,8.3620,0.0630
6,0,8.3780,0.0160
39,0,8.3920,0.0140
15,0,8.4080,0.0160
61,0,8.4390,0.0310
72,0,8.4550,0.0160
22,0,8.4700,0.0150
340,0,8.4850,0.0150
194,0,8.5040,0.0190
4,0,8.5160,0.0120
14,5,8.5700,0.0540
4096,5,8.6100,0.0400
4156,5,8.6330,0.0230
80,5,8.6410,0.0080
4173,5,8.6680,0.0270
80,5,8.6720,0.0040
4188,5,8.7040,0.0320
4328,5,8.7340,0.0300
4211,5,8.7660,0.0320
33,5,8.8020,0.0360
18,5,8.8180,0.0160
24,5,8.8330,0.0150
23,5,8.8450,0.0120
18,5,8.8650,0.0200
18,5,8.8910,0.0260
23,5,8.9110,0.0200
4,5,8.9290,0.0180
4,5,8.9420,0.0130
24,5,8.9600,0.0180
24,5,8.9690,0.0090
4,5,8.9940,0.0250
4,5,9.0030,0.0090
4819,5,9.0310,0.0280
4802,5,9.0540,0.0230
4200,5,9.0630,0.0090
4131,5,9.1120,0.0490
4258,5,9.1730,0.0610
4212,5,9.1880,0.0150
4158,5,9.2070,0.0190
4264,5,9.2360,0.0290
4242,5,9.2830,0.0470
4103,5,9.3010,0.0180
5,5,9.3170,0.0160
4103,5,9.3280,0.0110
5,5,9.3460,0.0180
4129,5,9.3610,0.0150
18,5,9.4580,0.0970
15,5,9.4710,0.0130
51,5,9.4860,0.0150
35,5,9.5010,0.0150
35,5,9.5170,0.0160
35,5,9.5500,0.0330
4101,5,9.5650,0.0150
4245,5,9.5780,0.0130
4258,5,9.6270,0.0490
4212,5,9.6410,0.0140
5412,5,9.6590,0.0180
4103,5,9.6720,0.0130
4258,5,9.6940,0.0220
4212,5,9.7100,0.0160
4,5,9.7200,0.0100
23,5,9.7370,0.0170
85,5,9.7690,0.0320
74,5,9.7840,0.0150
18,5,9.8130,0.0290
23,5,9.8280,0.0150
4,5,9.8810,0.0530
4,5,9.9060,0.0250
4212,5,9.9270,0.0210
4103,5,9.9370,0.0100
33,5,9.9540,0.0170
4132,5,9.9710,0.0170
5,5,9.9870,0.0160
14,5,10.0160,0.0290
4103,0,10.0310,0.0150
4177,5,10.0500,0.0190
4103,5,10.0630,0.0130
4103,5,10.0830,0.0200
4097,5,10.0980,0.0150
5,5,10.1120,0.0140
4103,0,10.1240,0.0120
4097,5,10.1250,0.0010
6,0,10.1460,0.0210
5,5,10.1570,0.0110
297,0,10.1720,0.0150
37,0,10.2060,0.0340
49,0,10.2200,0.0140
356,4,10.2500,0.0300
356,4,10.2840,0.0340
18,4,10.2970,0.0130
61,4,10.3780,0.0810
51,4,10.3910,0.0130
80,4,10.4060,0.0150
453,0,10.4380,0.0320
453,0,10.4540,0.0160
72,0,10.4750,0.0210
37,0,10.4870,0.0120
49,0,10.5110,0.0240
15,0,10.5170,0.0060
80,0,10.5470,0.0300
80,0,10.5630,0.0160
85,0,10.5820,0.0190
340,0,10.5990,0.0170
416,0,10.6110,0.0120
24,0,10.6910,0.0800
24,0,10.9230,0.2320
24,0,10.9400,0.0170
453,0,11.0010,0.0610
14,0,11.0320,0.0310
54,0,11.0630,0.0310
22,0,11.0940,0.0310
15,0,11.1180,0.0240
72,0,11.1300,0.0120
18,0,11.2240,0.0940
18,0,11.2370,0.0130
15,0,11.2510,0.0140
88,0,11.2840,0.0330
33,0,11.3040,0.0200
33,0,11.3120,0.0080
33,0,11.5030,0.1910
15,0,11.5600,0.0570
15,0,11.5620,0.0020
453,0,11.5780,0.0160
453,0,11.5940,0.0160
15,0,11.6110,0.0170
72,0,11.6720,0.0610
60,0,11.6880,0.0160
24,0,11.7970,0.1090
36,0,12.0040,0.2070
36,0,12.0800,0.0760
33,0,12.0960,0.0160
121,0,12.1090,0.0130
36,0,12.1570,0.0480
24,0,12.2050,0.0480
140,0,12.2210,0.0160
140,0,12.4220,0.2010
131,0,12.6400,0.2180
354,0,12.6590,0.0190
432,0,12.6770,0.0180
62,0,13.0330,0.3560
88,0,13.0470,0.0140
88,0,13.0810,0.0340
25,0,13.0960,0.0150
85,0,13.1420,0.0460
15,0,13.1580,0.0160
51,0,13.1770,0.0190
88,0,13.1930,0.0160
61,0,13.2030,0.0100
22,0,13.2360,0.0330
23,0,13.2850,0.0490
23,0,13.2980,0.0130
37,0,13.3300,0.0320
40,0,13.3460,0.0160
453,0,13.3640,0.0180
22,0,13.3840,0.0200
23,0,13.3920,0.0080
15,0,13.4240,0.0320
36,0,13.4890,0.0650
15,0,13.5030,0.0140
55,0,13.5150,0.0120
49,0,13.5160,0.0010
37,0,13.5320,0.0160
453,0,13.5630,0.0310
453,0,13.5790,0.0160
18,0,13.5970,0.0180
51,0,13.6160,0.0190
7,0,13.6280,0.0120
14,0,13.7200,0.0920
15,0,13.7670,0.0470
85,0,13.8000,0.0330
85,0,13.8140,0.0140
40,0,13.8320,0.0180
49,0,13.8440,0.0120
80,3,13.8590,0.0150
28,3,13.8760,0.0170
28,3,13.8760,0.0170
74,2,13.8910,0.0150
49,4,13.8910,0.0150
49,4,13.8910,0.0150
15,4,13.9050,0.0140
80,2,13.9060,0.0010
24,0,14.0050,0.0990
23,0,14.0220,0.0170
356,0,14.0940,0.0720
444,0,14.1250,0.0310
356,0,14.1420,0.0170
356,0,14.1750,0.0330
33,0,14.2260,0.0510
22,0,14.2380,0.0120
22,0,14.2530,0.0150
22,0,14.2630,0.0100
22,0,14.2680,0.0050
72,0,14.2810,0.0130
22,0,14.3010,0.0200
22,0,14.3600,0.0590
24,0,14.3760,0.0160
72,0,14.3920,0.0160
453,0,14.4070,0.0150
453,0,14.4230,0.0160
416,0,14.4390,0.0160
61,0,14.4850,0.0460
74,0,14.5000,0.0150
22,0,14.5470,0.0470
192,0,14.5790,0.0320
23,0,14.6020,0.0230
192,0,14.6100,0.0080
416,0,14.6570,0.0470
453,0,14.7030,0.0460
416,0,14.7200,0.0170
453,0,14.7990,0.0790
416,0,14.8140,0.0150
453,0,14.8440,0.0300
61,0,14.8640,0.0200
4103,0,14.9220,0.0580
39,0,14.9410,0.0190
17,0,14.9540,0.0130
17,0,14.9700,0.0160
4103,0,14.9910,0.0210
85,0,15.0010,0.0100
24,0,15.0210,0.0200
24,0,15.0330,0.0120
30,0,15.0520,0.0190
6,0,15.0670,0.0150
8,0,15.2830,0.2160
39,0,15.3150,0.0320
6,0,15.3460,0.0310
8,0,15.3820,0.0360
8,0,15.4270,0.0450
8,0,15.4440,0.0170
8,0,15.4770,0.0330
8,0,15.5020,0.0250
8,0,15.5310,0.0290
8,0,15.5650,0.0340
8,0,15.6020,0.0370
8,0,15.6260,0.0240
8,0,15.6590,0.0330
8,0,15.6910,0.0320
8,0,15.7030,0.0120
8,0,15.7360,0.0330
8,0,15.7530,0.0170
4103,0,15.7710,0.0180
24,0,15.7840,0.0130
85,0,15.8070,0.0230
8,0,15.8080,0.0010
61,0,15.9290,0.1210
61,0,15.9380,0.0090
80,0,15.9530,0.0150
18,0,16.0490,0.0960
18,0,16.0670,0.0180
18,0,16.0780,0.0110
297,0,16.1060,0.0280
33,0,16.1080,0.0020
18,0,16.1100,0.0020
453,0,16.1350,0.0250
33,0,16.2270,0.0920
15,0,16.2370,0.0100
18,0,16.2550,0.0180
25,0,16.3120,0.0570
140,0,16.3660,0.0540
340,0,16.4690,0.1030
24,0,16.5010,0.0320
15,0,16.5940,0.0930
82,0,16.6100,0.0160
15,0,16.6260,0.0160
4183,0,16.6410,0.0150
25,0,17.1650,0.5240
39,0,17.1720,0.0070
17,0,17.1880,0.0160
44,0,17.2040,0.0160
15,0,17.3440,0.1400
15,0,17.3830,0.0390
13,0,17.3910,0.0080
15,0,17.4540,0.0630
13,0,17.4700,0.0160
13,0,17.5650,0.0950
15,0,17.6270,0.0620
15,0,17.6400,0.0130
15,0,17.6560,0.0160
15,0,17.6720,0.0160
15,0,17.6890,0.0170
15,0,17.7850,0.0960
15,0,17.7970,0.0120
15,0,17.8180,0.0210
15,0,17.8290,0.0110
15,0,17.9500,0.1210
15,0,18.0000,0.0500
13,0,18.1720,0.1720
13,0,18.1860,0.0140
15,0,18.2330,0.0470
15,0,18.2490,0.0160
4275,0,18.3430,0.0940
15,0,18.4210,0.0780
15,0,18.4270,0.0060
18,0,18.4330,0.0060
30,0,18.4600,0.0270
13,0,18.4780,0.0180
13,0,18.4890,0.0110
15,0,18.6410,0.1520
15,0,18.6630,0.0220
15,0,18.7130,0.0500
15,0,18.7180,0.0050
15,0,18.7360,0.0180
15,0,18.7940,0.0580
15,0,18.8360,0.0420
15,0,18.8460,0.0100
