SysID,Thread ID,time,inetrval
14,0,0.2970,0.2970
80,0,0.6750,0.3780
80,0,0.6890,0.0140
18,0,0.7040,0.0150
18,0,0.7660,0.0620
18,0,0.8620,0.0960
37,0,1.0800,0.2180
55,0,1.1140,0.0340
61,0,1.1410,0.0270
51,0,1.1890,0.0480
49,0,1.2970,0.1080
80,0,1.3450,0.0480
80,0,1.5340,0.1890
80,0,1.6880,0.1540
15,0,1.7060,0.0180
76,0,1.7340,0.0280
416,0,1.7650,0.0310
453,0,1.7960,0.0310
453,0,1.8450,0.0490
453,0,1.8730,0.0280
18,0,2.0000,0.1270
15,0,2.0160,0.0160
453,0,2.0310,0.0150
453,0,2.0620,0.0310
24,0,2.1100,0.0480
24,0,2.2030,0.0930
80,0,2.2340,0.0310
453,0,2.2500,0.0160
453,0,2.2830,0.0330
18,0,2.3150,0.0320
51,0,2.4840,0.1690
15,0,2.5050,0.0210
51,0,2.5170,0.0120
15,0,2.5350,0.0180
24,0,2.6110,0.0760
85,0,2.6270,0.0160
17,0,2.6410,0.0140
54,0,2.7040,0.0630
340,0,2.7200,0.0160
356,0,2.7970,0.0770
453,0,2.9230,0.1260
15,0,2.9370,0.0140
38,0,2.9570,0.0200
297,0,2.9700,0.0130
15,0,3.0010,0.0310
85,0,3.0160,0.0150
33,0,3.0480,0.0320
15,0,3.0630,0.0150
15,0,3.0790,0.0160
453,0,3.0930,0.0140
293,0,3.1560,0.0630
24,0,3.3940,0.2380
15,0,3.4530,0.0590
37,0,3.5670,0.1140
354,0,3.5830,0.0160
205,0,3.5980,0.0150
196,0,3.6140,0.0160
417,0,3.6260,0.0120
80,0,3.6440,0.0180
76,0,3.6830,0.0390
14,0,3.6870,0.0040
417,0,3.7100,0.0230
14,0,3.7250,0.0150
360,0,3.8030,0.0780
