SysID,Thread ID,time,inetrval
14,0,0.2410,0.2410
80,0,0.5320,0.2910
80,0,0.5470,0.0150
18,0,0.5620,0.0150
18,0,0.6090,0.0470
18,0,0.7180,0.1090
23,0,0.7340,0.0160
37,0,0.9230,0.1890
55,0,0.9420,0.0190
61,0,0.9840,0.0420
51,0,1.0050,0.0210
49,0,1.0790,0.0740
80,0,1.1100,0.0310
347,0,1.1350,0.0250
80,0,1.2230,0.0880
80,0,1.3610,0.1380
76,0,1.4060,0.0450
416,0,1.4370,0.0310
453,0,1.4690,0.0320
453,0,1.5010,0.0320
453,0,1.5160,0.0150
18,0,1.6410,0.1250
23,0,1.6560,0.0150
453,0,1.6710,0.0150
453,0,1.7030,0.0320
24,0,1.7190,0.0160
24,0,1.7810,0.0620
80,0,1.8280,0.0470
453,0,1.8430,0.0150
453,0,1.8590,0.0160
18,0,1.8830,0.0240
51,0,2.0150,0.1320
51,0,2.0380,0.0230
15,0,2.0490,0.0110
24,0,2.1240,0.0750
17,0,2.1400,0.0160
40,0,2.1560,0.0160
54,0,2.2350,0.0790
340,0,2.2500,0.0150
356,0,2.3120,0.0620
453,0,2.4220,0.1100
15,0,2.4400,0.0180
38,0,2.4540,0.0140
33,0,2.4760,0.0220
15,0,2.4860,0.0100
85,0,2.5040,0.0180
33,0,2.5330,0.0290
15,0,2.5510,0.0180
85,0,2.5650,0.0140
293,0,2.6120,0.0470
24,0,2.8010,0.1890
15,0,2.8600,0.0590
37,0,2.9550,0.0950
354,0,2.9730,0.0180
417,0,2.9870,0.0140
417,0,3.0030,0.0160
80,0,3.0160,0.0130
49,0,3.0480,0.0320
49,0,3.0670,0.0190
369,0,3.0820,0.0150
15,0,3.0950,0.0130
67,2,3.1090,0.0140
40,0,3.1260,0.0170
49,0,3.1410,0.0150
80,0,3.1880,0.0470
55,0,3.2080,0.0200
24,0,3.2350,0.0270
466,2,3.2660,0.0310
24,0,3.2860,0.0200
112,0,3.3150,0.0290
28,2,3.3290,0.0140
14,2,3.3430,0.0140
469,2,3.3750,0.0320
24,0,3.4050,0.0300
466,2,3.4060,0.0010
40,0,3.4390,0.0330
49,0,3.4530,0.0140
369,0,3.4690,0.0160
466,2,3.4840,0.0150
15,0,3.4990,0.0150
55,0,3.5000,0.0010
80,3,3.5160,0.0160
49,0,3.5330,0.0170
49,0,3.5480,0.0150
49,0,3.5790,0.0310
80,3,3.5940,0.0150
49,0,3.6120,0.0180
469,4,3.6220,0.0100
80,3,3.6250,0.0030
80,4,3.6420,0.0170
18,0,3.6560,0.0140
14,2,3.6720,0.0160
24,0,3.7090,0.0370
369,0,3.7250,0.0160
61,2,3.7320,0.0070
356,0,3.7510,0.0190
356,0,3.7810,0.0300
18,0,3.7970,0.0160
23,0,3.8120,0.0150
80,2,3.8280,0.0160
80,2,3.8750,0.0470
51,0,3.8910,0.0160
369,2,3.9060,0.0150
51,0,3.9580,0.0520
76,0,3.9750,0.0170
51,0,4.0080,0.0330
76,0,4.0200,0.0120
76,0,4.0360,0.0160
76,0,4.0530,0.0170
416,0,4.0690,0.0160
24,0,4.1110,0.0420
73,0,4.2370,0.1260
73,0,4.2560,0.0190
18,0,4.4060,0.1500
23,0,4.4380,0.0320
24,0,4.5010,0.0630
24,0,4.5150,0.0140
35,0,4.5330,0.0180
416,0,4.5840,0.0510
416,0,4.5970,0.0130
453,0,4.6110,0.0140
453,0,4.6280,0.0170
192,0,4.6410,0.0130
51,0,4.6750,0.0340
453,0,4.7510,0.0760
24,0,4.8430,0.0920
453,0,4.9060,0.0630
453,0,4.9530,0.0470
416,0,4.9680,0.0150
35,0,5.0470,0.0790
35,0,5.0780,0.0310
35,0,5.1070,0.0290
35,0,5.1100,0.0030
24,0,5.1450,0.0350
73,0,5.1580,0.0130
73,0,5.1670,0.0090
35,0,5.2040,0.0370
24,0,5.2850,0.0810
416,0,5.3000,0.0150
35,0,5.3910,0.0910
35,0,5.4090,0.0180
24,0,5.7540,0.3450
416,0,5.7810,0.0270
54,0,5.7970,0.0160
80,0,5.8120,0.0150
140,0,5.8280,0.0160
25,0,5.8430,0.0150
18,0,5.8590,0.0160
18,0,5.8740,0.0150
18,0,5.9060,0.0320
18,0,5.9220,0.0160
15,0,5.9370,0.0150
80,0,5.9680,0.0310
247,0,6.0620,0.0940
33,0,6.1090,0.0470
18,0,6.1250,0.0160
19,0,6.1400,0.0150
19,0,6.2030,0.0630
18,0,6.2180,0.0150
23,0,6.2340,0.0160
15,0,6.2500,0.0160
24,0,6.2960,0.0460
35,0,6.5310,0.2350
37,0,6.5460,0.0150
5169,0,6.5620,0.0160
0,0,6.6090,0.0470
289,0,6.6400,0.0310
22,0,6.6560,0.0160
23,0,6.6710,0.0150
28,0,6.7030,0.0320
5349,0,6.7180,0.0150
416,0,6.7340,0.0160
416,0,6.7810,0.0470
35,0,6.7960,0.0150
4151,0,6.8280,0.0320
4151,0,6.8430,0.0150
51,0,6.9370,0.0940
33,0,6.9530,0.0160
18,0,6.9680,0.0150
73,0,6.9840,0.0160
140,0,7.0150,0.0310
105,0,7.0470,0.0320
4162,0,7.0780,0.0310
35,0,7.0930,0.0150
14,0,7.1260,0.0330
14,0,7.1560,0.0300
72,0,7.2720,0.1160
14,0,7.2880,0.0160
51,0,7.3290,0.0410
340,0,7.3630,0.0340
33,0,7.3980,0.0350
33,0,7.4110,0.0130
24,0,7.4290,0.0180
23,0,7.4420,0.0130
23,0,7.4590,0.0170
18,0,7.4910,0.0320
23,0,7.5340,0.0430
85,0,7.5660,0.0320
74,0,7.5930,0.0270
23,0,7.6210,0.0280
4,0,7.6770,0.0560
4,0,7.7220,0.0450
80,0,7.7680,0.0460
51,0,7.7840,0.0160
61,0,7.7990,0.0150
85,0,7.8150,0.0160
85,0,7.8330,0.0180
51,0,7.8630,0.0300
51,0,7.8940,0.0310
51,0,7.9220,0.0280
73,0,7.9440,0.0220
15,0,7.9570,0.0130
37,0,7.9760,0.0190
61,0,7.9890,0.0130
40,0,8.0010,0.0120
49,0,8.0120,0.0110
369,0,8.0190,0.0070
80,4,8.0290,0.0100
49,0,8.0320,0.0030
49,3,8.0460,0.0140
28,4,8.0460,0.0140
74,2,8.0620,0.0160
49,3,8.0620,0.0160
466,3,8.0780,0.0160

netrval
         

22,0,8.1990,0.1210
15,0,8.2040,0.0050
356,0,8.2660,0.0620
444,0,8.2970,0.0310
356,0,8.3430,0.0460
33,0,8.3740,0.0310
22,0,8.3900,0.0160
410,0,8.4060,0.0160
18,0,8.4210,0.0150
22,0,8.4370,0.0160
36,0,8.4530,0.0160
22,0,8.4680,0.0150
22,0,8.5150,0.0470
453,0,8.5310,0.0160
64,0,8.5460,0.0150
453,0,8.5620,0.0160
416,0,8.5780,0.0160
61,0,8.6250,0.0470
42,0,8.6400,0.0150
22,0,8.6710,0.0310
416,0,8.6870,0.0160
192,0,8.7180,0.0310
192,0,8.7340,0.0160
416,0,8.7650,0.0310
453,0,8.8120,0.0470
416,0,8.8280,0.0160
453,0,8.8900,0.0620
453,0,8.9270,0.0370
61,0,8.9410,0.0140
73,0,8.9600,0.0190
4,0,8.9750,0.0150
4,0,8.9910,0.0160
4,0,9.0050,0.0140
61,0,9.0640,0.0590
24,0,9.0950,0.0310
5254,0,9.3010,0.2060
5254,0,9.3320,0.0310
5254,0,9.3620,0.0300
5254,0,9.3940,0.0320
5254,0,9.4090,0.0150
5254,0,9.4560,0.0470
5254,0,9.4700,0.0140
5254,0,9.5030,0.0330
5254,0,9.5350,0.0320
5254,0,9.5650,0.0300
5254,0,9.5960,0.0310
5254,0,9.6280,0.0320
5254,0,9.6440,0.0160
5254,0,9.6910,0.0470
5254,0,9.7030,0.0120
5254,0,9.7360,0.0330
5254,0,9.7690,0.0330
5254,0,9.8000,0.0310
5254,0,9.8150,0.0150
39,0,9.8460,0.0310
15,0,9.8620,0.0160
5254,0,9.8920,0.0300
5254,0,9.9250,0.0330
5254,0,9.9560,0.0310
5254,0,9.9850,0.0290
5254,0,10.0040,0.0190
30,0,10.0190,0.0150
30,0,10.0350,0.0160
24,0,10.0490,0.0140
22,0,10.0670,0.0180
15,0,10.0810,0.0140
61,0,10.1280,0.0470
22,0,10.1730,0.0450
37,0,10.1920,0.0190
49,0,10.2000,0.0080
49,0,10.2030,0.0030
28,2,10.2200,0.0170
49,0,10.2200,0.0170
55,0,10.2340,0.0140
15,0,10.2500,0.0160
22,0,10.3340,0.0840
4151,0,10.4620,0.1280
80,0,10.4720,0.0100
54,0,10.4940,0.0220
416,0,10.5050,0.0110
85,0,10.5230,0.0180
340,0,10.5340,0.0110
416,0,10.5630,0.0290
453,0,10.6130,0.0500
453,0,10.6280,0.0150
72,0,10.7040,0.0760
72,0,10.7240,0.0200
416,0,10.7370,0.0130
453,0,10.7680,0.0310
22,0,10.7970,0.0290
14,0,10.8160,0.0190
80,0,10.9410,0.1250
15,0,10.9550,0.0140
80,0,11.0490,0.0940
13,0,11.0630,0.0140
15,0,11.0870,0.0240
15,0,11.0970,0.0100
15,0,11.1170,0.0200
15,0,11.1740,0.0570
80,0,11.1910,0.0170
4275,0,11.2070,0.0160
15,0,11.2220,0.0150
80,0,11.2420,0.0200
80,0,11.2530,0.0110
96,0,11.2680,0.0150
15,0,11.2880,0.0200
61,0,11.3750,0.0870
61,0,11.4000,0.0250
80,0,11.4060,0.0060
18,0,11.4920,0.0860
201,0,11.5030,0.0110
297,0,11.5210,0.0180
33,0,11.5360,0.0150
453,0,11.5510,0.0150
25,0,11.6020,0.0510
51,0,11.6120,0.0100
323,0,11.6320,0.0200
15,0,11.6450,0.0130
33,0,11.6640,0.0190
15,0,11.6760,0.0120
18,0,11.6910,0.0150
25,0,11.7390,0.0480
140,0,11.7700,0.0310
25,0,11.7840,0.0140
76,0,11.8000,0.0160
61,0,11.8300,0.0300
35,0,11.8630,0.0330
51,0,11.8770,0.0140
53,0,11.8940,0.0170
17,0,11.9290,0.0350
42,0,11.9400,0.0110
25,0,11.9570,0.0170
340,0,12.0020,0.0450
85,0,12.0490,0.0470
15,0,12.1090,0.0600
24,0,12.1260,0.0170
15,0,12.1400,0.0140
4,0,12.1560,0.0160
25,0,12.1720,0.0160
22,0,12.1870,0.0150
33,0,12.2030,0.0160
15,0,12.2270,0.0240
