SysID,Thread ID,time,inetrval
14,0,0.2340,0.2340
80,0,0.5640,0.3300
80,0,0.5820,0.0180
15,0,0.5960,0.0140
18,0,0.6250,0.0290
18,0,0.7410,0.1160
37,0,0.9070,0.1660
55,0,0.9380,0.0310
61,0,0.9880,0.0500
51,0,1.0000,0.0120
40,0,1.0160,0.0160
49,0,1.0780,0.0620
80,0,1.0970,0.0190
80,0,1.1140,0.0170
347,0,1.1330,0.0190
80,0,1.2340,0.1010
80,0,1.3760,0.1420
15,0,1.3910,0.0150
76,0,1.4380,0.0470
416,0,1.4540,0.0160
453,0,1.4870,0.0330
453,0,1.5160,0.0290
453,0,1.5320,0.0160
18,0,1.6400,0.1080
23,0,1.6720,0.0320
453,0,1.6900,0.0180
453,0,1.7190,0.0290
24,0,1.7360,0.0170
24,0,1.8130,0.0770
80,0,1.8450,0.0320
453,0,1.8660,0.0210
453,0,1.8790,0.0130
18,0,1.9060,0.0270
51,0,2.0620,0.1560
15,0,2.0780,0.0160
51,0,2.1110,0.0330
15,0,2.1260,0.0150
51,0,2.1400,0.0140
24,0,2.2190,0.0790
85,0,2.2390,0.0200
17,0,2.2500,0.0110
54,0,2.3130,0.0630
340,0,2.3290,0.0160
356,0,2.3920,0.0630
453,0,2.5000,0.1080
15,0,2.5160,0.0160
38,0,2.5420,0.0260
297,0,2.5470,0.0050
15,0,2.5780,0.0310
85,0,2.5940,0.0160
33,0,2.6100,0.0160
15,0,2.6250,0.0150
76,0,2.6410,0.0160
15,0,2.6600,0.0190
293,0,2.7040,0.0440
24,0,2.9110,0.2070
15,0,2.9750,0.0640
37,0,3.0660,0.0910
354,0,3.0980,0.0320
196,0,3.1130,0.0150
144,0,3.1230,0.0100
196,0,3.1250,0.0020
80,0,3.1570,0.0320
40,0,3.1730,0.0160
49,0,3.1880,0.0150
55,0,3.2050,0.0170
369,0,3.2400,0.0350
67,2,3.2510,0.0110
1,2,3.2820,0.0310
469,2,3.2970,0.0150
80,2,3.3440,0.0470
80,0,3.3590,0.0150
24,2,3.3890,0.0300
80,0,3.3900,0.0010
18,2,3.4070,0.0170
466,0,3.4220,0.0150
24,2,3.4400,0.0180
112,2,3.4710,0.0310
14,2,3.5000,0.0290
469,2,3.5160,0.0160
49,0,3.5320,0.0160
80,2,3.5500,0.0180
24,0,3.5620,0.0120
40,0,3.5950,0.0330
369,0,3.6090,0.0140
24,3,3.6250,0.0160
469,3,3.6710,0.0460
49,0,3.6900,0.0190
14,3,3.7030,0.0130
49,0,3.7200,0.0170
49,0,3.7370,0.0170
49,0,3.7500,0.0130
80,3,3.7730,0.0230
80,3,3.7780,0.0050
55,0,3.7810,0.0030
369,0,3.8030,0.0220
80,3,3.8120,0.0090
469,4,3.8290,0.0170
14,2,3.8460,0.0170

14,2,3.8460,0.0170

469,2,3.8590,0.0130
369,0,3.9120,0.0530
61,2,3.9220,0.0100
466,2,3.9380,0.0160
4,0,3.9520,0.0140
356,3,3.9690,0.0170
356,3,3.9850,0.0160
18,3,4.0160,0.0310
369,2,4.0470,0.0310
15,2,4.0780,0.0310
51,3,4.0940,0.0160
51,0,4.1560,0.0620
76,0,4.1800,0.0240
51,0,4.1900,0.0100
76,0,4.2120,0.0220
76,0,4.2200,0.0080
76,0,4.2400,0.0200
76,0,4.2530,0.0130
416,0,4.2680,0.0150
24,0,4.3170,0.0490
24,0,4.3250,0.0080
73,0,4.5160,0.1910
73,0,4.5360,0.0200
24,0,4.5470,0.0110
18,0,4.6720,0.1250
23,0,4.7060,0.0340
24,0,4.7510,0.0450
24,0,4.7700,0.0190
35,0,4.7850,0.0150
416,0,4.8320,0.0470
416,0,4.8630,0.0310
453,0,4.8780,0.0150
192,0,4.8940,0.0160
51,0,4.9240,0.0300
35,0,4.9400,0.0160
453,0,5.0190,0.0790
24,0,5.1120,0.0930
453,0,5.1900,0.0780
453,0,5.2360,0.0460
453,0,5.2510,0.0150
35,0,5.3450,0.0940
35,0,5.3750,0.0300
35,0,5.4080,0.0330
35,0,5.4250,0.0170
24,0,5.4550,0.0300
73,0,5.4700,0.0150
35,0,5.5490,0.0790
24,0,5.6100,0.0610
416,0,5.6570,0.0470
35,0,5.7540,0.0970
35,0,5.7670,0.0130
35,0,5.7820,0.0150
24,0,6.2210,0.4390
416,0,6.2660,0.0450
54,0,6.2840,0.0180
140,0,6.3140,0.0300
25,0,6.3440,0.0300
453,0,6.3610,0.0170
18,0,6.3750,0.0140
18,0,6.4210,0.0460
18,0,6.4370,0.0160
37,0,6.4530,0.0160
80,0,6.5000,0.0470
247,0,6.6090,0.1090
33,0,6.6720,0.0630
18,0,6.6870,0.0150
18,0,6.7030,0.0160
19,0,6.7810,0.0780
18,0,6.7970,0.0160
18,0,6.8120,0.0150
15,0,6.8440,0.0320
24,0,6.9380,0.0940
35,0,7.1720,0.2340
4101,0,7.1870,0.0150
37,0,7.2040,0.0170
4098,0,7.2210,0.0170
0,0,7.2970,0.0760
15,0,7.3130,0.0160
289,0,7.3280,0.0150
22,0,7.3590,0.0310
23,0,7.4070,0.0480
28,0,7.4250,0.0180
5,0,7.4380,0.0130
5349,0,7.4730,0.0350
416,0,7.5470,0.0740
416,0,7.5700,0.0230
4151,0,7.6090,0.0390
453,0,7.6290,0.0200
51,0,7.7350,0.1060
33,0,7.7510,0.0160
18,0,7.7830,0.0320
73,0,7.7980,0.0150
140,0,7.8300,0.0320
15,0,7.8450,0.0150
105,0,7.9080,0.0630
105,0,7.9190,0.0110
4151,0,7.9220,0.0030
4162,0,7.9400,0.0180
35,0,7.9580,0.0180
25,0,7.9680,0.0100
14,0,8.0040,0.0360
417,0,8.0350,0.0310
35,0,8.0680,0.0330
35,0,8.0780,0.0100
21,0,8.2040,0.1260
21,0,8.2200,0.0160
72,0,8.2360,0.0160
51,0,8.3150,0.0790
340,0,8.3440,0.0290
21,0,8.3650,0.0210
21,0,8.3760,0.0110
33,0,8.3910,0.0150
33,0,8.4240,0.0330
282,0,8.4380,0.0140
24,0,8.4510,0.0130
341,0,8.4530,0.0020
23,0,8.4690,0.0160
18,0,8.4860,0.0170
18,0,8.5000,0.0140
18,0,8.5370,0.0370
23,0,8.5470,0.0100
23,0,8.5790,0.0320
85,0,8.6600,0.0810
74,0,8.6780,0.0180
40,0,8.6880,0.0100
18,0,8.7050,0.0170
23,0,8.7190,0.0140
21,0,8.7820,0.0630
21,0,8.7980,0.0160
4,0,8.8760,0.0780
80,0,8.9530,0.0770
51,0,8.9690,0.0160
61,0,8.9860,0.0170
85,0,9.0000,0.0140
85,0,9.0310,0.0310
51,0,9.0780,0.0470
15,0,9.0990,0.0210
51,0,9.1400,0.0410
51,0,9.1730,0.0330
73,0,9.1890,0.0160
51,0,9.2030,0.0140
37,0,9.2500,0.0470
40,0,9.2670,0.0170
49,0,9.2810,0.0140
40,0,9.2970,0.0160
15,0,9.3140,0.0170
80,4,9.3290,0.0150
466,2,9.3440,0.0150
15,2,9.3600,0.0160
28,4,9.3750,0.0150
22,0,9.4860,0.1110
23,0,9.5090,0.0230
15,0,9.5150,0.0060
22,0,9.5160,0.0010
24,0,9.5850,0.0690
356,0,9.5970,0.0120
444,0,9.6280,0.0310
356,0,9.6420,0.0140
356,0,9.6720,0.0300
33,0,9.7240,0.0520
22,0,9.7500,0.0260
22,0,9.7670,0.0170
22,0,9.7840,0.0170
22,0,9.7970,0.0130
36,0,9.8280,0.0310
22,0,9.9120,0.0840
453,0,9.9220,0.0100
72,0,9.9420,0.0200
64,0,9.9570,0.0150
453,0,9.9720,0.0150
453,0,9.9870,0.0150
61,0,10.0630,0.0760
42,0,10.0780,0.0150
22,0,10.1250,0.0470
192,0,10.1730,0.0480
23,0,10.1880,0.0150
192,0,10.2030,0.0150
416,0,10.2500,0.0470
453,0,10.2970,0.0470
416,0,10.3120,0.0150
453,0,10.3900,0.0780
453,0,10.4240,0.0340
14,0,10.4430,0.0190
61,0,10.4530,0.0100
5125,0,10.4850,0.0320
4156,0,10.5000,0.0150
4180,0,10.5170,0.0170
80,0,10.5310,0.0140
4188,0,10.5650,0.0340
4328,0,10.6260,0.0610
4211,0,10.6580,0.0320
4,0,10.6730,0.0150
24,0,10.7030,0.0300
4,0,10.7220,0.0190
4,0,10.7360,0.0140
4819,0,10.7820,0.0460
4802,0,10.7990,0.0170
4200,0,10.8130,0.0140
4131,0,10.8440,0.0310
4258,0,10.9230,0.0790
4212,0,10.9400,0.0170
4158,0,10.9540,0.0140
4264,0,10.9700,0.0160
4212,0,10.9860,0.0160
4242,0,11.0170,0.0310
4251,0,11.0370,0.0200
4103,0,11.0470,0.0100
5,0,11.0710,0.0240
4192,0,11.0780,0.0070
18,0,11.1270,0.0490
51,0,11.1560,0.0290
35,0,11.1800,0.0240
35,0,11.1910,0.0110
4245,0,11.2130,0.0220
5,0,11.2200,0.0070
4258,0,11.2720,0.0520
4212,0,11.2830,0.0110
4258,0,11.3050,0.0220
4,0,11.3140,0.0090
4158,0,11.3440,0.0300
4264,0,11.3760,0.0320
5230,0,11.4070,0.0310
5412,0,11.4570,0.0500
4103,0,11.4740,0.0170
37,0,11.4890,0.0150
49,0,11.5000,0.0110
453,0,11.5680,0.0680
14,0,11.6090,0.0410
80,0,11.6370,0.0280
4162,0,11.6410,0.0040
4162,0,11.6710,0.0300
4211,0,11.7030,0.0320
4131,0,11.7370,0.0340
4103,0,11.7660,0.0290
4258,0,11.7970,0.0310
4,0,11.8130,0.0160
5230,0,11.8290,0.0160
5,0,11.8440,0.0150
4158,0,11.8600,0.0160
4187,0,11.8760,0.0160
5,0,11.8920,0.0160
5412,0,11.9070,0.0150
5,0,11.9230,0.0160
4106,0,11.9540,0.0310
5292,0,11.9690,0.0150
5,0,11.9840,0.0150
4123,0,12.0050,0.0210
4106,0,12.0650,0.0600
4180,0,12.0820,0.0170
4180,0,12.1030,0.0210
4222,0,12.1290,0.0260
4897,0,12.1500,0.0210
4131,0,12.1560,0.0060
4107,0,12.1780,0.0220
5292,0,12.1870,0.0090
4100,0,12.2120,0.0250
4100,0,12.2220,0.0100
194,0,12.2370,0.0150
4177,0,12.2810,0.0440
4187,0,12.3290,0.0480
14,5,12.3590,0.0300
4097,0,12.3930,0.0340
21,5,12.4210,0.0280
21,5,12.4220,0.0010
5,5,12.4380,0.0160
4120,0,12.4560,0.0180
4097,0,12.4710,0.0150
4,5,12.5020,0.0310
4,5,12.5170,0.0150
4112,5,12.5780,0.0610
5,0,12.5960,0.0180
61,5,12.6070,0.0110
4,5,12.6090,0.0020
24,5,12.6260,0.0170
24,5,12.6410,0.0150
30,5,12.6570,0.0160
5254,5,12.8760,0.2190
8,5,12.8900,0.0140
5254,5,12.9380,0.0480
5254,5,12.9880,0.0500
5254,5,13.0020,0.0140
8,5,13.0170,0.0150
5254,5,13.0330,0.0160
5254,5,13.0640,0.0310
5254,5,13.0800,0.0160
5254,5,13.1120,0.0320
5254,5,13.1270,0.0150
5254,5,13.1570,0.0300
5254,5,13.1900,0.0330
5254,5,13.2200,0.0300
5254,5,13.2350,0.0150
5254,5,13.2680,0.0330
5254,5,13.2840,0.0160
5254,5,13.3150,0.0310
5254,5,13.3280,0.0130
5254,5,13.3590,0.0310
5254,5,13.3780,0.0190
5254,5,13.4080,0.0300
5254,5,13.4370,0.0290
5254,5,13.4550,0.0180
5254,5,13.4720,0.0170
4108,0,13.4850,0.0130
5254,5,13.5010,0.0160
5254,5,13.5160,0.0150
5254,5,13.5490,0.0330
5254,5,13.5640,0.0150
5254,5,13.5960,0.0320
5254,5,13.6120,0.0160
5254,5,13.6440,0.0320
5254,5,13.6730,0.0290
5254,5,13.6890,0.0160
5254,5,13.7050,0.0160
5254,5,13.7370,0.0320
5254,5,13.7500,0.0130
5254,5,13.7690,0.0190
5254,5,13.7820,0.0130
5254,5,13.8000,0.0180
4097,0,13.8130,0.0130
5254,5,13.8290,0.0160
5254,5,13.8600,0.0310
5254,5,13.8770,0.0170
5254,5,13.8920,0.0150
5254,5,13.9240,0.0320
5254,5,13.9390,0.0150
5254,5,13.9740,0.0350
5254,5,14.0040,0.0300
5254,5,14.0640,0.0600
5254,5,14.0970,0.0330
5254,5,14.1290,0.0320
5254,5,14.1400,0.0110
4097,0,14.1610,0.0210
5254,5,14.1730,0.0120
5254,5,14.2040,0.0310
5254,5,14.2200,0.0160
4108,0,14.2350,0.0150
5254,5,14.2540,0.0190
39,5,14.2830,0.0290
51,5,14.2960,0.0130
5254,5,14.3140,0.0180
5254,5,14.3300,0.0160
5254,5,14.3610,0.0310
5254,5,14.3900,0.0290
5254,5,14.4090,0.0190
5254,5,14.4400,0.0310
5254,5,14.4700,0.0300
5254,5,14.4850,0.0150
5254,5,14.5170,0.0320
5254,5,14.5330,0.0160
5254,5,14.5630,0.0300
5254,5,14.5940,0.0310
5254,5,14.6100,0.0160
5254,5,14.6440,0.0340
5254,5,14.6590,0.0150
5254,5,14.6900,0.0310
5254,5,14.7220,0.0320
5254,5,14.7350,0.0130
5254,5,14.7680,0.0330
5254,5,14.7820,0.0140
5254,5,14.8120,0.0300
5254,5,14.8440,0.0320
5254,5,14.8620,0.0180
5254,5,14.8930,0.0310
5254,5,14.9080,0.0150
5254,5,14.9380,0.0300
5254,5,14.9540,0.0160
5254,5,14.9860,0.0320
5254,5,15.0000,0.0140
5254,5,15.0320,0.0320
5254,5,15.0640,0.0320
5254,5,15.0780,0.0140
5254,5,15.1120,0.0340
5254,5,15.1250,0.0130
5254,5,15.1580,0.0330
5254,5,15.1880,0.0300
5254,5,15.2040,0.0160
5254,5,15.2400,0.0360
5,0,15.2470,0.0070
5254,5,15.2680,0.0210
5254,5,15.2970,0.0290
5254,5,15.3140,0.0170
5254,5,15.3460,0.0320
5254,5,15.3760,0.0300
5254,5,15.3920,0.0160
5254,5,15.4220,0.0300
5254,5,15.4540,0.0320
5254,5,15.4700,0.0160
5254,5,15.5020,0.0320
5254,5,15.5320,0.0300
5254,5,15.5480,0.0160
5254,5,15.5820,0.0340
5254,5,15.6110,0.0290
5254,5,15.6260,0.0150
4097,0,15.6410,0.0150
5254,5,15.6590,0.0180
5254,5,15.6890,0.0300
5254,5,15.7220,0.0330
5254,5,15.7350,0.0130
5254,5,15.7670,0.0320
5254,5,15.7980,0.0310
5254,5,15.8140,0.0160
5254,5,15.8590,0.0450
5254,5,15.8910,0.0320
5254,5,15.9080,0.0170
4097,0,15.9260,0.0180
5254,5,15.9400,0.0140
5254,5,15.9700,0.0300
5254,5,15.9860,0.0160
5254,5,16.0020,0.0160
5254,5,16.0340,0.0320
5254,5,16.0510,0.0170
5254,5,16.0800,0.0290
30,5,16.0930,0.0130
30,5,16.1120,0.0190
30,5,16.1270,0.0150
24,5,16.1430,0.0160
37,0,16.1600,0.0170
4177,0,16.1730,0.0130
5,0,16.1890,0.0160
5,0,16.2100,0.0210
5,0,16.2220,0.0120
22,0,16.2340,0.0120
21,0,16.2520,0.0180
61,0,16.2840,0.0320
22,0,16.3300,0.0460
23,0,16.3610,0.0310
49,0,16.3720,0.0110
49,0,16.3750,0.0030
49,0,16.3910,0.0160
49,0,16.4070,0.0160
28,2,16.4070,0.0160
15,0,16.4230,0.0160
80,0,16.4380,0.0150
22,0,16.5160,0.0780
453,0,16.5330,0.0170
4151,0,16.6670,0.1340
80,0,16.6740,0.0070
54,0,16.6900,0.0160
25,0,16.7010,0.0110
54,0,16.7030,0.0020
416,0,16.7220,0.0190
85,0,16.7360,0.0140
340,0,16.7520,0.0160
416,0,16.7970,0.0450
453,0,16.8300,0.0330
453,0,16.8450,0.0150
453,0,16.8610,0.0160
72,0,16.9550,0.0940
180,0,16.9660,0.0110
72,0,16.9690,0.0030
416,0,16.9850,0.0160
453,0,17.0150,0.0300
416,0,17.0330,0.0180
22,0,17.0620,0.0290
80,0,17.2350,0.1730
15,0,17.2510,0.0160
80,0,17.3750,0.1240
13,0,17.3910,0.0160
91,0,17.4060,0.0150
15,0,17.4230,0.0170
15,0,17.4700,0.0470
15,0,17.5630,0.0930
80,0,17.5790,0.0160
15,0,17.5940,0.0150
80,0,17.6260,0.0320
96,0,17.6560,0.0300
61,0,17.7810,0.1250
61,0,17.7970,0.0160
80,0,17.8120,0.0150
18,0,17.8910,0.0790
18,0,17.9060,0.0150
18,0,17.9220,0.0160
297,0,17.9380,0.0160
18,0,17.9590,0.0210
453,0,18.0020,0.0430
25,0,18.0670,0.0650
28,0,18.0830,0.0160
51,0,18.1040,0.0210
323,0,18.1150,0.0110
15,0,18.1260,0.0110
51,0,18.1360,0.0100
15,0,18.1460,0.0100
33,0,18.1580,0.0120
18,0,18.1620,0.0040
15,0,18.1680,0.0060
33,0,18.1770,0.0090
18,0,18.1860,0.0090
76,0,18.1990,0.0130
25,0,18.2510,0.0520
140,0,18.3110,0.0600
25,0,18.3320,0.0210
323,0,18.3360,0.0040
76,0,18.3390,0.0030
85,0,18.3620,0.0230
61,0,18.3710,0.0090
85,0,18.3900,0.0190
15,0,18.4010,0.0110
35,0,18.4220,0.0210
51,0,18.4560,0.0340
15,0,18.4640,0.0080
17,0,18.5010,0.0370
42,0,18.5250,0.0240
15,0,18.5350,0.0100
25,0,18.5390,0.0040
23,0,18.5450,0.0060
340,0,18.6150,0.0700
85,0,18.6550,0.0400
15,0,18.7450,0.0900
24,0,18.7510,0.0060
58,0,18.7560,0.0050
28,0,18.7600,0.0040
82,0,18.7630,0.0030
15,0,18.7800,0.0170
4,0,18.7840,0.0040
