SysID,Thread ID,time,inetrval
14,0,0.2340,0.2340
80,0,0.5940,0.3600
80,0,0.6100,0.0160
80,0,0.6240,0.0140
18,0,0.6860,0.0620
18,0,0.8960,0.2100
37,0,1.1390,0.2430
55,0,1.1860,0.0470
61,0,1.2190,0.0330
51,0,1.2480,0.0290
40,0,1.2640,0.0160
49,0,1.3340,0.0700
80,0,1.3580,0.0240
347,0,1.3890,0.0310
80,0,1.5140,0.1250
80,0,1.6720,0.1580
76,0,1.7380,0.0660
416,0,1.7490,0.0110
453,0,1.7800,0.0310
453,0,1.8280,0.0480
453,0,1.8550,0.0270
18,0,1.9990,0.1440
23,0,2.0300,0.0310
453,0,2.0910,0.0610
24,0,2.0920,0.0010
24,0,2.2800,0.1880
80,0,2.3130,0.0330
80,0,2.3270,0.0140
453,0,2.3450,0.0180
18,0,2.3750,0.0300
51,0,2.5300,0.1550
348,0,2.5470,0.0170
15,0,2.5610,0.0140
51,0,2.5780,0.0170
51,0,2.5910,0.0130
51,0,2.5930,0.0020
24,0,2.6600,0.0670
85,0,2.6750,0.0150
17,0,2.6920,0.0170
54,0,2.7530,0.0610
340,0,2.7710,0.0180
356,0,2.8330,0.0620
453,0,2.9520,0.1190
38,0,2.9830,0.0310
15,0,3.0150,0.0320
85,0,3.0400,0.0250
33,0,3.0490,0.0090
23,0,3.0700,0.0210
15,0,3.0780,0.0080
15,0,3.0930,0.0150
293,0,3.1500,0.0570
24,0,3.4050,0.2550
15,0,3.4670,0.0620
37,0,3.5800,0.1130
354,0,3.5940,0.0140
196,0,3.6090,0.0150
417,0,3.6290,0.0200
80,0,3.6410,0.0120
40,0,3.6580,0.0170
49,0,3.6720,0.0140
49,0,3.6860,0.0140
369,0,3.7030,0.0170
15,0,3.7190,0.0160
67,2,3.7330,0.0140
55,0,3.7480,0.0150
49,0,3.7640,0.0160
80,0,3.7960,0.0320
80,0,3.8270,0.0310
55,0,3.8440,0.0170
49,0,3.8600,0.0160
466,0,3.8890,0.0290
18,2,3.9050,0.0160
24,2,3.9200,0.0150
112,2,3.9520,0.0320
369,0,3.9830,0.0310
55,0,3.9990,0.0160
1,3,4.0150,0.0160
24,0,4.0330,0.0180
466,3,4.0480,0.0150
466,0,4.0640,0.0160
112,2,4.0770,0.0130
40,0,4.1240,0.0470
369,0,4.1400,0.0160
369,0,4.1550,0.0150
55,0,4.1710,0.0160
55,0,4.1900,0.0190
55,0,4.2030,0.0130
49,0,4.2200,0.0170
49,0,4.2360,0.0160
80,2,4.2500,0.0140
49,0,4.2680,0.0180
369,0,4.2790,0.0110
67,4,4.2800,0.0010
80,2,4.2980,0.0180
18,0,4.3110,0.0130
469,2,4.3270,0.0160
24,0,4.3770,0.0500
24,0,4.3900,0.0130
4,0,4.4040,0.0140
4,0,4.4050,0.0010
356,4,4.4210,0.0160
356,4,4.4520,0.0310
18,4,4.4680,0.0160
23,4,4.4980,0.0300
369,3,4.5320,0.0340
469,2,4.5450,0.0130
80,3,4.5620,0.0170
466,3,4.5770,0.0150
28,3,4.5930,0.0160
61,4,4.6090,0.0160
51,4,4.6250,0.0160
51,0,4.6710,0.0460
76,0,4.6870,0.0160
76,0,4.7030,0.0160
51,0,4.7190,0.0160
76,0,4.7330,0.0140
76,0,4.7500,0.0170
76,0,4.7650,0.0150
76,0,4.7820,0.0170
416,0,4.7960,0.0140
24,0,4.8430,0.0470
73,0,4.9830,0.1400
18,0,5.1240,0.1410
23,0,5.1430,0.0190
23,0,5.1710,0.0280
24,0,5.2170,0.0460
24,0,5.2370,0.0200
35,0,5.2500,0.0130
416,0,5.3120,0.0620
416,0,5.3290,0.0170
453,0,5.3430,0.0140
25,0,5.3600,0.0170
72,0,5.3770,0.0170
51,0,5.4070,0.0300
453,0,5.4860,0.0790
24,0,5.5770,0.0910
453,0,5.6550,0.0780
453,0,5.6860,0.0310
453,0,5.7020,0.0160
35,0,5.7990,0.0970
35,0,5.8300,0.0310
35,0,5.8470,0.0170
35,0,5.8610,0.0140
24,0,5.8920,0.0310
73,0,5.9090,0.0170
35,0,5.9710,0.0620
24,0,6.0180,0.0470
24,0,6.0330,0.0150
416,0,6.0660,0.0330
35,0,6.1390,0.0730
35,0,6.1610,0.0220
35,0,6.1720,0.0110
416,0,6.5780,0.4060
54,0,6.5950,0.0170
80,0,6.6090,0.0140
140,0,6.6250,0.0160
25,0,6.6560,0.0310
453,0,6.6730,0.0170
18,0,6.6860,0.0130
18,0,6.7030,0.0170
18,0,6.7350,0.0320
18,0,6.7490,0.0140
15,0,6.7650,0.0160
37,0,6.7820,0.0170
80,0,6.8130,0.0310
247,0,6.9180,0.1050
247,0,6.9200,0.0020
33,0,6.9670,0.0470
18,0,6.9830,0.0160
19,0,6.9990,0.0160
19,0,7.0610,0.0620
18,0,7.0770,0.0160
18,0,7.0920,0.0150
15,0,7.1080,0.0160
18,0,7.1270,0.0190
24,0,7.2170,0.0900
35,0,7.4220,0.2050
4101,0,7.4390,0.0170
4224,0,7.4540,0.0150
297,0,7.4670,0.0130
0,0,7.5150,0.0480
25,0,7.5310,0.0160
289,0,7.5470,0.0160
22,0,7.5620,0.0150
23,0,7.5940,0.0320
28,0,7.6100,0.0160
5,0,7.6270,0.0170
18,0,7.6420,0.0150
5349,0,7.6560,0.0140
416,0,7.6710,0.0150
416,0,7.7340,0.0630
416,0,7.7500,0.0160
4151,0,7.7810,0.0310
453,0,7.7990,0.0180
51,0,7.9110,0.1120
33,0,7.9230,0.0120
18,0,7.9520,0.0290
73,0,7.9690,0.0170
140,0,7.9840,0.0150
15,0,8.0010,0.0170
105,0,8.0330,0.0320
4151,0,8.0480,0.0150
4162,0,8.0630,0.0150
35,0,8.0790,0.0160
14,0,8.1100,0.0310
417,0,8.1260,0.0160
14,0,8.1410,0.0150
35,0,8.1570,0.0160
35,0,8.1730,0.0160
72,0,8.2670,0.0940
14,0,8.2820,0.0150
51,0,8.3430,0.0610
33,0,8.3930,0.0500
33,0,8.4060,0.0130
72,0,8.4230,0.0170
341,0,8.4390,0.0160
23,0,8.4560,0.0170
18,0,8.4690,0.0130
18,0,8.5000,0.0310
23,0,8.5330,0.0330
85,0,8.5790,0.0460
74,0,8.5940,0.0150
40,0,8.6110,0.0170
18,0,8.6250,0.0140
4,0,8.6870,0.0620
4,0,8.7520,0.0650
80,0,8.7960,0.0440
51,0,8.8130,0.0170
61,0,8.8290,0.0160
85,0,8.8430,0.0140
85,0,8.8600,0.0170
61,0,8.8720,0.0120
51,0,8.8930,0.0210
73,0,8.9080,0.0150
51,0,8.9400,0.0320
51,0,8.9690,0.0290
73,0,8.9850,0.0160
37,0,9.0150,0.0300
61,0,9.0340,0.0190
40,0,9.0460,0.0120
369,0,9.0630,0.0170
55,0,9.0770,0.0140
369,0,9.0930,0.0160
80,4,9.1080,0.0150
40,2,9.1240,0.0160
49,4,9.1240,0.0160
466,4,9.1400,0.0160
369,3,9.1550,0.0150369,3,9.1550,0.0150
22,0,9.2660,0.1110
22,0,9.2810,0.0150
356,0,9.3430,0.0620
444,0,9.3740,0.0310
356,0,9.3910,0.0170
356,0,9.4380,0.0470
33,0,9.4520,0.0140
22,0,9.4830,0.0310
410,0,9.5050,0.0220
22,0,9.5170,0.0120
22,0,9.5330,0.0160
72,0,9.5460,0.0130
36,0,9.5620,0.0160
22,0,9.5800,0.0180
22,0,9.6250,0.0450
453,0,9.6410,0.0160
72,0,9.6580,0.0170
64,0,9.6720,0.0140
453,0,9.6880,0.0160
453,0,9.7030,0.0150
61,0,9.7500,0.0470
74,0,9.7680,0.0180
22,0,9.8120,0.0440
416,0,9.8290,0.0170
192,0,9.8610,0.0320
192,0,9.8750,0.0140
416,0,9.8910,0.0160
416,0,9.9220,0.0310
453,0,9.9550,0.0330
416,0,9.9710,0.0160
453,0,10.0460,0.0750
453,0,10.0790,0.0330
14,0,10.0960,0.0170
51,0,10.1120,0.0160
5125,0,10.1420,0.0300
4156,0,10.1580,0.0160
80,0,10.1870,0.0290
4188,0,10.2030,0.0160
4328,0,10.2520,0.0490
24,0,10.2810,0.0290
4,0,10.2980,0.0170
4,0,10.3140,0.0160
4,0,10.3240,0.0100
24,0,10.3420,0.0180
4,0,10.3580,0.0160
4,0,10.3740,0.0160
4819,0,10.4050,0.0310
4802,0,10.4200,0.0150
4200,0,10.4360,0.0160
4131,0,10.4850,0.0490
4258,0,10.5320,0.0470
4212,0,10.5480,0.0160
4158,0,10.5620,0.0140
4264,0,10.5960,0.0340
4242,0,10.6260,0.0300
4251,0,10.6420,0.0160
4103,0,10.6570,0.0150
5,0,10.6730,0.0160
4192,0,10.6890,0.0160
18,0,10.7340,0.0450
51,0,10.7500,0.0160
35,0,10.7680,0.0180
35,0,10.7830,0.0150
35,0,10.7970,0.0140
4245,0,10.8120,0.0150
4258,0,10.8610,0.0490
4212,0,10.8760,0.0150
4258,0,10.8910,0.0150
4,0,10.9070,0.0160
4158,0,10.9220,0.0150
4264,0,10.9540,0.0320
5230,0,10.9690,0.0150
5412,0,11.0170,0.0480
5,0,11.0320,0.0150
61,0,11.0490,0.0170
4,0,11.0610,0.0120
80,4,11.0620,0.0010
453,0,11.1100,0.0480
14,0,11.1570,0.0470
80,0,11.1740,0.0170
4172,0,11.1910,0.0170
4166,0,11.2060,0.0150
5230,0,11.2200,0.0140
4211,0,11.2350,0.0150
5292,0,11.2530,0.0180
4131,0,11.2680,0.0150
4103,0,11.2950,0.0270
4258,0,11.3300,0.0350
4158,0,11.3460,0.0160
5,0,11.3640,0.0180
5,0,11.3730,0.0090
4162,0,11.3950,0.0220
4187,0,11.4050,0.0100
4158,0,11.4230,0.0180
5412,0,11.4360,0.0130
4106,0,11.4670,0.0310
4787,0,11.4830,0.0160
5,0,11.4990,0.0160
4100,0,11.5170,0.0180
4123,0,11.5350,0.0180
4106,0,11.5800,0.0450
80,0,11.5950,0.0150
4180,0,11.6110,0.0160
4222,0,11.6410,0.0300
4897,0,11.6590,0.0180
80,0,11.6720,0.0130
5292,0,11.6920,0.0200
4100,0,11.7050,0.0130
4111,0,11.7220,0.0170
194,0,11.7350,0.0130
4177,0,11.7490,0.0140
4187,0,11.7970,0.0480
5,0,11.8110,0.0140
4097,0,11.8280,0.0170
4097,0,11.8740,0.0460
4,0,11.8890,0.0150
4163,0,11.9050,0.0160
4129,0,11.9200,0.0150
4,5,11.9400,0.0200
4,5,11.9690,0.0290
4112,5,12.0190,0.0500
4103,5,12.0340,0.0150
61,5,12.0470,0.0130
24,5,12.0660,0.0190
24,5,12.0800,0.0140
5254,5,12.2690,0.1890
4103,5,12.2860,0.0170
4162,0,12.2950,0.0090
5254,5,12.3290,0.0340
4123,0,12.3460,0.0170
5254,5,12.3770,0.0310
5254,5,12.3910,0.0140
5254,5,12.4230,0.0320
5254,5,12.4540,0.0310
5254,5,12.4720,0.0180
5254,5,12.5010,0.0290
5254,5,12.5180,0.0170
5254,5,12.5490,0.0310
5254,5,12.5640,0.0150
5254,5,12.5970,0.0330
5254,5,12.6590,0.0620
5254,5,12.6730,0.0140
5254,5,12.7060,0.0330
5254,5,12.7180,0.0120
5254,5,12.7490,0.0310
5254,5,12.7820,0.0330
5254,5,12.7990,0.0170
5254,5,12.8140,0.0150
5254,5,12.8460,0.0320
5254,5,12.8770,0.0310
39,5,12.9090,0.0320
51,5,12.9220,0.0130
5254,5,12.9560,0.0340
5254,5,12.9690,0.0130
5254,5,13.0010,0.0320
5254,5,13.0170,0.0160
5254,5,13.0330,0.0160
4123,0,13.0490,0.0160
5254,5,13.0640,0.0150
5254,5,13.0960,0.0320
5254,5,13.1100,0.0140
5254,5,13.1280,0.0180
5254,5,13.1420,0.0140
5254,5,13.1740,0.0320
5254,5,13.2040,0.0300
5254,5,13.2210,0.0170
5254,5,13.2330,0.0120
5254,5,13.2670,0.0340
5254,5,13.2830,0.0160
5254,5,13.2960,0.0130
5254,5,13.3170,0.0210
5254,5,13.3290,0.0120
5254,5,13.3610,0.0320
4123,0,13.3760,0.0150
5254,5,13.3950,0.0190
8,5,13.4060,0.0110
30,5,13.4240,0.0180
24,5,13.4360,0.0120
4103,5,13.4550,0.0190
60,0,13.4650,0.0100
37,0,13.4670,0.0020
4132,0,13.4890,0.0220
4250,0,13.4970,0.0080
4123,0,13.4990,0.0020
4300,0,13.5180,0.0190
22,0,13.5340,0.0160
61,0,13.5950,0.0610
22,0,13.6260,0.0310
23,0,13.6430,0.0170
51,0,13.6570,0.0140
369,0,13.6710,0.0140
80,0,13.6860,0.0150
80,0,13.7020,0.0160
80,2,13.7180,0.0160
22,0,13.7980,0.0800
453,0,13.8150,0.0170
4151,0,13.9400,0.1250
80,0,13.9540,0.0140
25,0,13.9710,0.0170
416,0,13.9850,0.0140
85,0,14.0030,0.0180
340,0,14.0170,0.0140
416,0,14.0480,0.0310
453,0,14.0970,0.0490
453,0,14.1120,0.0150
72,0,14.2050,0.0930
54,0,14.2190,0.0140
453,0,14.2490,0.0300
416,0,14.2800,0.0310
22,0,14.2970,0.0170
14,0,14.3120,0.0150
80,0,14.4520,0.1400
15,0,14.4720,0.0200
80,0,14.5620,0.0900
13,0,14.5810,0.0190
91,0,14.5940,0.0130
15,0,14.6080,0.0140
15,0,14.6280,0.0200
15,0,14.6440,0.0160
15,0,14.7030,0.0590
80,0,14.7180,0.0150
4275,0,14.7380,0.0200
15,0,14.7510,0.0130
80,0,14.7680,0.0170
96,0,14.7810,0.0130
15,0,14.7990,0.0180
61,0,14.8920,0.0930
61,0,14.9070,0.0150
80,0,14.9220,0.0150
18,0,15.0040,0.0820
201,0,15.0180,0.0140
18,0,15.0300,0.0120
18,0,15.0520,0.0220
453,0,15.0640,0.0120
33,0,15.1270,0.0630
15,0,15.1450,0.0180
18,0,15.1590,0.0140
25,0,15.2060,0.0470
140,0,15.2500,0.0440
33,0,15.2650,0.0150
85,0,15.2840,0.0190
61,0,15.2990,0.0150
15,0,15.3150,0.0160
35,0,15.3310,0.0160
51,0,15.3460,0.0150
17,0,15.3770,0.0310
42,0,15.3940,0.0170
76,0,15.4080,0.0140
340,0,15.4560,0.0480
85,0,15.4850,0.0290
15,0,15.5650,0.0800
58,0,15.5810,0.0160
15,0,15.5920,0.0110
4,0,15.6140,0.0220
25,0,16.1860,0.5720
61,0,16.2020,0.0160
25,0,16.8120,0.6100
289,0,16.8270,0.0150
51,0,16.8430,0.0160
51,0,16.8600,0.0170
51,0,16.8740,0.0140
323,0,16.8890,0.0150
4,0,16.9050,0.0160
4,0,16.9210,0.0160
4,0,16.9360,0.0150
15,0,16.9520,0.0160
215,0,16.9680,0.0160
44,0,17.0150,0.0470
15,0,17.0780,0.0630
15,0,17.1090,0.0310
15,0,17.1400,0.0310
15,0,17.2020,0.0620
13,0,17.2800,0.0780
15,0,17.2950,0.0150
15,0,17.3110,0.0160
15,0,17.3280,0.0170
15,0,17.3420,0.0140
15,0,17.3620,0.0200
13,0,17.4680,0.1060
4275,0,17.4740,0.0060
4275,0,17.4830,0.0090
42,0,17.4920,0.0090
15,0,17.4980,0.0060
13,0,17.5300,0.0320
15,0,17.5790,0.0490
15,0,17.5890,0.0100
30,0,17.6190,0.0300
24,0,17.6250,0.0060
13,0,17.6310,0.0060
15,0,17.7200,0.0890
15,0,17.7500,0.0300
15,0,17.7710,0.0210
15,0,17.8110,0.0400
15,0,17.8470,0.0360
15,0,17.8530,0.0060
15,0,17.8580,0.0050
