SysID,Thread ID,time,inetrval
14,0,0.2520,0.2520
80,0,0.5630,0.3110
80,0,0.5830,0.0200
80,0,0.5920,0.0090
80,0,0.5940,0.0020
23,0,0.6100,0.0160
18,0,0.6560,0.0460
18,0,0.7510,0.0950
37,0,0.9370,0.1860
55,0,0.9690,0.0320
61,0,1.0000,0.0310
51,0,1.0160,0.0160
40,0,1.0310,0.0150
49,0,1.0940,0.0630
80,0,1.1150,0.0210
80,0,1.1270,0.0120
347,0,1.1560,0.0290
80,0,1.2680,0.1120
80,0,1.4560,0.1880
15,0,1.4790,0.0230
76,0,1.5170,0.0380
416,0,1.5320,0.0150
453,0,1.5670,0.0350
453,0,1.6100,0.0430
453,0,1.6260,0.0160
18,0,1.7500,0.1240
15,0,1.7720,0.0220
453,0,1.7810,0.0090
453,0,1.8130,0.0320
24,0,1.8310,0.0180
24,0,1.9070,0.0760
80,0,1.9370,0.0300
453,0,1.9530,0.0160
453,0,1.9690,0.0160
18,0,2.0000,0.0310
51,0,2.1560,0.1560
15,0,2.1740,0.0180
51,0,2.2070,0.0330
51,0,2.2190,0.0120
24,0,2.3000,0.0810
85,0,2.3130,0.0130
17,0,2.3290,0.0160
54,0,2.4100,0.0810
356,0,2.4690,0.0590
453,0,2.5940,0.1250
38,0,2.6250,0.0310
33,0,2.6410,0.0160
15,0,2.6560,0.0150
85,0,2.6720,0.0160
33,0,2.7040,0.0320
76,0,2.7230,0.0190
15,0,2.7340,0.0110
85,0,2.7350,0.0010
293,0,2.7840,0.0490
24,0,2.9850,0.2010
15,0,3.0500,0.0650
37,0,3.1580,0.1080
354,0,3.1880,0.0300
173,0,3.2040,0.0160
196,0,3.2190,0.0150
417,0,3.2420,0.0230
80,0,3.2500,0.0080
55,0,3.2670,0.0170
49,0,3.2860,0.0190
49,0,3.2980,0.0120
15,0,3.3150,0.0170
55,0,3.3290,0.0140
55,0,3.3470,0.0180
49,0,3.3600,0.0130
24,0,3.3780,0.0180
18,0,3.3930,0.0150
24,0,3.4100,0.0170
55,0,3.4390,0.0290
49,0,3.4530,0.0140
24,0,3.4860,0.0330
55,0,3.5170,0.0310
49,0,3.5310,0.0140
369,0,3.5810,0.0500
67,2,3.5940,0.0130
1,2,3.6100,0.0160
24,2,3.6250,0.0150
369,2,3.6570,0.0320
67,3,3.6740,0.0170
67,4,3.6880,0.0140
15,0,3.7030,0.0150
80,3,3.7190,0.0160
80,0,3.7390,0.0200
369,0,3.7530,0.0140
49,0,3.7640,0.0110
80,0,3.7650,0.0010
80,0,3.8040,0.0390
28,3,3.8090,0.0050
14,3,3.8120,0.0030
80,3,3.8280,0.0160
80,0,3.8440,0.0160
466,3,3.9070,0.0630
112,2,3.9230,0.0160
24,3,3.9380,0.0150
466,2,3.9540,0.0160
80,3,3.9680,0.0140
469,3,3.9690,0.0010
51,0,4.0170,0.0480
51,0,4.0500,0.0330
76,0,4.0630,0.0130
76,0,4.0830,0.0200
76,0,4.0980,0.0150
416,0,4.1120,0.0140
35,0,4.2210,0.1090
35,0,4.2520,0.0310
35,0,4.2690,0.0170
35,0,4.3020,0.0330
35,0,4.3140,0.0120
24,0,4.3470,0.0330
73,0,4.3910,0.0440
73,0,4.4070,0.0160
35,0,4.5000,0.0930
18,0,4.5320,0.0320
23,0,4.5480,0.0160
24,0,4.6410,0.0930
416,0,4.6880,0.0470
35,0,4.7670,0.0790
35,0,4.7820,0.0150
35,0,4.7980,0.0160
24,0,5.0320,0.2340
24,0,5.1100,0.0780
416,0,5.2040,0.0940
416,0,5.2720,0.0680
35,0,5.2840,0.0120
54,0,5.3010,0.0170
140,0,5.3160,0.0150
25,0,5.3470,0.0310
453,0,5.3590,0.0120
18,0,5.3750,0.0160
18,0,5.4100,0.0350
18,0,5.4260,0.0160
4834,0,5.4420,0.0160
24,0,5.4570,0.0150
80,0,5.4730,0.0160
247,0,5.5800,0.1070
33,0,5.6410,0.0610
18,0,5.6570,0.0160
19,0,5.7390,0.0820
18,0,5.7570,0.0180
23,0,5.7670,0.0100
15,0,5.7880,0.0210
18,0,5.7980,0.0100
35,0,6.0830,0.2850
35,0,6.1010,0.0180
4101,0,6.1110,0.0100
297,0,6.1340,0.0230
0,0,6.1810,0.0470
15,0,6.1910,0.0100
289,0,6.2080,0.0170
22,0,6.2220,0.0140
23,0,6.2560,0.0340
28,0,6.3010,0.0450
5349,0,6.3310,0.0300
35,0,6.3600,0.0290
192,0,6.4750,0.1150
35,0,6.5010,0.0260
453,0,6.5180,0.0170
453,0,6.5500,0.0320
453,0,6.5650,0.0150
35,0,6.5810,0.0160
453,0,6.5950,0.0140
416,0,6.6110,0.0160
35,0,6.6430,0.0320
35,0,6.6600,0.0170
22,0,6.7210,0.0610
22,0,6.7360,0.0150
35,0,6.8000,0.0640
35,0,6.8150,0.0150
444,0,6.8480,0.0330
35,0,6.8610,0.0130
35,0,6.8910,0.0300
356,0,6.9060,0.0150
33,0,6.9400,0.0340
22,0,6.9550,0.0150
22,0,6.9720,0.0170
18,0,6.9850,0.0130
22,0,7.0030,0.0180
282,0,7.0170,0.0140
36,0,7.0350,0.0180
35,0,7.0780,0.0430
22,0,7.0970,0.0190
453,0,7.1110,0.0140
72,0,7.1300,0.0190
64,0,7.1420,0.0120
453,0,7.1590,0.0170
416,0,7.1720,0.0130
35,0,7.1890,0.0170
35,0,7.2060,0.0170
22,0,7.2390,0.0330
453,0,7.2550,0.0160
61,0,7.3020,0.0470
4151,0,7.3950,0.0930
80,0,7.4090,0.0140
25,0,7.4260,0.0170
14,0,7.4580,0.0320
417,0,7.4690,0.0110
24,0,7.5040,0.0350
24,0,7.5200,0.0160
73,0,7.6250,0.1050
24,0,7.7810,0.1560
24,0,7.7970,0.0160
35,0,7.8130,0.0160
24,0,8.0790,0.2660
24,0,8.1120,0.0330
24,0,8.1430,0.0310
24,0,8.3330,0.1900
30,0,13.6120,5.2790
30,0,13.6270,0.0150
85,0,13.7220,0.0950
8,0,13.7380,0.0160
15,0,13.7500,0.0120
51,0,13.7820,0.0320
293,0,13.8000,0.0180
15,0,13.8180,0.0180
85,0,13.8930,0.0750
267,0,13.9080,0.0150
8,0,13.9590,0.0510
39,0,13.9700,0.0110
37,0,14.0940,0.1240
49,0,14.1110,0.0170
369,0,14.1250,0.0140
25,0,14.1450,0.0200
72,0,14.1580,0.0130
51,0,14.1740,0.0160
416,0,14.1890,0.0150
453,0,14.2670,0.0780
24,0,14.3450,0.0780
453,0,14.4390,0.0940
24,0,14.4860,0.0470
18,0,14.5160,0.0300
18,0,14.5330,0.0170
18,0,14.5650,0.0320
297,0,14.5810,0.0160
18,0,14.5970,0.0160
453,0,14.6140,0.0170
33,0,14.6900,0.0760
33,0,14.7070,0.0170
76,0,14.7260,0.0190
25,0,14.7680,0.0420
140,0,14.8450,0.0770
340,0,14.9080,0.0630
24,0,14.9390,0.0310
15,0,15.0290,0.0900
24,0,15.0330,0.0040
15,0,15.0480,0.0150
15,0,15.0820,0.0340
44,0,15.0940,0.0120
15,0,15.1880,0.0940
15,0,15.2060,0.0180
15,0,15.2340,0.0280
80,0,15.2510,0.0170
15,0,15.2670,0.0160
15,0,15.3290,0.0620
15,0,15.3470,0.0180
15,0,15.3750,0.0280
13,0,15.4700,0.0950
15,0,15.4870,0.0170
15,0,15.5010,0.0140
15,0,15.5200,0.0190
15,0,15.5470,0.0270
15,0,15.6270,0.0800
18,0,15.6410,0.0140
13,0,15.6610,0.0200
15,0,15.7670,0.1060
15,0,15.7830,0.0160
15,0,15.7990,0.0160
