SysID,Thread ID,time,inetrval
14,0,0.2220,0.2220
80,0,0.5620,0.3400
80,0,0.5910,0.0290
80,0,0.6090,0.0180
33,0,0.6280,0.0190
18,0,0.6720,0.0440
18,0,0.7820,0.1100
37,0,0.9710,0.1890
55,0,1.0010,0.0300
61,0,1.0490,0.0480
51,0,1.0650,0.0160
49,0,1.1470,0.0820
80,0,1.1600,0.0130
80,0,1.1800,0.0200
347,0,1.2060,0.0260
80,0,1.3130,0.1070
80,0,1.4860,0.1730
15,0,1.5010,0.0150
76,0,1.5340,0.0330
416,0,1.5780,0.0440
453,0,1.5940,0.0160
453,0,1.6410,0.0470
453,0,1.6610,0.0200
18,0,1.7850,0.1240
23,0,1.7970,0.0120
453,0,1.8130,0.0160
453,0,1.8440,0.0310
24,0,1.8600,0.0160
24,0,1.9540,0.0940
80,0,1.9840,0.0300
80,0,2.0010,0.0170
453,0,2.0310,0.0300
51,0,2.2350,0.2040
15,0,2.2500,0.0150
51,0,2.2810,0.0310
24,0,2.3760,0.0950
85,0,2.3910,0.0150
17,0,2.4080,0.0170
54,0,2.4700,0.0620
340,0,2.4860,0.0160
356,0,2.5650,0.0790
453,0,2.6710,0.1060
15,0,2.6920,0.0210
38,0,2.7210,0.0290
297,0,2.7340,0.0130
15,0,2.7530,0.0190
85,0,2.7810,0.0280
33,0,2.7990,0.0180
15,0,2.8130,0.0140
15,0,2.8300,0.0170
15,0,2.8460,0.0160
293,0,2.8910,0.0450
24,0,3.1150,0.2240
15,0,3.1870,0.0720
37,0,3.3350,0.1480
354,0,3.3480,0.0130
205,0,3.3630,0.0150
196,0,3.3800,0.0170
417,0,3.3940,0.0140
55,0,3.4150,0.0210
40,0,3.4220,0.0070
49,0,3.4400,0.0180
49,0,3.4530,0.0130
369,0,3.4840,0.0310
67,2,3.5020,0.0180
15,0,3.5130,0.0110
1,2,3.5160,0.0030
469,2,3.5470,0.0310
55,0,3.6110,0.0640
40,0,3.6250,0.0140
80,0,3.6410,0.0160
80,0,3.6560,0.0150
24,2,3.6720,0.0160
80,0,3.7040,0.0320
466,0,3.7190,0.0150
24,2,3.7360,0.0170
112,2,3.7700,0.0340
28,2,3.7810,0.0110
469,2,3.8280,0.0470
49,0,3.8440,0.0160
24,2,3.8750,0.0310
24,0,3.9070,0.0320
40,0,3.9370,0.0300
80,2,3.9530,0.0160
469,3,3.9690,0.0160
369,0,3.9840,0.0150
49,0,4.0010,0.0170
14,3,4.0160,0.0150
49,0,4.0310,0.0150
49,0,4.0490,0.0180
55,0,4.0680,0.0190
49,0,4.0800,0.0120
80,3,4.0960,0.0160
49,0,4.1090,0.0130
369,0,4.1290,0.0200
80,2,4.1410,0.0120
14,2,4.1570,0.0160
18,0,4.1740,0.0170
51,0,4.1910,0.0170
24,0,4.2190,0.0280
369,0,4.2530,0.0340
4,0,4.2650,0.0120
51,2,4.2820,0.0170
356,4,4.2970,0.0150
40,2,4.3130,0.0160
80,2,4.3430,0.0300
24,4,4.3750,0.0320
369,2,4.4540,0.0790
51,4,4.4690,0.0150
74,4,4.4850,0.0160
80,3,4.5010,0.0160
51,0,4.5630,0.0620
51,0,4.5790,0.0160
76,0,4.6210,0.0420
51,0,4.6650,0.0440
15,0,4.6700,0.0050
76,0,4.6730,0.0030
76,0,4.6900,0.0170
76,0,4.7150,0.0250
76,0,4.7190,0.0040
416,0,4.7350,0.0160
24,0,4.7960,0.0610
73,0,4.9380,0.1420
73,0,4.9600,0.0220
24,0,4.9690,0.0090
18,0,5.0950,0.1260
23,0,5.1140,0.0190
23,0,5.1280,0.0140
24,0,5.1890,0.0610
24,0,5.2120,0.0230
35,0,5.2200,0.0080
416,0,5.2890,0.0690
416,0,5.3180,0.0290
453,0,5.3320,0.0140
453,0,5.3510,0.0190
453,0,5.3540,0.0030
192,0,5.3610,0.0070
51,0,5.4090,0.0480
35,0,5.4240,0.0150
453,0,5.5210,0.0970
24,0,5.6420,0.1210
453,0,5.7190,0.0770
416,0,5.7350,0.0160
453,0,5.7820,0.0470
453,0,5.7960,0.0140
35,0,5.9070,0.1110
35,0,5.9380,0.0310
35,0,5.9690,0.0310
35,0,5.9850,0.0160
24,0,6.0310,0.0460
73,0,6.0620,0.0310
35,0,6.1310,0.0690
24,0,6.2050,0.0740
416,0,6.2360,0.0310
35,0,6.3290,0.0930
35,0,6.3540,0.0250
35,0,6.3590,0.0050
24,0,6.7660,0.4070
416,0,6.8290,0.0630
54,0,6.8440,0.0150
140,0,6.8750,0.0310
25,0,6.9060,0.0310
453,0,6.9220,0.0160
18,0,6.9370,0.0150
18,0,6.9690,0.0320
18,0,6.9840,0.0150
15,0,7.0000,0.0160
37,0,7.0160,0.0160
80,0,7.0470,0.0310
247,0,7.1560,0.1090
33,0,7.2190,0.0630
18,0,7.2350,0.0160
19,0,7.3120,0.0770
18,0,7.3280,0.0160
18,0,7.3440,0.0160
15,0,7.3590,0.0150
15,0,7.3750,0.0160
35,0,7.6900,0.3150
37,0,7.7040,0.0140
5169,0,7.7200,0.0160
0,0,7.7650,0.0450
15,0,7.7860,0.0210
289,0,7.8140,0.0280
22,0,7.8320,0.0180
23,0,7.8650,0.0330
28,0,7.8790,0.0140
18,0,7.8970,0.0180
5349,0,7.9120,0.0150
416,0,7.9280,0.0160
416,0,7.9900,0.0620
35,0,8.0010,0.0110
4151,0,8.0330,0.0320
4151,0,8.0560,0.0230
453,0,8.0630,0.0070
51,0,8.1570,0.0940
33,0,8.1870,0.0300
18,0,8.2050,0.0180
73,0,8.2210,0.0160
140,0,8.2510,0.0300
15,0,8.2670,0.0160
105,0,8.2970,0.0300
4151,0,8.3150,0.0180
4162,0,8.3310,0.0160
35,0,8.3460,0.0150
25,0,8.3590,0.0130
14,0,8.3900,0.0310
417,0,8.4060,0.0160
35,0,8.4370,0.0310
72,0,8.5620,0.1250
51,0,8.6250,0.0630
340,0,8.6570,0.0320
33,0,8.6880,0.0310
33,0,8.7040,0.0160
72,0,8.7190,0.0150
341,0,8.7350,0.0160
23,0,8.7510,0.0160
23,0,8.7660,0.0150
18,0,8.7980,0.0320
18,0,8.8130,0.0150
23,0,8.8440,0.0310
85,0,8.8920,0.0480
74,0,8.9070,0.0150
18,0,8.9220,0.0150
23,0,8.9380,0.0160
4,0,9.0010,0.0630
4,0,9.0460,0.0450
80,0,9.1140,0.0680
51,0,9.1400,0.0260
85,0,9.1580,0.0180
85,0,9.1900,0.0320
51,0,9.2200,0.0300
15,0,9.2380,0.0180
51,0,9.2670,0.0290
51,0,9.3000,0.0330
73,0,9.3140,0.0140
15,0,9.3300,0.0160
37,0,9.3610,0.0310
61,0,9.3750,0.0140
24,0,9.3880,0.0130
49,0,9.3910,0.0030
466,2,9.4090,0.0180
49,0,9.4220,0.0130
80,2,9.4360,0.0140
49,4,9.4370,0.0010
51,2,9.4530,0.0160
466,3,9.4690,0.0160
80,2,9.4860,0.0170
22,0,9.5960,0.1100
15,0,9.6110,0.0150
24,0,9.6740,0.0630
356,0,9.6890,0.0150
444,0,9.7200,0.0310
356,0,9.7340,0.0140
356,0,9.7810,0.0470
33,0,9.8130,0.0320
22,0,9.8440,0.0310
18,0,9.8610,0.0170
22,0,9.8770,0.0160
282,0,9.8920,0.0150
33,0,9.9100,0.0180
22,0,9.9220,0.0120
22,0,9.9730,0.0510
453,0,9.9860,0.0130
72,0,10.0020,0.0160
64,0,10.0160,0.0140
453,0,10.0330,0.0170
453,0,10.0490,0.0160
61,0,10.1090,0.0600
42,0,10.1250,0.0160
22,0,10.1730,0.0480
192,0,10.2030,0.0300
23,0,10.2270,0.0240
192,0,10.2340,0.0070
416,0,10.2660,0.0320
453,0,10.3130,0.0470
416,0,10.3450,0.0320
453,0,10.4070,0.0620
453,0,10.4550,0.0480
61,0,10.4690,0.0140
51,0,10.4850,0.0160
4,0,10.5010,0.0160
4,0,10.5450,0.0440
4,0,10.5470,0.0020
61,0,10.6100,0.0630
24,0,10.6430,0.0330
24,0,10.6570,0.0140
5254,0,10.8610,0.2040
8,0,10.8750,0.0140
5254,0,10.8960,0.0210
5254,0,10.9240,0.0280
5254,0,10.9560,0.0320
5254,0,10.9870,0.0310
5254,0,11.0190,0.0320
5254,0,11.0320,0.0130
5254,0,11.0640,0.0320
5254,0,11.0860,0.0220
5254,0,11.0950,0.0090
5254,0,11.1260,0.0310
5254,0,11.1430,0.0170
5254,0,11.1720,0.0290
5254,0,11.1900,0.0180
5254,0,11.2200,0.0300
5254,0,11.2340,0.0140
5254,0,11.2540,0.0200
5254,0,11.2820,0.0280
5254,0,11.2980,0.0160
5254,0,11.3290,0.0310
5254,0,11.3460,0.0170
5254,0,11.3600,0.0140
5254,0,11.3910,0.0310
5254,0,11.4220,0.0310
5254,0,11.4690,0.0470
5254,0,11.5000,0.0310
5254,0,11.5330,0.0330
39,0,11.5670,0.0340
15,0,11.5780,0.0110
5254,0,11.5970,0.0190
30,0,11.6250,0.0280
22,0,11.6440,0.0190
289,0,11.6540,0.0100
23,0,11.6560,0.0020
24,0,11.7370,0.0810
22,0,11.7830,0.0460
23,0,11.7980,0.0150
51,0,11.8140,0.0160
369,0,11.8280,0.0140
55,0,11.8430,0.0150
369,0,11.8610,0.0180
369,0,11.8760,0.0150
22,0,11.9620,0.0860
453,0,11.9680,0.0060
4151,0,12.1150,0.1470
80,0,12.1290,0.0140
54,0,12.1450,0.0160
416,0,12.1740,0.0290
85,0,12.1900,0.0160
340,0,12.2100,0.0200
416,0,12.2360,0.0260
453,0,12.2990,0.0630
72,0,12.4090,0.1100
72,0,12.4230,0.0140
416,0,12.4410,0.0180
453,0,12.4710,0.0300
416,0,12.4890,0.0180
22,0,12.5170,0.0280
80,0,12.6750,0.1580
15,0,12.6910,0.0160
80,0,12.7920,0.1010
42,0,12.7990,0.0070
91,0,12.8140,0.0150
15,0,12.8330,0.0190
15,0,12.8410,0.0080
15,0,12.8460,0.0050
15,0,12.8700,0.0240
15,0,12.9380,0.0680
80,0,12.9530,0.0150
4275,0,12.9770,0.0240
15,0,12.9840,0.0070
80,0,13.0090,0.0250
14,0,13.0150,0.0060
96,0,13.0470,0.0320
61,0,13.1450,0.0980
61,0,13.1630,0.0180
80,0,13.1760,0.0130
18,0,13.2540,0.0780
18,0,13.2670,0.0130
18,0,13.2830,0.0160
18,0,13.3010,0.0180
18,0,13.3120,0.0110
25,0,13.3750,0.0630
51,0,13.4060,0.0310
15,0,13.4220,0.0160
25,0,13.4410,0.0190
15,0,13.4560,0.0150
18,0,13.4700,0.0140
25,0,13.5190,0.0490
140,0,13.5650,0.0460
25,0,13.5800,0.0150
85,0,13.5940,0.0140
61,0,13.6140,0.0200
85,0,13.6320,0.0180
15,0,13.6410,0.0090
51,0,13.6910,0.0500
15,0,13.7000,0.0090
51,0,13.7030,0.0030
17,0,13.7340,0.0310
25,0,13.7610,0.0270
51,0,13.7670,0.0060
340,0,13.8180,0.0510
85,0,13.8610,0.0430
15,0,13.9400,0.0790
82,0,13.9570,0.0170
15,0,13.9690,0.0120
4,0,13.9840,0.0150
25,0,14.0010,0.0170
22,0,14.0140,0.0130
15,0,14.0160,0.0020
33,0,14.0320,0.0160
