SysID,Thread ID,time,inetrval
14,0,0.2350,0.2350
80,0,0.5930,0.3580
80,0,0.6090,0.0160
18,0,0.7050,0.0960
18,0,0.8280,0.1230
37,0,1.0220,0.1940
55,0,1.0560,0.0340
61,0,1.0930,0.0370
51,0,1.1190,0.0260
40,0,1.1290,0.0100
49,0,1.1880,0.0590
80,0,1.2130,0.0250
347,0,1.2500,0.0370
80,0,1.3760,0.1260
80,0,1.5320,0.1560
15,0,1.5490,0.0170
76,0,1.5950,0.0460
416,0,1.6250,0.0300
453,0,1.6870,0.0620
453,0,1.7040,0.0170
18,0,1.8290,0.1250
453,0,1.8440,0.0150
453,0,1.8790,0.0350
24,0,1.8930,0.0140
24,0,1.9840,0.0910
80,0,2.0150,0.0310
80,0,2.0320,0.0170
453,0,2.0480,0.0160
453,0,2.0630,0.0150
453,0,2.0780,0.0150
18,0,2.1110,0.0330
51,0,2.2810,0.1700
348,0,2.2970,0.0160
51,0,2.3310,0.0340
24,0,2.4180,0.0870
85,0,2.4230,0.0050
17,0,2.4410,0.0180
54,0,2.5010,0.0600
340,0,2.5200,0.0190
356,0,2.5780,0.0580
453,0,2.7040,0.1260
38,0,2.7350,0.0310
15,0,2.7650,0.0300
85,0,2.7890,0.0240
33,0,2.8120,0.0230
18,0,2.8300,0.0180
15,0,2.8430,0.0130
85,0,2.8590,0.0160
293,0,2.9220,0.0630
24,0,3.1400,0.2180
15,0,3.2040,0.0640
37,0,3.3140,0.1100
354,0,3.3460,0.0320
196,0,3.3660,0.0200
196,0,3.3720,0.0060
417,0,3.3770,0.0050
55,0,3.4010,0.0240
40,0,3.4070,0.0060
80,0,3.4240,0.0170
49,0,3.4370,0.0130
369,0,3.4610,0.0240
15,0,3.4710,0.0100
67,2,3.4840,0.0130
55,0,3.5000,0.0160
1,2,3.5150,0.0150
49,0,3.5310,0.0160
80,0,3.5470,0.0160
80,0,3.5640,0.0170
80,0,3.5780,0.0140
24,0,3.6090,0.0310
466,2,3.6410,0.0320
18,0,3.6600,0.0190
15,0,3.6720,0.0120
112,0,3.7040,0.0320
55,0,3.7340,0.0300
14,2,3.7510,0.0170
49,0,3.7810,0.0300
80,2,3.8130,0.0320
40,0,3.8440,0.0310
49,0,3.8670,0.0230
24,2,3.8730,0.0060
80,2,3.8740,0.0010
369,0,3.8900,0.0160
466,2,3.9060,0.0160
369,0,3.9380,0.0320
15,0,3.9530,0.0150
55,0,3.9700,0.0170
80,3,3.9850,0.0150
15,0,4.0020,0.0170
49,0,4.0170,0.0150
49,0,4.0460,0.0290
80,3,4.0660,0.0200
49,0,4.0800,0.0140
369,0,4.0960,0.0160
369,0,4.1100,0.0140
80,2,4.1240,0.0140
469,3,4.1420,0.0180469,3,4.1420,0.0180
18,0,4.1580,0.0160
51,0,4.1910,0.0330
24,0,4.2200,0.0290
369,0,4.2460,0.0260
55,0,4.2470,0.0010
369,0,4.2500,0.0030
466,2,4.2650,0.0150
112,2,4.3130,0.0480
356,0,4.3290,0.0160
356,0,4.3440,0.0150
80,2,4.3600,0.0160
369,2,4.3930,0.0330
23,0,4.4060,0.0130
24,3,4.4230,0.0170
61,0,4.4700,0.0470
61,0,4.4950,0.0250
51,0,4.5000,0.0050
14,3,4.5160,0.0160
51,0,4.5750,0.0590
76,0,4.5780,0.0030
51,0,4.6110,0.0330
76,0,4.6280,0.0170
76,0,4.6450,0.0170
76,0,4.6620,0.0170
76,0,4.6750,0.0130
24,0,4.7340,0.0590
73,0,4.8810,0.1470
73,0,4.8910,0.0100
18,0,5.0340,0.1430
23,0,5.0650,0.0310
24,0,5.1000,0.0350
24,0,5.1280,0.0280
35,0,5.1470,0.0190
416,0,5.2080,0.0610
416,0,5.2250,0.0170
453,0,5.2520,0.0270
25,0,5.2770,0.0250
25,0,5.2810,0.0040
51,0,5.3140,0.0330
7,0,5.3330,0.0190
453,0,5.4230,0.0900
24,0,5.5190,0.0960
453,0,5.6100,0.0910
453,0,5.6410,0.0310
453,0,5.6560,0.0150
35,0,5.7560,0.1000
35,0,5.7680,0.0120
35,0,5.7890,0.0210
35,0,5.7990,0.0100
35,0,5.8200,0.0210
35,0,5.8320,0.0120
24,0,5.8600,0.0280
73,0,5.8800,0.0200
35,0,5.9420,0.0620
24,0,6.0180,0.0760
416,0,6.0470,0.0290
35,0,6.1420,0.0950
35,0,6.1590,0.0170
35,0,6.1780,0.0190
24,0,6.5790,0.4010
416,0,6.5960,0.0170
54,0,6.6100,0.0140
80,0,6.6260,0.0160
140,0,6.6420,0.0160
25,0,6.6750,0.0330
453,0,6.6860,0.0110
453,0,6.6880,0.0020
18,0,6.7060,0.0180
18,0,6.7440,0.0380
18,0,6.7510,0.0070
37,0,6.7820,0.0310
80,0,6.8150,0.0330
247,0,6.9280,0.1130
33,0,6.9850,0.0570
15,0,7.0120,0.0270
18,0,7.0170,0.0050
19,0,7.0780,0.0610
15,0,7.1020,0.0240
18,0,7.1130,0.0110
23,0,7.1310,0.0180
15,0,7.1450,0.0140
18,0,7.1740,0.0290
24,0,7.2080,0.0340
35,0,7.5080,0.3000
4101,0,7.5190,0.0110
80,0,7.5390,0.0200
5169,0,7.5580,0.0190
297,0,7.5620,0.0040
0,0,7.6240,0.0620
289,0,7.6680,0.0440
22,0,7.6880,0.0200
23,0,7.7180,0.0300
28,0,7.7490,0.0310
5349,0,7.7810,0.0320
416,0,7.8430,0.0620
35,0,7.8590,0.0160
4151,0,7.9070,0.0480
4151,0,7.9320,0.0250
453,0,7.9410,0.0090
51,0,8.0350,0.0940
33,0,8.0660,0.0310
23,0,8.0870,0.0210
15,0,8.0900,0.0030
17,0,8.0960,0.0060
140,0,8.1270,0.0310
15,0,8.1570,0.0300
105,0,8.1880,0.0310
4162,0,8.2190,0.0310
25,0,8.2420,0.0230
14,0,8.2510,0.0090
417,0,8.2830,0.0320
35,0,8.3450,0.0620
21,0,8.4380,0.0930
21,0,8.4550,0.0170
72,0,8.4680,0.0130
51,0,8.5510,0.0830
340,0,8.5800,0.0290
21,0,8.5970,0.0170
33,0,8.6120,0.0150
33,0,8.6280,0.0160
72,0,8.6420,0.0140
341,0,8.6570,0.0150
23,0,8.6770,0.0200
18,0,8.6900,0.0130
18,0,8.7210,0.0310
23,0,8.7670,0.0460
85,0,8.8130,0.0460
74,0,8.8290,0.0160
18,0,8.8490,0.0200
23,0,8.8610,0.0120
21,0,8.9400,0.0790
21,0,8.9550,0.0150
4,0,9.0000,0.0450
80,0,9.0630,0.0630
51,0,9.0790,0.0160
85,0,9.0950,0.0160
15,0,9.1090,0.0140
15,0,9.1280,0.0190
51,0,9.1580,0.0300
15,0,9.1740,0.0160
51,0,9.2040,0.0300
51,0,9.2200,0.0160
73,0,9.2340,0.0140
51,0,9.2520,0.0180
37,0,9.2870,0.0350
40,0,9.3120,0.0250
369,0,9.3320,0.0200
80,3,9.3440,0.0120
28,3,9.3600,0.0160
28,3,9.3600,0.0160
55,2,9.3750,0.0150
112,4,9.3890,0.0140
51,4,9.3910,0.0020
112,4,9.4060,0.0150
22,0,9.5160,0.1100
15,0,9.5320,0.0160
24,0,9.5790,0.0470
356,0,9.5970,0.0180
444,0,9.6260,0.0290
356,0,9.6420,0.0160
356,0,9.6900,0.0480
33,0,9.7200,0.0300
22,0,9.7510,0.0310
22,0,9.7690,0.0180
22,0,9.7830,0.0140
22,0,9.7970,0.0140
282,0,9.8140,0.0170
33,0,9.8290,0.0150
22,0,9.8940,0.0650
453,0,9.9100,0.0160
72,0,9.9220,0.0120
64,0,9.9390,0.0170
453,0,9.9530,0.0140
61,0,10.0180,0.0650
42,0,10.0320,0.0140
22,0,10.0800,0.0480
416,0,10.0950,0.0150
192,0,10.1260,0.0310
192,0,10.1560,0.0300
416,0,10.2040,0.0480
453,0,10.2350,0.0310
416,0,10.2510,0.0160
453,0,10.3300,0.0790
416,0,10.3470,0.0170
453,0,10.3770,0.0300
51,0,10.4070,0.0300
4,0,10.4280,0.0210
4,0,10.4630,0.0350
4,0,10.4710,0.0080
61,0,10.5500,0.0790
24,0,10.5800,0.0300
24,0,10.6060,0.0260
24,0,10.6100,0.0040
5254,0,10.8450,0.2350
5254,0,10.8910,0.0460
5254,0,10.9370,0.0460
5254,0,10.9530,0.0160
5254,0,10.9840,0.0310
5254,0,11.0150,0.0310
5254,0,11.0470,0.0320
5254,0,11.0620,0.0150
5254,0,11.0930,0.0310
5254,0,11.1090,0.0160
5254,0,11.1400,0.0310
5254,0,11.1710,0.0310
5254,0,11.1870,0.0160
5254,0,11.2180,0.0310
5254,0,11.2500,0.0320
5254,0,11.2810,0.0310
5254,0,11.2970,0.0160
5254,0,11.3280,0.0310
5254,0,11.3590,0.0310
5254,0,11.3910,0.0320
5254,0,11.4370,0.0460
5254,0,11.4720,0.0350
5254,0,11.5000,0.0280
5254,0,11.5150,0.0150
5254,0,11.5460,0.0310
5254,0,11.5780,0.0320
5254,0,11.5930,0.0150
5254,0,11.6250,0.0320
5254,0,11.6580,0.0330
5254,0,11.6800,0.0220
5254,0,11.7110,0.0310
5254,0,11.7430,0.0320
5254,0,11.7660,0.0230
5254,0,11.7830,0.0170
5254,0,11.8140,0.0310
5254,0,11.8450,0.0310
5254,0,11.8760,0.0310
39,0,11.9220,0.0460
30,0,11.9540,0.0320
30,0,11.9700,0.0160
24,0,11.9880,0.0180
22,0,12.0010,0.0130
61,0,12.0650,0.0640
22,0,12.1110,0.0460
23,0,12.1270,0.0160
51,0,12.1420,0.0150
369,0,12.1570,0.0150
80,0,12.1680,0.0110
49,0,12.1720,0.0040
14,3,12.2040,0.0320
49,0,12.2040,0.0320
22,0,12.2920,0.0880
453,0,12.2990,0.0070
4151,0,12.4430,0.1440
80,0,12.4600,0.0170
25,0,12.4750,0.0150
416,0,12.4890,0.0140
85,0,12.5220,0.0330
340,0,12.5310,0.0090
416,0,12.5780,0.0470
453,0,12.6100,0.0320
453,0,12.6290,0.0190
453,0,12.6430,0.0140
72,0,12.7500,0.1070
180,0,12.7710,0.0210
416,0,12.7820,0.0110
453,0,12.8180,0.0360
453,0,12.8250,0.0070
416,0,12.8290,0.0040
22,0,12.8590,0.0300
80,0,13.0150,0.1560
15,0,13.0480,0.0330
80,0,13.1490,0.1010
13,0,13.1580,0.0090
91,0,13.1790,0.0210
91,0,13.1910,0.0120
15,0,13.2200,0.0290
15,0,13.2970,0.0770
80,0,13.3130,0.0160
4275,0,13.3400,0.0270
4275,0,13.3430,0.0030
80,0,13.3750,0.0320
96,0,13.4060,0.0310
61,0,13.5150,0.1090
61,0,13.5310,0.0160
80,0,13.5460,0.0150
18,0,13.6400,0.0940
18,0,13.6580,0.0180
18,0,13.6840,0.0260
15,0,13.6880,0.0040
453,0,13.7350,0.0470
33,0,13.8150,0.0800
15,0,13.8380,0.0230
33,0,13.8470,0.0090
76,0,13.8660,0.0190
25,0,13.8970,0.0310
140,0,13.9450,0.0480
33,0,13.9560,0.0110
85,0,13.9750,0.0190
61,0,14.0000,0.0250
35,0,14.0310,0.0310
51,0,14.0640,0.0330
17,0,14.1030,0.0390
42,0,14.1280,0.0250
33,0,14.1370,0.0090
76,0,14.1400,0.0030
340,0,14.2050,0.0650
85,0,14.2400,0.0350
15,0,14.3140,0.0740
28,0,14.3360,0.0220
15,0,14.3430,0.0070
4,0,14.4870,0.1440
