SysID,Thread ID,time,inetrval
14,0,0.2080,0.2080
80,0,0.5150,0.3070
80,0,0.5310,0.0160
18,0,0.5470,0.0160
18,0,0.5940,0.0470
18,0,0.6880,0.0940
37,0,0.8600,0.1720
55,0,0.8910,0.0310
61,0,0.9230,0.0320
51,0,0.9420,0.0190
40,0,0.9550,0.0130
49,0,1.0340,0.0790
80,0,1.0620,0.0280
347,0,1.0860,0.0240
80,0,1.1740,0.0880
80,0,1.3000,0.1260
15,0,1.3120,0.0120
76,0,1.3600,0.0480
416,0,1.3770,0.0170
453,0,1.4060,0.0290
453,0,1.4370,0.0310
453,0,1.4530,0.0160
18,0,1.5630,0.1100
23,0,1.5780,0.0150
453,0,1.5940,0.0160
453,0,1.6400,0.0460
24,0,1.6570,0.0170
24,0,1.7340,0.0770
80,0,1.7660,0.0320
453,0,1.7970,0.0310
18,0,1.8290,0.0320
51,0,1.9620,0.1330
15,0,1.9700,0.0080
51,0,1.9970,0.0270
15,0,2.0000,0.0030
24,0,2.0490,0.0490
85,0,2.0820,0.0330
17,0,2.0930,0.0110
54,0,2.1740,0.0810
340,0,2.1870,0.0130
356,0,2.2970,0.1100
453,0,2.4230,0.1260
15,0,2.4360,0.0130
38,0,2.4530,0.0170
33,0,2.4690,0.0160
15,0,2.4850,0.0160
85,0,2.5160,0.0310
33,0,2.5320,0.0160
15,0,2.5480,0.0160
76,0,2.5630,0.0150
15,0,2.5780,0.0150
453,0,2.5950,0.0170
293,0,2.6410,0.0460
24,0,2.8590,0.2180
15,0,2.9370,0.0780
37,0,3.0470,0.1100
354,0,3.0620,0.0150
196,0,3.0780,0.0160
417,0,3.0940,0.0160
80,0,3.1090,0.0150
40,0,3.1250,0.0160
80,0,3.1410,0.0160
49,0,3.1560,0.0150
369,0,3.1710,0.0150
15,0,3.1880,0.0170
1,2,3.2180,0.0300
469,2,3.2340,0.0160
55,0,3.2810,0.0470
466,2,3.3130,0.0320
112,0,3.3280,0.0150
80,0,3.3600,0.0320
18,2,3.3910,0.0310
112,2,3.4220,0.0310
28,2,3.4370,0.0150
14,2,3.4530,0.0160
24,0,3.4690,0.0160
469,2,3.5030,0.0340
40,0,3.5470,0.0440
49,0,3.5620,0.0150
49,0,3.5780,0.0160
80,0,3.5940,0.0160
466,3,3.6090,0.0150
466,3,3.6250,0.0160
80,0,3.6400,0.0150
14,4,3.6570,0.0170
49,0,3.6570,0.0170
49,0,3.6720,0.0150
80,4,3.6870,0.0150
49,0,3.7040,0.0170
49,0,3.7190,0.0150
15,0,3.7350,0.0160
55,0,3.7500,0.0150
369,0,3.7650,0.0150
80,2,3.7810,0.0160
51,0,3.8280,0.0470
76,0,3.8430,0.0150
51,0,3.8750,0.0320
76,0,3.8900,0.0150
76,0,3.9060,0.0160
14,0,3.9210,0.0150
416,0,3.9530,0.0320
24,0,3.9840,0.0310
73,0,4.1250,0.1410
24,0,4.1410,0.0160
18,0,4.2990,0.1580
23,0,4.3220,0.0230
24,0,4.3590,0.0370
24,0,4.3870,0.0280
24,0,4.3910,0.0040
416,0,4.4550,0.0640
416,0,4.4870,0.0320
453,0,4.5160,0.0290
25,0,4.5310,0.0150
453,0,4.5480,0.0170
192,0,4.5630,0.0150
72,0,4.5790,0.0160
51,0,4.6090,0.0300
453,0,4.6950,0.0860
24,0,4.7360,0.0410
24,0,4.7870,0.0510
453,0,4.8590,0.0720
453,0,4.8900,0.0310
453,0,4.9060,0.0160
416,0,4.9210,0.0150
35,0,5.0020,0.0810
35,0,5.0350,0.0330
35,0,5.0540,0.0190
35,0,5.0680,0.0140
24,0,5.0960,0.0280
73,0,5.1200,0.0240
35,0,5.1740,0.0540
24,0,5.2350,0.0610
416,0,5.2820,0.0470
35,0,5.3440,0.0620
35,0,5.3690,0.0250
35,0,5.3740,0.0050
35,0,5.3750,0.0010
24,0,5.5470,0.1720
416,0,5.7660,0.2190
416,0,5.8290,0.0630
54,0,5.8490,0.0200
80,0,5.8630,0.0140
140,0,5.8780,0.0150
25,0,5.8950,0.0170
453,0,5.9090,0.0140
18,0,5.9250,0.0160
18,0,5.9570,0.0320
18,0,5.9730,0.0160
4834,0,5.9870,0.0140
24,0,6.0030,0.0160
80,0,6.0190,0.0160
35,0,6.0810,0.0620
35,0,6.0970,0.0160
80,0,6.1140,0.0170
297,0,6.1270,0.0130
0,0,6.1580,0.0310
15,0,6.1770,0.0190
289,0,6.1910,0.0140
22,0,6.2070,0.0160
23,0,6.2380,0.0310
28,0,6.2540,0.0160
18,0,6.2690,0.0150
5349,0,6.2840,0.0150
35,0,6.3160,0.0320
192,0,6.4110,0.0950
35,0,6.4250,0.0140
453,0,6.4410,0.0160
453,0,6.4560,0.0150
35,0,6.4720,0.0160
453,0,6.4840,0.0120
417,0,6.5180,0.0340
35,0,6.5840,0.0660
35,0,6.5960,0.0120
24,0,6.6600,0.0640
24,0,6.6740,0.0140
24,0,6.7220,0.0480
44,0,6.7850,0.0630
13,0,6.8530,0.0680
13,0,6.8620,0.0090
15,0,6.8810,0.0190
15,0,6.8940,0.0130
15,0,6.9290,0.0350
15,0,6.9440,0.0150
15,0,7.0180,0.0740
15,0,7.0390,0.0210
13,0,7.0480,0.0090
15,0,7.1620,0.1140
15,0,7.1930,0.0310
15,0,7.2210,0.0280
8,0,7.2710,0.0500
15,0,7.2810,0.0100
15,0,7.3130,0.0320
