SysID,Thread ID,time,inetrval
14,0,0.2500,0.2500
80,0,0.5650,0.3150
80,0,0.5780,0.0130
18,0,0.5990,0.0210
18,0,0.6570,0.0580
18,0,0.7520,0.0950
15,0,0.7710,0.0190
37,0,0.9380,0.1670
55,0,0.9850,0.0470
61,0,1.0160,0.0310
51,0,1.0470,0.0310
49,0,1.1190,0.0720
80,0,1.1420,0.0230
347,0,1.1740,0.0320
80,0,1.2680,0.0940
80,0,1.4390,0.1710
15,0,1.4540,0.0150
76,0,1.4850,0.0310
416,0,1.5160,0.0310
453,0,1.5320,0.0160
453,0,1.5790,0.0470
453,0,1.6090,0.0300
18,0,1.7220,0.1130
23,0,1.7420,0.0200
15,0,1.7500,0.0080
453,0,1.7660,0.0160
453,0,1.7980,0.0320
24,0,1.8440,0.0460
80,0,1.9220,0.0780
80,0,1.9380,0.0160
18,0,1.9710,0.0330
24,0,2.0010,0.0300
51,0,2.1580,0.1570
15,0,2.1720,0.0140
51,0,2.2060,0.0340
24,0,2.2980,0.0920
85,0,2.3130,0.0150
17,0,2.3290,0.0160
54,0,2.3910,0.0620
340,0,2.4070,0.0160
356,0,2.4720,0.0650
453,0,2.5800,0.1080
15,0,2.5970,0.0170
38,0,2.6100,0.0130
297,0,2.6290,0.0190
24,0,2.6390,0.0100
33,0,2.6410,0.0020
15,0,2.6570,0.0160
85,0,2.6720,0.0150
33,0,2.7040,0.0320
76,0,2.7240,0.0200
76,0,2.7360,0.0120
293,0,2.7870,0.0510
15,0,3.0310,0.2440
37,0,3.1410,0.1100
354,0,3.1570,0.0160
173,0,3.1720,0.0150
196,0,3.1880,0.0160
196,0,3.2040,0.0160
80,0,3.2190,0.0150
55,0,3.2380,0.0190
40,0,3.2540,0.0160
80,0,3.2710,0.0170
49,0,3.2820,0.0110
369,0,3.3050,0.0230
67,2,3.3140,0.0090
55,0,3.3460,0.0320
40,0,3.3600,0.0140
80,0,3.4080,0.0480
80,0,3.4230,0.0150
466,2,3.4690,0.0460
18,0,3.5040,0.0350
112,0,3.5340,0.0300
28,2,3.5630,0.0290
55,0,3.5940,0.0310
55,0,3.6140,0.0200
80,2,3.6250,0.0110
40,0,3.6750,0.0500
369,0,3.6880,0.0130
24,2,3.7500,0.0620
15,0,3.7660,0.0160
80,0,3.7830,0.0170
14,3,3.8000,0.0170
49,0,3.8130,0.0130
49,0,3.8320,0.0190
49,0,3.8440,0.0120
15,0,3.8690,0.0250
80,3,3.8710,0.0020
80,3,3.8750,0.0040
369,0,3.8980,0.0230
369,0,3.9030,0.0050
80,4,3.9060,0.0030
40,0,3.9240,0.0180
55,0,3.9430,0.0190
55,0,3.9510,0.0080
40,0,3.9540,0.0030
55,0,3.9690,0.0150
55,0,3.9850,0.0160
55,0,4.0010,0.0160
356,2,4.0160,0.0150
356,2,4.0320,0.0160
18,2,4.0790,0.0470
466,3,4.0940,0.0150
18,0,4.1100,0.0160
24,0,4.1560,0.0460
112,2,4.2040,0.0480
112,4,4.2330,0.0290
61,2,4.2340,0.0010
112,2,4.2500,0.0160
61,2,4.2660,0.0160
51,4,4.2820,0.0160
49,4,4.2970,0.0150
49,4,4.2970,0.0150
466,0,4.3130,0.0160
80,2,4.3280,0.0150
112,2,4.3440,0.0160
80,3,4.3610,0.0170
15,4,4.3760,0.0150
15,4,4.3760,0.0150
80,2,4.3940,0.0180
469,2,4.4070,0.0130
61,2,4.4220,0.0150
469,3,4.4380,0.0160
49,0,4.4540,0.0160
51,0,4.5170,0.0630
348,0,4.5320,0.0150
76,0,4.5480,0.0160
51,0,4.5780,0.0300
76,0,4.6020,0.0240
76,0,4.6150,0.0130
76,0,4.6300,0.0150
76,0,4.6450,0.0150
76,0,4.6650,0.0200
76,0,4.6730,0.0080
76,0,4.6880,0.0150
416,0,4.7080,0.0200
24,0,4.7520,0.0440
73,0,4.8940,0.1420
24,0,4.9100,0.0160
18,0,5.0340,0.1240
23,0,5.0640,0.0300
24,0,5.0940,0.0300
24,0,5.1260,0.0320
35,0,5.1460,0.0200
416,0,5.1890,0.0430
416,0,5.2210,0.0320
453,0,5.2370,0.0160
25,0,5.2540,0.0170
192,0,5.2680,0.0140
51,0,5.3000,0.0320
416,0,5.3150,0.0150
453,0,5.3770,0.0620
453,0,5.3950,0.0180
24,0,5.4870,0.0920
453,0,5.5510,0.0640
453,0,5.5980,0.0470
453,0,5.6130,0.0150
35,0,5.7040,0.0910
35,0,5.7350,0.0310
35,0,5.7510,0.0160
35,0,5.7700,0.0190
24,0,5.8000,0.0300
73,0,5.8170,0.0170
35,0,5.8760,0.0590
24,0,5.9240,0.0480
416,0,5.9730,0.0490
35,0,6.0540,0.0810
35,0,6.0660,0.0120
35,0,6.0820,0.0160
24,0,6.3010,0.2190
416,0,6.4540,0.1530
54,0,6.4700,0.0160
80,0,6.4860,0.0160
140,0,6.5010,0.0150
25,0,6.5170,0.0160
18,0,6.5330,0.0160
18,0,6.5480,0.0150
18,0,6.5640,0.0160
18,0,6.5790,0.0150
18,0,6.5950,0.0160
23,0,6.6110,0.0160
37,0,6.6260,0.0150
80,0,6.6420,0.0160
80,0,6.6580,0.0160
247,0,6.7670,0.1090
247,0,6.7830,0.0160
33,0,6.8290,0.0460
18,0,6.8450,0.0160
19,0,6.9070,0.0620
18,0,6.9230,0.0160
18,0,6.9390,0.0160
15,0,6.9700,0.0310
51,0,7.2500,0.2800
51,0,7.2820,0.0320
61,0,7.2970,0.0150
35,0,7.3440,0.0470
35,0,7.3600,0.0160
37,0,7.3760,0.0160
297,0,7.3910,0.0150
0,0,7.4220,0.0310
15,0,7.4380,0.0160
289,0,7.4540,0.0160
22,0,7.4690,0.0150
289,0,7.4850,0.0160
23,0,7.5000,0.0150
28,0,7.5160,0.0160
15,0,7.5320,0.0160
5349,0,7.5620,0.0300
416,0,7.5780,0.0160
416,0,7.6250,0.0470
35,0,7.6410,0.0160
453,0,7.6720,0.0310
453,0,7.6880,0.0160
416,0,7.7030,0.0150
35,0,7.7350,0.0320
192,0,7.8280,0.0930
453,0,7.8590,0.0310
453,0,7.8750,0.0160
453,0,7.9070,0.0320
35,0,7.9480,0.0410
22,0,8.0180,0.0700
35,0,8.0800,0.0620
356,0,8.1050,0.0250
444,0,8.1120,0.0070
356,0,8.1390,0.0270
35,0,8.1410,0.0020
35,0,8.1580,0.0170
356,0,8.1760,0.0180
33,0,8.2060,0.0300
33,0,8.2240,0.0180
22,0,8.2370,0.0130
18,0,8.2540,0.0170
22,0,8.2700,0.0160
72,0,8.2840,0.0140
36,0,8.3010,0.0170
35,0,8.3470,0.0460
453,0,8.3630,0.0160
72,0,8.3780,0.0150
64,0,8.3940,0.0160
453,0,8.4090,0.0150
35,0,8.4410,0.0320
22,0,8.4880,0.0470
453,0,8.5030,0.0150
4151,0,8.6300,0.1270
80,0,8.6470,0.0170
54,0,8.6600,0.0130
416,0,8.6810,0.0210
35,0,8.7130,0.0320
24,0,8.7230,0.0100
80,0,8.7450,0.0220
22,0,8.7750,0.0300
416,0,8.7840,0.0090
453,0,8.8180,0.0340
416,0,8.8350,0.0170
35,0,8.8480,0.0130
35,0,8.8660,0.0180
35,0,8.8810,0.0150
35,0,8.8970,0.0160
35,0,8.9120,0.0150
35,0,8.9260,0.0140
416,0,8.9440,0.0180
54,0,9.0660,0.1220
453,0,9.0990,0.0330
33,0,9.1150,0.0160
416,0,9.1290,0.0140
35,0,9.1630,0.0340
453,0,9.2060,0.0430
416,0,9.2280,0.0220
453,0,9.2680,0.0400
416,0,9.3180,0.0500
37,0,9.3480,0.0300
49,0,9.3680,0.0200
80,3,9.3760,0.0080
80,0,9.4100,0.0340
453,0,9.4590,0.0490
416,0,9.4740,0.0150
35,0,9.4910,0.0170
453,0,9.5050,0.0140
453,0,9.5200,0.0150
72,0,9.6150,0.0950
192,0,9.6350,0.0200
416,0,9.6440,0.0090
35,0,9.6630,0.0190
416,0,9.6770,0.0140
453,0,9.7090,0.0320
340,0,9.7730,0.0640
453,0,9.8030,0.0300
453,0,9.8200,0.0170
94,0,9.8640,0.0440
14,0,9.8810,0.0170
94,0,9.8950,0.0140
