SysID,Thread ID,time,inetrval
14,0,0.2520,0.2520
80,0,0.7030,0.4510
80,0,0.7260,0.0230
18,0,0.7340,0.0080
18,0,0.8140,0.0800
18,0,0.9080,0.0940
15,0,0.9250,0.0170
37,0,1.1320,0.2070
55,0,1.1600,0.0280
61,0,1.2060,0.0460
51,0,1.2360,0.0300
40,0,1.2980,0.0620
49,0,1.4400,0.1420
80,0,1.4730,0.0330
347,0,1.5230,0.0500
80,0,1.6590,0.1360
80,0,1.8440,0.1850
15,0,1.8600,0.0160
76,0,1.9070,0.0470
416,0,1.9690,0.0620
453,0,2.0160,0.0470
453,0,2.1500,0.1340
453,0,2.1720,0.0220
18,0,2.3120,0.1400
15,0,2.3300,0.0180
453,0,2.3450,0.0150
453,0,2.3750,0.0300
24,0,2.3910,0.0160
24,0,2.5000,0.1090
80,0,2.5470,0.0470
80,0,2.5630,0.0160
453,0,2.5780,0.0150
453,0,2.5940,0.0160
18,0,2.6440,0.0500
51,0,2.8130,0.1690
15,0,2.8290,0.0160
51,0,2.8600,0.0310
24,0,2.9550,0.0950
85,0,2.9720,0.0170
17,0,2.9920,0.0200
74,0,2.9970,0.0050
40,0,3.0000,0.0030
54,0,3.0620,0.0620
356,0,3.1590,0.0970
453,0,3.2670,0.1080
15,0,3.2970,0.0300
297,0,3.3280,0.0310
15,0,3.3590,0.0310
85,0,3.3750,0.0160
33,0,3.3910,0.0160
18,0,3.4060,0.0150
76,0,3.4220,0.0160
293,0,3.5000,0.0780
24,0,3.8450,0.3450
15,0,3.8910,0.0460
15,0,3.9200,0.0290
42,0,3.9220,0.0020
37,0,4.0150,0.0930
354,0,4.0500,0.0350
196,0,4.0700,0.0200
417,0,4.0830,0.0130
80,0,4.0990,0.0160
76,0,4.1290,0.0300
416,0,4.1460,0.0170
417,0,4.1720,0.0260
24,0,4.2500,0.0780
73,0,4.4400,0.1900
35,0,4.6260,0.1860
28,0,4.6430,0.0170
428,0,4.6580,0.0150
74,0,4.6870,0.0290
60,0,4.7030,0.0160
357,0,4.7200,0.0170
64,0,4.7350,0.0150
15,0,4.7810,0.0460
121,0,4.7970,0.0160
322,0,4.8300,0.0330
25,0,4.8460,0.0160
25,0,4.8780,0.0320
25,0,4.8910,0.0130
24,0,4.9230,0.0320
37,0,5.0800,0.1570
49,0,5.0940,0.0140
49,0,5.1250,0.0310
369,0,5.1460,0.0210
15,0,5.1570,0.0110
55,0,5.1720,0.0150
40,0,5.1870,0.0150
469,2,5.2030,0.0160
80,0,5.2350,0.0320
80,0,5.2480,0.0130
80,0,5.2690,0.0210
369,0,5.2790,0.0100
80,2,5.2820,0.0030
466,2,5.3440,0.0620
466,0,5.3600,0.0160
24,3,5.3750,0.0150
112,3,5.4060,0.0310
112,2,5.4220,0.0160
469,3,5.4370,0.0150
4,0,5.4690,0.0320
80,2,5.5320,0.0630
416,0,5.5680,0.0360
453,0,5.5860,0.0180
453,0,5.6000,0.0140
72,0,5.6190,0.0190
51,0,5.6430,0.0240
416,0,5.6560,0.0130
24,0,5.7570,0.1010
453,0,5.7660,0.0090
24,0,5.8160,0.0500
24,0,5.8440,0.0280
24,0,5.8760,0.0320
453,0,5.9690,0.0930
14,0,5.9850,0.0160
61,0,6.0040,0.0190
24,0,6.0550,0.0510
18,0,6.0810,0.0260
18,0,6.1000,0.0190
201,0,6.1100,0.0100
322,0,6.1250,0.0150
30,0,6.1520,0.0270
61,0,6.1570,0.0050
297,0,6.1810,0.0240
23,0,6.1910,0.0100
453,0,6.2090,0.0180
33,0,6.3140,0.1050
33,0,6.3290,0.0150
76,0,6.3460,0.0170
25,0,6.3880,0.0420
18,0,6.3930,0.0050
247,0,6.4170,0.0240
247,0,6.4250,0.0080
33,0,6.4760,0.0510
15,0,6.4870,0.0110
19,0,6.5640,0.0770
15,0,6.5830,0.0190
18,0,6.5940,0.0110
18,0,6.6100,0.0160
15,0,6.6400,0.0300
140,0,6.8910,0.2510
340,0,6.9550,0.0640
24,0,6.9860,0.0310
82,0,7.0020,0.0160
15,0,7.0160,0.0140
15,0,7.6890,0.6730
44,0,7.7970,0.1080
