SysID,Thread ID,time,inetrval
14,0,0.2410,0.2410
80,0,0.5480,0.3070
80,0,0.5640,0.0160
18,0,0.5790,0.0150
18,0,0.6260,0.0470
18,0,0.7190,0.0930
23,0,0.7350,0.0160
37,0,0.8910,0.1560
55,0,0.9380,0.0470
61,0,0.9690,0.0310
51,0,0.9850,0.0160
40,0,1.0010,0.0160
49,0,1.0630,0.0620
80,0,1.0980,0.0350
347,0,1.1250,0.0270
80,0,1.2220,0.0970
80,0,1.3450,0.1230
15,0,1.3610,0.0160
76,0,1.4070,0.0460
416,0,1.4380,0.0310
453,0,1.4540,0.0160
453,0,1.5010,0.0470
453,0,1.5160,0.0150
18,0,1.6250,0.1090
23,0,1.6410,0.0160
453,0,1.6580,0.0170
453,0,1.6870,0.0290
24,0,1.7220,0.0350
80,0,1.8010,0.0790
80,0,1.8100,0.0090
453,0,1.8130,0.0030
453,0,1.8290,0.0160
18,0,1.8450,0.0160
24,0,1.8750,0.0300
51,0,1.9710,0.0960
348,0,1.9880,0.0170
15,0,1.9970,0.0090
51,0,2.0160,0.0190
24,0,2.0970,0.0810
17,0,2.1120,0.0150
54,0,2.1730,0.0610
340,0,2.2040,0.0310
356,0,2.2820,0.0780
453,0,2.3910,0.1090
15,0,2.4070,0.0160
38,0,2.4220,0.0150
297,0,2.4380,0.0160
15,0,2.4560,0.0180
85,0,2.4690,0.0130
33,0,2.5020,0.0330
76,0,2.5200,0.0180
85,0,2.5340,0.0140
293,0,2.5830,0.0490
15,0,2.8310,0.2480
37,0,2.9290,0.0980
354,0,2.9380,0.0090
417,0,2.9530,0.0150
417,0,2.9690,0.0160
80,0,2.9850,0.0160
40,0,3.0000,0.0150
55,0,3.0230,0.0230
49,0,3.0320,0.0090
369,0,3.0560,0.0240
15,0,3.0630,0.0070
1,2,3.0790,0.0160
469,2,3.1090,0.0300
80,2,3.1560,0.0470
466,2,3.1880,0.0320
112,0,3.2070,0.0190
40,0,3.2190,0.0120
80,0,3.2350,0.0160
24,2,3.2510,0.0160
18,2,3.2820,0.0310
112,2,3.3160,0.0340
14,2,3.3260,0.0100
469,2,3.3450,0.0190
49,0,3.3610,0.0160
80,2,3.3760,0.0150
469,2,3.3890,0.0130
40,0,3.4230,0.0340
24,2,3.4390,0.0160
24,2,3.4530,0.0140
469,3,3.4700,0.0170
15,0,3.4850,0.0150
55,0,3.5000,0.0150
469,2,3.5190,0.0190
80,0,3.5290,0.0100
49,0,3.5320,0.0030
49,0,3.5530,0.0210
40,0,3.5680,0.0150
49,0,3.5790,0.0110
49,0,3.6120,0.0330
80,3,3.6250,0.0130
49,0,3.6420,0.0170
469,2,3.6420,0.0170
55,0,3.6570,0.0150
356,4,3.6880,0.0310
80,0,3.7040,0.0160
18,4,3.7350,0.0310
61,4,3.7810,0.0460
40,0,3.7970,0.0160
40,0,3.7970,0.0160
51,4,3.8130,0.0160
49,4,3.8270,0.0140

inetrval
       
 49,4,3.8270,0.0140

inetrval
       
 80,0,3.8280,0.0010
80,4,3.8280,0.0010
369,3,3.8450,0.0170
28,3,3.8600,0.0150
80,3,3.8750,0.0150
80,4,3.8910,0.0160
466,2,3.9060,0.0150112,0,3.9060,0.0150
80,3,3.9240,0.0180
51,0,3.9740,0.0500
76,0,3.9870,0.0130
51,0,4.0180,0.0310
76,0,4.0350,0.0170
76,0,4.0500,0.0150
15,0,4.0650,0.0150
76,0,4.0820,0.0170
76,0,4.0960,0.0140
416,0,4.1130,0.0170
24,0,4.1450,0.0320
30,0,4.1600,0.0150
73,0,4.2850,0.1250
24,0,4.3010,0.0160
18,0,4.4690,0.1680
23,0,4.4850,0.0160
23,0,4.5000,0.0150
24,0,4.5630,0.0630
35,0,4.5850,0.0220
416,0,4.6410,0.0560
416,0,4.6640,0.0230
453,0,4.6750,0.0110
25,0,4.6920,0.0170
192,0,4.7070,0.0150
51,0,4.7370,0.0300
453,0,4.8170,0.0800
24,0,4.8910,0.0740
453,0,4.9750,0.0840
453,0,5.0210,0.0460
453,0,5.0360,0.0150
35,0,5.1300,0.0940
35,0,5.1570,0.0270
35,0,5.1820,0.0250
35,0,5.1910,0.0090
24,0,5.2240,0.0330
73,0,5.2400,0.0160
35,0,5.2980,0.0580
24,0,5.3470,0.0490
416,0,5.3820,0.0350
35,0,5.4570,0.0750
35,0,5.4750,0.0180
35,0,5.4900,0.0150
24,0,5.7070,0.2170
24,0,5.7970,0.0900
416,0,5.8750,0.0780
416,0,5.9370,0.0620
35,0,5.9530,0.0160
54,0,5.9690,0.0160
140,0,6.0000,0.0310
25,0,6.0160,0.0160
18,0,6.0320,0.0160
18,0,6.0470,0.0150
18,0,6.0780,0.0310
18,0,6.0940,0.0160
37,0,6.1100,0.0160
80,0,6.1250,0.0150
247,0,6.2500,0.1250
33,0,6.2970,0.0470
18,0,6.3130,0.0160
19,0,6.3750,0.0620
15,0,6.3910,0.0160
18,0,6.4070,0.0160
23,0,6.4220,0.0150
15,0,6.4380,0.0160
18,0,6.4540,0.0160
24,0,6.5010,0.0470
51,0,6.7230,0.2220
51,0,6.7550,0.0320
61,0,6.7720,0.0170
35,0,6.8150,0.0430
37,0,6.8380,0.0230
4224,0,6.8470,0.0090
0,0,6.9000,0.0530
15,0,6.9090,0.0090
289,0,6.9270,0.0180
22,0,6.9390,0.0120
23,0,6.9730,0.0340
28,0,6.9950,0.0220
18,0,7.0040,0.0090
5349,0,7.0200,0.0160
416,0,7.0310,0.0110
453,0,7.0650,0.0340
35,0,7.1010,0.0360
35,0,7.1140,0.0130
453,0,7.1290,0.0150
416,0,7.1730,0.0440
35,0,7.2060,0.0330
22,0,7.2710,0.0650
22,0,7.2920,0.0210
35,0,7.3490,0.0570
35,0,7.3670,0.0180
444,0,7.3770,0.0100
356,0,7.3990,0.0220
35,0,7.4100,0.0110
35,0,7.4300,0.0200
356,0,7.4400,0.0100
33,0,7.4720,0.0320
22,0,7.4900,0.0180
22,0,7.5050,0.0150
22,0,7.5230,0.0180
22,0,7.5320,0.0090
36,0,7.5540,0.0220
33,0,7.5660,0.0120
35,0,7.6140,0.0480
453,0,7.6280,0.0140
72,0,7.6450,0.0170
64,0,7.6570,0.0120
453,0,7.6770,0.0200
416,0,7.6850,0.0080
35,0,7.7080,0.0230
22,0,7.7500,0.0420
453,0,7.7660,0.0160
4151,0,7.9080,0.1420
80,0,7.9340,0.0260
54,0,7.9410,0.0070
416,0,7.9740,0.0330
35,0,7.9890,0.0150
35,0,8.0050,0.0160
192,0,8.0810,0.0760
35,0,8.1030,0.0220
453,0,8.1130,0.0100
453,0,8.1450,0.0320
35,0,8.1630,0.0180
35,0,8.1760,0.0130
453,0,8.2590,0.0830
416,0,8.2710,0.0120
453,0,8.3490,0.0780
24,0,8.5160,0.1670
37,0,8.5630,0.0470
15,0,8.5810,0.0180
80,0,8.6280,0.0470
35,0,8.6810,0.0530
80,0,8.7080,0.0270
22,0,8.7380,0.0300
14,0,8.7580,0.0200
417,0,8.7710,0.0130
25,0,8.8710,0.1000
28,0,8.8770,0.0060
72,0,8.8960,0.0190
74,0,8.9120,0.0160
60,0,8.9280,0.0160
357,0,8.9400,0.0120
64,0,8.9500,0.0100
4,0,8.9530,0.0030
24,0,8.9690,0.0160
322,0,8.9850,0.0160
25,0,9.0050,0.0200
24,0,9.0200,0.0150
80,0,9.1290,0.1090
61,0,9.1490,0.0200
24,0,9.1880,0.0390
18,0,9.2190,0.0310
201,0,9.2350,0.0160
322,0,9.2570,0.0220
24,0,9.2700,0.0130
297,0,9.2860,0.0160
23,0,9.3010,0.0150
453,0,9.3180,0.0170
33,0,9.3750,0.0570
23,0,9.4010,0.0260
33,0,9.4230,0.0220
76,0,9.4430,0.0200
25,0,9.4700,0.0270
140,0,9.5520,0.0820
340,0,9.6000,0.0480
24,0,9.6320,0.0320
15,0,9.6510,0.0190
25,0,9.6570,0.0060
15,0,10.2980,0.6410
44,0,10.3910,0.0930
