SysID,Thread ID,time,inetrval
14,0,0.2210,0.2210
80,0,0.5190,0.2980
80,0,0.5360,0.0170
18,0,0.5500,0.0140
18,0,0.5940,0.0440
18,0,0.7030,0.1090
37,0,0.8620,0.1590
55,0,0.8910,0.0290
61,0,0.9240,0.0330
51,0,0.9540,0.0300
49,0,1.0330,0.0790
80,0,1.0500,0.0170
347,0,1.0820,0.0320
80,0,1.1600,0.0780
80,0,1.2980,0.1380
15,0,1.3130,0.0150
76,0,1.3600,0.0470
416,0,1.3760,0.0160
453,0,1.4070,0.0310
453,0,1.4380,0.0310
453,0,1.4540,0.0160
18,0,1.5660,0.1120
23,0,1.5780,0.0120
453,0,1.5940,0.0160
453,0,1.6250,0.0310
24,0,1.6410,0.0160
24,0,1.7190,0.0780
80,0,1.7500,0.0310
453,0,1.7660,0.0160
453,0,1.7810,0.0150
18,0,1.7990,0.0180
51,0,1.9370,0.1380
51,0,1.9690,0.0320
24,0,2.0500,0.0810
85,0,2.0630,0.0130
40,0,2.0780,0.0150
54,0,2.1570,0.0790
340,0,2.1730,0.0160
356,0,2.2350,0.0620
453,0,2.3600,0.1250
38,0,2.3910,0.0310
33,0,2.4090,0.0180
15,0,2.4220,0.0130
85,0,2.4380,0.0160
33,0,2.4530,0.0150
18,0,2.4690,0.0160
76,0,2.4850,0.0160
76,0,2.5000,0.0150
293,0,2.5310,0.0310
24,0,2.7340,0.2030
15,0,2.7970,0.0630
37,0,2.8910,0.0940
354,0,2.9070,0.0160
205,0,2.9220,0.0150
196,0,2.9380,0.0160
80,0,2.9530,0.0150
55,0,2.9690,0.0160
80,0,2.9890,0.0200
49,0,3.0030,0.0140
369,0,3.0200,0.0170
15,0,3.0310,0.0110
1,2,3.0470,0.0160
469,2,3.0780,0.0310
40,0,3.1100,0.0320
80,2,3.1260,0.0160
80,0,3.1420,0.0160
80,0,3.1570,0.0150
80,0,3.1730,0.0160
18,2,3.2040,0.0310
466,0,3.2190,0.0150
112,2,3.2550,0.0360
28,2,3.2650,0.0100
14,2,3.2810,0.0160
469,2,3.2970,0.0160
49,0,3.3140,0.0170
24,0,3.3330,0.0190
466,2,3.3440,0.0110
40,0,3.3750,0.0310
369,0,3.3910,0.0160
369,3,3.4060,0.0150
24,0,3.4230,0.0170
369,0,3.4530,0.0300
40,0,3.4690,0.0160
80,2,3.4850,0.0160
49,0,3.5030,0.0180
49,0,3.5180,0.0150
49,0,3.5500,0.0320
80,2,3.5620,0.0120
80,0,3.5840,0.0220
80,4,3.5940,0.0100
469,4,3.6120,0.0180
469,4,3.6120,0.0180
18,0,3.6250,0.0130
51,0,3.6450,0.0200
24,0,3.6590,0.0140
369,0,3.6880,0.0290
356,0,3.7350,0.0470
356,0,3.7500,0.0150
18,0,3.7660,0.0160
40,3,3.7970,0.0310
80,3,3.8140,0.0170
80,3,3.8290,0.0150
80,3,3.8430,0.0140
80,3,3.8440,0.0010
51,0,3.8590,0.0150
369,0,3.8760,0.0170
51,0,3.9260,0.0500
76,0,3.9400,0.0140
51,0,3.9730,0.0330
76,0,3.9880,0.0150
76,0,4.0190,0.0310
416,0,4.0330,0.0140
24,0,4.0810,0.0480
73,0,4.2080,0.1270
73,0,4.2220,0.0140
18,0,4.3590,0.1370
23,0,4.4070,0.0480
24,0,4.4530,0.0460
24,0,4.4700,0.0170
35,0,4.4850,0.0150
416,0,4.5480,0.0630
416,0,4.5630,0.0150
453,0,4.5790,0.0160
453,0,4.5950,0.0160
72,0,4.6110,0.0160
51,0,4.6260,0.0150
35,0,4.6420,0.0160
453,0,4.7190,0.0770
24,0,4.7970,0.0780
453,0,4.8750,0.0780
453,0,4.9060,0.0310
453,0,4.9220,0.0160
35,0,5.0350,0.1130
35,0,5.0500,0.0150
35,0,5.0660,0.0160
35,0,5.0810,0.0150
35,0,5.0970,0.0160
24,0,5.1120,0.0150
73,0,5.1290,0.0170
73,0,5.1440,0.0150
35,0,5.1910,0.0470
24,0,5.2370,0.0460
24,0,5.2520,0.0150
416,0,5.2840,0.0320
35,0,5.3590,0.0750
35,0,5.3800,0.0210
35,0,5.3930,0.0130
416,0,5.7660,0.3730
80,0,5.7810,0.0150
140,0,5.7970,0.0160
25,0,5.8280,0.0310
18,0,5.8440,0.0160
18,0,5.8590,0.0150
18,0,5.8750,0.0160
18,0,5.8910,0.0160
23,0,5.9060,0.0150
37,0,5.9220,0.0160
80,0,5.9370,0.0150
51,0,6.0630,0.1260
35,0,6.1100,0.0470
4101,0,6.1250,0.0150
4224,0,6.1400,0.0150
66,0,6.1560,0.0160
0,0,6.1880,0.0320
15,0,6.2030,0.0150
289,0,6.2190,0.0160
22,0,6.2350,0.0160
23,0,6.2650,0.0300
28,0,6.2810,0.0160
18,0,6.2970,0.0160
5349,0,6.3130,0.0160
416,0,6.3750,0.0620
4151,0,6.4080,0.0330
4151,0,6.4260,0.0180
247,0,6.5040,0.0780
33,0,6.5510,0.0470
18,0,6.5670,0.0160
19,0,6.6290,0.0620
18,0,6.6450,0.0160
18,0,6.6600,0.0150
15,0,6.6850,0.0250
15,0,6.6880,0.0030
51,0,6.8930,0.2050
74,0,6.9110,0.0180
33,0,6.9250,0.0140
18,0,6.9410,0.0160
73,0,6.9570,0.0160
140,0,6.9740,0.0170
15,0,6.9880,0.0140
105,0,7.0190,0.0310
4162,0,7.0520,0.0330
35,0,7.0650,0.0130
416,0,7.0800,0.0150
14,0,7.0980,0.0180
417,0,7.1120,0.0140
67,0,7.1300,0.0180
35,0,7.1430,0.0130
21,0,7.2510,0.1080
21,0,7.2840,0.0330
14,0,7.3020,0.0180
340,0,7.3160,0.0140
21,0,7.3310,0.0150
33,0,7.3480,0.0170
33,0,7.3620,0.0140
24,0,7.3800,0.0180
23,0,7.3930,0.0130
18,0,7.4120,0.0190
18,0,7.4420,0.0300
23,0,7.4720,0.0300
85,0,7.5190,0.0470
74,0,7.5350,0.0160
18,0,7.5490,0.0140
23,0,7.5670,0.0180
21,0,7.5980,0.0310
21,0,7.6140,0.0160
21,0,7.6280,0.0140
4,0,7.6720,0.0440
80,0,7.7190,0.0470
61,0,7.7340,0.0150
85,0,7.7500,0.0160
85,0,7.7720,0.0220
51,0,7.8010,0.0290
15,0,7.8150,0.0140
51,0,7.8470,0.0320
51,0,7.8630,0.0160
73,0,7.8780,0.0150
37,0,7.9100,0.0320
61,0,7.9260,0.0160
40,0,7.9360,0.0100
49,0,7.9370,0.0010
55,0,7.9580,0.0210
28,4,7.9690,0.0110
80,3,7.9850,0.0160
49,4,8.0000,0.0150
15,2,8.0160,0.0160
22,0,8.1130,0.0970
22,0,8.1280,0.0150
24,0,8.1760,0.0480
356,0,8.1920,0.0160
444,0,8.2070,0.0150
356,0,8.2230,0.0160
356,0,8.2720,0.0490
33,0,8.3010,0.0290
22,0,8.3160,0.0150
22,0,8.3320,0.0160
22,0,8.3470,0.0150
282,0,8.3640,0.0170
36,0,8.3780,0.0140
22,0,8.4410,0.0630
72,0,8.4570,0.0160
64,0,8.4720,0.0150
453,0,8.4890,0.0170
416,0,8.5040,0.0150
61,0,8.5500,0.0460
22,0,8.5970,0.0470
192,0,8.6450,0.0480
192,0,8.6590,0.0140
416,0,8.6870,0.0280
453,0,8.7380,0.0510
453,0,8.8000,0.0620
453,0,8.8160,0.0160
453,0,8.8480,0.0320
14,0,8.8630,0.0150
51,0,8.8790,0.0160
5125,0,8.9100,0.0310
4156,0,8.9250,0.0150
80,0,8.9410,0.0160
80,0,8.9550,0.0140
4188,0,8.9900,0.0350
4328,0,9.0190,0.0290
4211,0,9.0510,0.0320
4,0,9.0670,0.0160
4,0,9.0820,0.0150
24,0,9.0970,0.0150
4,0,9.1130,0.0160
4,0,9.1290,0.0160
4819,0,9.1600,0.0310
4802,0,9.1750,0.0150
4200,0,9.1910,0.0160
4131,0,9.2370,0.0460
4258,0,9.2850,0.0480
4212,0,9.3000,0.0150
4158,0,9.3170,0.0170
4264,0,9.3330,0.0160
4242,0,9.3620,0.0290
4251,0,9.3790,0.0170
4103,0,9.3910,0.0120
4103,0,9.4110,0.0200
4192,0,9.4240,0.0130
18,0,9.4560,0.0320
15,0,9.4720,0.0160
51,0,9.4880,0.0160
35,0,9.5030,0.0150
35,0,9.5200,0.0170
4245,0,9.5350,0.0150
4258,0,9.5810,0.0460
4258,0,9.5980,0.0170
4,0,9.6130,0.0150
4158,0,9.6290,0.0160
4264,0,9.6610,0.0320
5230,0,9.6830,0.0220
5412,0,9.7210,0.0380
4103,0,9.7380,0.0170
49,0,9.7520,0.0140
369,0,9.7690,0.0170
453,0,9.8160,0.0470
14,0,9.8750,0.0590
4110,0,9.8910,0.0160
4166,0,9.9060,0.0150
5225,0,9.9220,0.0160
4211,0,9.9380,0.0160
5292,0,9.9530,0.0150
4131,0,9.9690,0.0160
4103,0,10.0040,0.0350
4258,0,10.0180,0.0140
4,0,10.0350,0.0170
5230,0,10.0510,0.0160
5,0,10.0660,0.0150
4264,0,10.0810,0.0150
5,0,10.0980,0.0170
4158,0,10.1120,0.0140
4103,0,10.1280,0.0160
4106,0,10.1610,0.0330
4132,0,10.1760,0.0150
5,0,10.1850,0.0090
4177,0,10.1880,0.0030
4123,0,10.2030,0.0150
4106,0,10.2500,0.0470
4171,0,10.2720,0.0220
4171,0,10.2840,0.0120
4222,0,10.2990,0.0150
80,0,10.3170,0.0180
4131,0,10.3320,0.0150
4131,0,10.3470,0.0150
5292,0,10.3630,0.0160
4123,0,10.3790,0.0160
194,0,10.3940,0.0150
4177,0,10.4080,0.0140
4187,0,10.4380,0.0300
5,0,10.4540,0.0160
4097,0,10.4690,0.0150
4,0,10.4850,0.0160
4097,0,10.5150,0.0300
4163,0,10.5320,0.0170
5,0,10.5470,0.0150
4108,0,10.5620,0.0150
21,5,10.5810,0.0190
4097,0,10.5930,0.0120
5,0,10.5940,0.0010
4,5,10.5950,0.0010
4,5,10.6270,0.0320
4112,5,10.6760,0.0490
4103,5,10.6870,0.0110
85,5,10.7090,0.0220
24,5,10.7210,0.0120
24,5,10.7380,0.0170
5254,5,10.9260,0.1880
8,5,10.9420,0.0160
4162,0,10.9560,0.0140
4115,0,10.9720,0.0160
5254,5,11.0030,0.0310
5254,5,11.0660,0.0630
5254,5,11.0810,0.0150
5254,5,11.1140,0.0330
5254,5,11.1260,0.0120
5254,5,11.1410,0.0150
5254,5,11.1750,0.0340
5254,5,11.1910,0.0160
5254,5,11.2060,0.0150
39,5,11.2390,0.0330
51,5,11.2500,0.0110
30,5,11.2840,0.0340
24,5,11.3000,0.0160
60,0,11.3130,0.0130
4100,0,11.3330,0.0200
4123,0,11.3470,0.0140
4300,0,11.3650,0.0180
22,0,11.3770,0.0120
21,0,11.3950,0.0180
61,0,11.4250,0.0300
22,0,11.4720,0.0470
23,0,11.4880,0.0160
40,0,11.4980,0.0100
49,0,11.5000,0.0020
49,0,11.5170,0.0170
369,0,11.5320,0.0150
369,0,11.5480,0.0160
22,0,11.6140,0.0660
453,0,11.6300,0.0160
4151,0,11.7380,0.1080
80,0,11.7540,0.0160
54,0,11.7690,0.0150
416,0,11.8000,0.0310
340,0,11.8280,0.0280
416,0,11.8600,0.0320
453,0,11.8930,0.0330
453,0,11.9100,0.0170
453,0,11.9190,0.0090
72,0,12.0010,0.0820
416,0,12.0200,0.0190
453,0,12.0510,0.0310
416,0,12.0660,0.0150
22,0,12.0820,0.0160
15,0,12.0980,0.0160
80,0,12.2370,0.1390
15,0,12.2520,0.0150
80,0,12.3320,0.0800
80,0,12.3470,0.0150
13,0,12.3620,0.0150
15,0,12.3790,0.0170
15,0,12.4070,0.0280
15,0,12.4690,0.0620
80,0,12.4840,0.0150
15,0,12.5070,0.0230
80,0,12.5190,0.0120
14,0,12.5330,0.0140
96,0,12.5520,0.0190
61,0,12.6560,0.1040
80,0,12.6720,0.0160
18,0,12.7500,0.0780
201,0,12.7660,0.0160
297,0,12.7880,0.0220
18,0,12.7990,0.0110
33,0,12.8640,0.0650
18,0,12.8780,0.0140
18,0,12.8940,0.0160
76,0,12.9100,0.0160
25,0,12.9390,0.0290
140,0,12.9880,0.0490
33,0,13.0040,0.0160
85,0,13.0190,0.0150
61,0,13.0350,0.0160
15,0,13.0500,0.0150
35,0,13.0660,0.0160
51,0,13.0800,0.0140
17,0,13.0960,0.0160
39,0,13.1110,0.0150
17,0,13.1280,0.0170
42,0,13.1570,0.0290
340,0,13.2190,0.0620
85,0,13.2500,0.0310
15,0,13.3280,0.0780
58,0,13.3440,0.0160
15,0,13.3590,0.0150
4,0,13.3750,0.0160
25,0,13.4530,0.0780
22,0,13.4690,0.0160
4,0,13.4850,0.0160
15,0,13.5000,0.0150
51,0,13.5150,0.0150
51,0,13.5310,0.0160
4,0,13.5470,0.0160
323,0,13.5630,0.0160
4,0,13.5790,0.0160
15,0,13.5940,0.0150
215,0,13.6100,0.0160
44,0,13.6410,0.0310
15,0,13.7030,0.0620
15,0,13.7500,0.0470
15,0,13.7660,0.0160
15,0,13.8280,0.0620
13,0,13.8910,0.0630
15,0,13.9220,0.0310
15,0,13.9380,0.0160
15,0,13.9690,0.0310
13,0,14.0470,0.0780
42,0,14.0630,0.0160
13,0,14.0940,0.0310
15,0,14.1410,0.0470
30,0,14.1570,0.0160
30,0,14.1720,0.0150
15,0,14.2500,0.0780
15,0,14.2660,0.0160
15,0,14.3130,0.0470
15,0,14.3590,0.0460
15,0,14.3790,0.0200
15,0,14.3930,0.0140
