SysID,Thread ID,time,inetrval
14,0,0.2500,0.2500
80,0,0.5470,0.2970
80,0,0.5630,0.0160
80,0,0.5780,0.0150
18,0,0.6250,0.0470
18,0,0.7550,0.1300
37,0,0.9290,0.1740
55,0,0.9580,0.0290
61,0,0.9980,0.0400
51,0,1.0160,0.0180
49,0,1.1100,0.0940
80,0,1.1330,0.0230
347,0,1.1610,0.0280
80,0,1.2370,0.0760
80,0,1.3920,0.1550
15,0,1.4050,0.0130
15,0,1.4060,0.0010
76,0,1.4370,0.0310
416,0,1.4540,0.0170
453,0,1.4860,0.0320
453,0,1.5160,0.0300
453,0,1.5320,0.0160
18,0,1.6560,0.1240
453,0,1.6720,0.0160
453,0,1.7070,0.0350
24,0,1.7230,0.0160
24,0,1.8010,0.0780
80,0,1.8280,0.0270
453,0,1.8440,0.0160
453,0,1.8600,0.0160
18,0,1.8770,0.0170
51,0,2.0160,0.1390
15,0,2.0320,0.0160
51,0,2.0470,0.0150
348,0,2.0630,0.0160
24,0,2.1250,0.0620
85,0,2.1410,0.0160
17,0,2.1570,0.0160
54,0,2.2350,0.0780
340,0,2.2510,0.0160
356,0,2.3130,0.0620
453,0,2.4220,0.1090
15,0,2.4380,0.0160
38,0,2.4690,0.0310
33,0,2.4840,0.0150
15,0,2.5000,0.0160
85,0,2.5160,0.0160
33,0,2.5310,0.0150
15,0,2.5470,0.0160
15,0,2.5620,0.0150
15,0,2.5780,0.0160
293,0,2.6090,0.0310
24,0,2.7970,0.1880
15,0,2.8590,0.0620
37,0,2.9540,0.0950
354,0,2.9850,0.0310
417,0,3.0160,0.0310
18,0,3.0670,0.0510
51,0,3.0820,0.0150
369,0,3.1590,0.0770
67,2,3.1720,0.0130
55,0,3.1900,0.0180
40,0,3.2040,0.0140
49,0,3.2340,0.0300
80,0,3.2500,0.0160
61,2,3.2670,0.0170
80,0,3.2820,0.0150
80,0,3.2970,0.0150
466,0,3.3130,0.0160
49,0,3.3290,0.0160
24,0,3.3450,0.0160
466,2,3.3760,0.0310
18,0,3.3950,0.0190
24,0,3.4120,0.0170
112,0,3.4420,0.0300
112,2,3.4710,0.0290
80,0,3.4850,0.0140
15,0,3.5010,0.0160
24,0,3.5330,0.0320
112,0,3.5480,0.0150
466,0,3.5790,0.0310
55,0,3.5940,0.0150
55,0,3.5940,0.0150
15,0,3.6090,0.0150
80,2,3.6260,0.0170
466,0,3.6410,0.0150
49,0,3.6580,0.0170

49,0,3.6580,0.0170

55,2,3.6720,0.0140

55,2,3.6720,0.0140
49,0,3.6880,0.0160
49,2,3.7070,0.0190
466,2,3.7190,0.0120
80,0,3.7380,0.0190
80,4,3.7510,0.0130

112,2,3.7510,0.0130880,4,3.7510,0.0130
49,0,3.7650,0.0140
369,0,3.7910,0.0260
24,4,3.7960,0.0050
55,0,3.7970,0.0010
469,4,3.8120,0.0150
80,0,3.8300,0.0180
49,0,3.8510,0.0210
80,0,3.8590,0.0080
49,0,3.8750,0.0160
469,2,3.8910,0.0160
51,0,3.9420,0.0510
76,0,3.9560,0.0140
51,0,3.9750,0.0190
76,0,3.9890,0.0140
76,0,4.0010,0.0120
76,0,4.0270,0.0260
15,0,4.0330,0.0060
76,0,4.0510,0.0180
76,0,4.0690,0.0180
416,0,4.0830,0.0140
24,0,4.1250,0.0420
73,0,4.2700,0.1450
24,0,4.2840,0.0140
18,0,4.4060,0.1220
23,0,4.4220,0.0160
23,0,4.4540,0.0320
24,0,4.5160,0.0620
24,0,4.5320,0.0160
24,0,4.5470,0.0150
35,0,4.5620,0.0150
416,0,4.6160,0.0540
35,0,4.7080,0.0920
35,0,4.7350,0.0270
35,0,4.7550,0.0200
35,0,4.7670,0.0120
35,0,4.7850,0.0180
24,0,4.8000,0.0150
73,0,4.8160,0.0160
73,0,4.8250,0.0090
35,0,4.8750,0.0500
416,0,4.9730,0.0980
35,0,5.0560,0.0830
35,0,5.0650,0.0090
35,0,5.0870,0.0220
24,0,5.1720,0.0850
24,0,5.4430,0.2710
416,0,5.4800,0.0370
54,0,5.4870,0.0070
140,0,5.5180,0.0310
25,0,5.5400,0.0220
453,0,5.5490,0.0090
18,0,5.5720,0.0230
18,0,5.5790,0.0070
18,0,5.6060,0.0270
18,0,5.6090,0.0030
37,0,5.6340,0.0250
80,0,5.6620,0.0280
247,0,5.7660,0.1040
33,0,5.8130,0.0470
18,0,5.8280,0.0150
24,0,5.9370,0.1090
15,0,5.9530,0.0160
18,0,5.9690,0.0160
23,0,5.9840,0.0150
15,0,6.0000,0.0160
15,0,6.0150,0.0150
24,0,6.1420,0.1270
21,0,6.2190,0.0770
35,0,6.2810,0.0620
4101,0,6.2970,0.0160
4098,0,6.3130,0.0160
0,0,6.3590,0.0460
25,0,6.3750,0.0160
289,0,6.3910,0.0160
22,0,6.4060,0.0150
23,0,6.4220,0.0160
28,0,6.4530,0.0310
5349,0,6.4690,0.0160
416,0,6.4860,0.0170
416,0,6.5470,0.0610
4151,0,6.5940,0.0470
453,0,6.6090,0.0150
51,0,6.6880,0.0790
33,0,6.7030,0.0150
18,0,6.7190,0.0160
17,0,6.7340,0.0150
140,0,6.7660,0.0320
15,0,6.7810,0.0150
105,0,6.8120,0.0310
4162,0,6.8280,0.0160
35,0,6.8440,0.0160
416,0,6.8650,0.0210
35,0,6.8960,0.0310
22,0,6.9550,0.0590
23,0,6.9790,0.0240
15,0,6.9870,0.0080
35,0,7.0350,0.0480
35,0,7.0570,0.0220
444,0,7.0620,0.0050
356,0,7.0880,0.0260
35,0,7.0990,0.0110
35,0,7.1130,0.0140
356,0,7.1310,0.0180
33,0,7.1600,0.0290
22,0,7.1770,0.0170
22,0,7.1940,0.0170
22,0,7.2120,0.0180
22,0,7.2220,0.0100
282,0,7.2430,0.0210
36,0,7.2570,0.0140
289,0,7.2720,0.0150
35,0,7.2990,0.0270
22,0,7.3200,0.0210
453,0,7.3310,0.0110
453,0,7.3460,0.0150
72,0,7.3550,0.0090
72,0,7.3630,0.0080
453,0,7.3850,0.0220
453,0,7.3930,0.0080
453,0,7.4270,0.0340
416,0,7.4450,0.0180
453,0,7.4740,0.0290
416,0,7.4910,0.0170
35,0,7.5260,0.0350
192,0,7.6090,0.0830
416,0,7.6250,0.0160
453,0,7.6410,0.0160
72,0,7.6560,0.0150
51,0,7.6720,0.0160
416,0,7.6880,0.0160
453,0,7.7500,0.0620
453,0,7.9060,0.1560
453,0,7.9490,0.0430
453,0,7.9560,0.0070
453,0,7.9900,0.0340
453,0,8.0070,0.0170
35,0,8.0210,0.0140
416,0,8.0400,0.0190
453,0,8.0680,0.0280
5125,0,8.0960,0.0280
4151,0,8.1300,0.0340
416,0,8.1600,0.0300
35,0,8.1810,0.0210
35,0,8.1920,0.0110
22,0,8.2210,0.0290
453,0,8.2390,0.0180
61,0,8.2710,0.0320
51,0,8.2890,0.0180
4151,0,8.3750,0.0860
80,0,8.4010,0.0260
54,0,8.4070,0.0060
14,0,8.4410,0.0340
417,0,8.4570,0.0160
24,0,8.5190,0.0620
24,0,8.5470,0.0280
4264,0,8.6130,0.0660
4158,0,8.6280,0.0150
4158,0,8.6440,0.0160
297,0,8.6600,0.0160
54,0,8.7230,0.0630
22,0,8.7420,0.0190
23,0,8.7530,0.0110
15,0,8.7720,0.0190
72,0,8.7860,0.0140
18,0,8.8480,0.0620
15,0,8.8670,0.0190
18,0,8.8780,0.0110
88,0,8.8970,0.0190
33,0,8.9120,0.0150
33,0,8.9260,0.0140
24,0,8.9740,0.0480
33,0,9.0690,0.0950
33,0,9.0840,0.0150
15,0,9.1130,0.0290
22,0,9.1320,0.0190
453,0,9.1460,0.0140
23,0,9.1670,0.0210
60,0,9.1770,0.0100
33,0,9.2980,0.1210
121,0,9.3210,0.0230
137,0,9.3310,0.0100
140,0,9.4110,0.0800
140,0,9.6300,0.2190
140,0,9.8280,0.1980
140,0,9.8720,0.0440
354,0,9.8750,0.0030
65,0,9.9080,0.0330
80,0,9.9380,0.0300
4188,0,9.9690,0.0310
21,0,10.0000,0.0310
21,0,10.0330,0.0330
80,0,10.0820,0.0490
80,0,10.0970,0.0150
4180,0,10.1130,0.0160
80,0,10.1440,0.0310
4171,0,10.1590,0.0150
5292,0,10.1760,0.0170
4155,0,10.1910,0.0150
4137,0,10.2240,0.0330
4107,0,10.2400,0.0160
4106,0,10.2590,0.0190
80,0,10.2710,0.0120
4252,0,10.2870,0.0160
4180,0,10.3140,0.0270
4131,0,10.3440,0.0300
5052,0,10.3740,0.0300
4254,0,10.3750,0.0010
61,0,10.4080,0.0330
24,0,10.4730,0.0650
21,0,10.5640,0.0910
61,0,10.5960,0.0320
72,0,10.6130,0.0170
347,0,10.6570,0.0440
347,0,10.6790,0.0220
347,0,10.6900,0.0110
49,0,10.7040,0.0140
72,0,10.7390,0.0350
37,0,10.7550,0.0160
469,2,10.7660,0.0110
453,0,10.8030,0.0370
453,0,10.8090,0.0060
18,0,10.8140,0.0050
15,0,10.8410,0.0270
18,0,10.8450,0.0040
14,0,10.9530,0.1080
24,0,10.9910,0.0380
80,0,11.0330,0.0420
4258,0,11.0670,0.0340
4103,0,11.0960,0.0290
5,0,11.1250,0.0290
4264,0,11.1720,0.0470
4212,0,11.2030,0.0310
21,0,11.2190,0.0160
5,0,11.2340,0.0150
4103,0,11.2500,0.0160
4101,0,11.2650,0.0150
4101,0,11.2860,0.0210
5,0,11.3050,0.0190
80,0,11.3150,0.0100
33,0,11.3340,0.0190
18,0,11.3450,0.0110
23,0,11.3750,0.0300
18,0,11.4300,0.0550
4,0,11.4390,0.0090
4,0,11.4590,0.0200
24,0,11.4720,0.0130
4,0,11.4900,0.0180
4,0,11.5020,0.0120
4328,0,11.5350,0.0330
4819,0,11.5510,0.0160
4819,0,11.5820,0.0310
5,0,11.5940,0.0120
5,0,11.6120,0.0180
4212,0,11.6310,0.0190
5412,0,11.6460,0.0150
5230,0,11.6570,0.0110
4188,0,11.6800,0.0230
4211,0,11.7080,0.0280
5292,0,11.7190,0.0110
37,0,11.7500,0.0310
356,0,11.7810,0.0310
356,0,11.7970,0.0160
18,0,11.8120,0.0150
23,0,11.8280,0.0160
61,0,11.8750,0.0470
61,0,11.8910,0.0160
369,0,11.9080,0.0170
453,0,11.9570,0.0490
14,0,12.0080,0.0510
80,0,12.0170,0.0090
4100,0,12.0470,0.0300
4106,0,12.0680,0.0210
4211,0,12.0780,0.0100
5,0,12.0950,0.0170
4132,0,12.1460,0.0510
4100,0,12.1600,0.0140
21,0,12.1750,0.0150
4106,0,12.1920,0.0170
4212,0,12.2070,0.0150
4203,0,12.2230,0.0160
5382,0,12.2380,0.0150
4178,0,12.2540,0.0160
4187,0,12.2690,0.0150
4132,0,12.2830,0.0140
5,0,12.3010,0.0180
5,0,12.3140,0.0130
80,0,12.3330,0.0190
4106,0,12.3460,0.0130
5292,0,12.3640,0.0180
4247,0,12.3790,0.0150
5292,0,12.3950,0.0160
4178,0,12.4260,0.0310
4106,0,12.4410,0.0150
80,0,12.4590,0.0180
4104,0,12.4850,0.0260
4178,0,12.5080,0.0230
4107,0,12.5190,0.0110
4178,0,12.5360,0.0170
4104,0,12.5500,0.0140
4104,0,12.5660,0.0160
4131,0,12.5810,0.0150
4100,0,12.5980,0.0170
4212,0,12.6130,0.0150
4162,0,12.6440,0.0310
5,0,12.6600,0.0160
0,0,12.6770,0.0170
15,0,12.6890,0.0120
22,0,12.7070,0.0180
4212,0,12.7220,0.0150
5412,0,12.7380,0.0160
4270,0,12.7540,0.0160
4819,0,12.7680,0.0140
4178,0,12.7850,0.0170
4162,0,12.8000,0.0150
4132,0,12.8300,0.0300
4211,0,12.8480,0.0180
4200,0,12.8620,0.0140
5292,0,12.8800,0.0180
4212,0,12.8980,0.0180
18,0,12.9110,0.0130
23,0,12.9300,0.0190
85,0,12.9730,0.0430
74,0,12.9930,0.0200
40,0,13.0020,0.0090
23,0,13.0250,0.0230
4,0,13.0700,0.0450
4158,0,13.0780,0.0080
5412,0,13.1050,0.0270
4187,0,13.1110,0.0060
4162,0,13.1430,0.0320
4103,0,13.1670,0.0240
5,0,13.1700,0.0030
4103,0,13.1720,0.0020
5143,0,13.2000,0.0280
4184,0,13.2040,0.0040
4819,0,13.2300,0.0260
4173,0,13.2340,0.0040
5230,0,13.2700,0.0360
4200,0,13.2910,0.0210
4288,0,13.2970,0.0060
4250,0,13.3180,0.0210
4131,0,13.3280,0.0100
4106,0,13.3490,0.0210
15,0,13.3930,0.0440
4132,0,13.4420,0.0490
4144,0,13.4530,0.0110
4144,0,13.4830,0.0300
4132,0,13.4850,0.0020
4132,0,13.5180,0.0330
4212,0,13.5360,0.0180
5382,0,13.5510,0.0150
5412,0,13.5660,0.0150
5,0,13.5810,0.0150
5292,0,13.5980,0.0170
105,0,13.6250,0.0270
105,0,13.6410,0.0160
4110,0,13.6560,0.0150
4131,0,13.6720,0.0160
5289,0,13.6880,0.0160
24,0,13.7030,0.0150
24,0,13.7660,0.0630
24,0,13.7810,0.0150
4110,0,13.7970,0.0160
4115,0,13.8290,0.0320
4132,0,13.8610,0.0320
4144,0,13.8790,0.0180
4110,0,13.8950,0.0160
4144,0,13.9100,0.0150
4110,0,13.9260,0.0160
4110,0,13.9430,0.0170
4212,0,13.9550,0.0120
4272,0,13.9730,0.0180
4180,0,13.9900,0.0170
4106,0,14.0000,0.0100
4222,0,14.0310,0.0310
35,0,14.0470,0.0160
4226,0,14.0630,0.0160
4247,0,14.0780,0.0150
4158,0,14.1010,0.0230
4229,0,14.1100,0.0090
4205,0,14.1300,0.0200
4159,0,14.1430,0.0130
4101,0,14.1620,0.0190
51,0,14.2240,0.0620
297,0,14.2350,0.0110
51,0,14.2500,0.0150
340,0,14.2650,0.0150
51,0,14.2810,0.0160
4111,0,14.2970,0.0160
61,0,14.3210,0.0240
4110,0,14.3280,0.0070
4100,0,14.3610,0.0330
4293,0,14.3800,0.0190
4100,0,14.3950,0.0150
4100,0,14.4150,0.0200
4342,0,14.4260,0.0110
5059,0,14.4420,0.0160
5,0,14.4500,0.0080
4100,0,14.4550,0.0050
4111,0,14.4750,0.0200
4,0,14.4840,0.0090
4177,0,14.5090,0.0250
4123,0,14.5200,0.0110
5412,0,14.5380,0.0180
4115,0,14.5710,0.0330
140,0,14.6020,0.0310
140,0,14.6140,0.0120
140,0,14.6440,0.0300
140,0,14.7380,0.0940
51,0,14.7700,0.0320
22,0,14.7850,0.0150
4110,0,14.8010,0.0160
4110,0,14.8150,0.0140
4115,0,14.8300,0.0150
4110,0,14.8460,0.0160
4100,0,14.8780,0.0320
4110,0,14.8920,0.0140
4110,0,14.9410,0.0490
5,0,14.9560,0.0150
4103,0,14.9690,0.0130
14,5,39.9630,24.9940
432,5,39.9920,0.0290
417,5,40.0160,0.0240
417,5,40.0400,0.0240
469,5,40.0550,0.0150
