SysID,Thread ID,time,inetrval
14,0,0.2190,0.2190
80,0,0.5780,0.3590
80,0,0.5940,0.0160
18,0,0.6560,0.0620
18,0,0.7850,0.1290
37,0,0.9690,0.1840
55,0,0.9910,0.0220
61,0,1.0330,0.0420
51,0,1.0510,0.0180
40,0,1.0660,0.0150
49,0,1.1260,0.0600
80,0,1.1620,0.0360
347,0,1.1940,0.0320
347,0,1.2030,0.0090
80,0,1.3130,0.1100
80,0,1.4690,0.1560
15,0,1.4850,0.0160
76,0,1.5320,0.0470
416,0,1.5490,0.0170
453,0,1.5780,0.0290
453,0,1.6100,0.0320
453,0,1.6260,0.0160
18,0,1.7520,0.1260
15,0,1.7680,0.0160
453,0,1.7990,0.0310
24,0,1.8280,0.0290
24,0,1.9090,0.0810
80,0,1.9410,0.0320
453,0,1.9510,0.0100
453,0,1.9530,0.0020
18,0,1.9840,0.0310
51,0,2.1730,0.1890
15,0,2.1910,0.0180
51,0,2.2190,0.0280
24,0,2.3120,0.0930
85,0,2.3320,0.0200
17,0,2.3440,0.0120
54,0,2.4230,0.0790
356,0,2.5000,0.0770
453,0,2.6410,0.1410
15,0,2.6570,0.0160
38,0,2.6880,0.0310
297,0,2.7040,0.0160
15,0,2.7400,0.0360
85,0,2.7680,0.0280
33,0,2.7990,0.0310
15,0,2.8140,0.0150
76,0,2.8320,0.0180
85,0,2.8430,0.0110
293,0,2.9250,0.0820
24,0,3.2190,0.2940
15,0,3.3130,0.0940
37,0,3.4220,0.1090
354,0,3.4370,0.0150
173,0,3.4530,0.0160
196,0,3.4690,0.0160
417,0,3.4840,0.0150
55,0,3.5050,0.0210
49,0,3.5160,0.0110
49,0,3.5350,0.0190
80,0,3.5490,0.0140
369,0,3.5650,0.0160
15,0,3.5780,0.0130
55,0,3.6090,0.0310
1,2,3.6250,0.0160
469,2,3.6410,0.0160
80,2,3.6880,0.0470
24,0,3.7350,0.0470
18,0,3.7650,0.0300
24,0,3.7830,0.0180
112,0,3.8140,0.0310
49,0,3.8280,0.0140
28,2,3.8440,0.0160
80,0,3.8600,0.0160
469,2,3.8750,0.0150
24,0,3.8910,0.0160
40,0,3.9380,0.0470
80,0,3.9530,0.0150
15,0,3.9840,0.0310
80,0,4.0030,0.0190
49,0,4.0150,0.0120
49,0,4.0340,0.0190
49,0,4.0470,0.0130
49,0,4.0830,0.0360
80,2,4.0940,0.0110
369,0,4.1160,0.0220
80,4,4.1230,0.0070
80,2,4.1250,0.0020
18,0,4.1570,0.0320
469,3,4.1720,0.0150
24,0,4.2040,0.0320
369,0,4.2230,0.0190
51,4,4.2350,0.0120
40,4,4.2530,0.0180
49,4,4.2660,0.0130
80,4,4.2820,0.0160
18,3,4.3120,0.0300
24,4,4.3600,0.0480
466,3,4.3750,0.0150
61,3,4.4070,0.0320
51,3,4.4540,0.0470
15,4,4.5010,0.0470
80,4,4.5150,0.0140
51,0,4.5780,0.0630
76,0,4.5940,0.0160
51,0,4.6250,0.0310
76,0,4.6420,0.0170
76,0,4.6560,0.0140
76,0,4.6720,0.0160
416,0,4.6880,0.0160
24,0,4.7350,0.0470
30,0,4.7500,0.0150
24,0,4.8440,0.0940
73,0,4.8750,0.0310
73,0,4.8910,0.0160
18,0,5.0310,0.1400
23,0,5.0780,0.0470
24,0,5.1110,0.0330
24,0,5.1280,0.0170
15,0,5.1410,0.0130
35,0,5.1610,0.0200
416,0,5.2030,0.0420
416,0,5.2350,0.0320
453,0,5.2510,0.0160
453,0,5.2680,0.0170
72,0,5.2830,0.0150
51,0,5.2990,0.0160
35,0,5.3140,0.0150
453,0,5.3920,0.0780
24,0,5.4870,0.0950
453,0,5.5630,0.0760
416,0,5.5790,0.0160
453,0,5.6090,0.0300
453,0,5.6300,0.0210
35,0,5.7200,0.0900
35,0,5.7510,0.0310
35,0,5.7700,0.0190
35,0,5.7860,0.0160
24,0,5.8180,0.0320
73,0,5.8310,0.0130
35,0,5.8950,0.0640
24,0,5.9540,0.0590
416,0,5.9850,0.0310
35,0,6.0800,0.0950
35,0,6.0950,0.0150
35,0,6.1130,0.0180
24,0,6.4840,0.3710
416,0,6.5160,0.0320
80,0,6.5310,0.0150
140,0,6.5470,0.0160
25,0,6.5620,0.0150
18,0,6.5780,0.0160
18,0,6.5940,0.0160
18,0,6.6090,0.0150
18,0,6.6410,0.0320
18,0,6.6560,0.0150
37,0,6.6720,0.0160
80,0,6.7030,0.0310
247,0,6.8120,0.1090
33,0,6.8600,0.0480
18,0,6.8760,0.0160
19,0,6.9530,0.0770
18,0,6.9690,0.0160
18,0,6.9850,0.0160
15,0,7.0170,0.0320
24,0,7.0790,0.0620
35,0,7.3120,0.2330
35,0,7.3330,0.0210
37,0,7.3440,0.0110
5169,0,7.3600,0.0160
0,0,7.4080,0.0480
15,0,7.4250,0.0170
289,0,7.4390,0.0140
22,0,7.4550,0.0160
23,0,7.4860,0.0310
28,0,7.5180,0.0320
18,0,7.5320,0.0140
5349,0,7.5470,0.0150
416,0,7.6110,0.0640
35,0,7.6260,0.0150
4151,0,7.6570,0.0310
4151,0,7.6720,0.0150
453,0,7.6890,0.0170
51,0,7.7670,0.0780
74,0,7.7820,0.0150
33,0,7.7980,0.0160
18,0,7.8140,0.0160
73,0,7.8290,0.0150
140,0,7.8450,0.0160
15,0,7.8690,0.0240
105,0,7.9080,0.0390
4162,0,7.9250,0.0170
35,0,7.9430,0.0180
25,0,7.9530,0.0100
14,0,7.9750,0.0220
417,0,8.0020,0.0270
35,0,8.0200,0.0180
21,0,8.1120,0.0920
21,0,8.1270,0.0150
72,0,8.1430,0.0160
51,0,8.1880,0.0450
340,0,8.2210,0.0330
21,0,8.2370,0.0160
33,0,8.2520,0.0150
33,0,8.2680,0.0160
72,0,8.2840,0.0160
341,0,8.3010,0.0170
23,0,8.3160,0.0150
18,0,8.3320,0.0160
18,0,8.3620,0.0300
23,0,8.3910,0.0290
85,0,8.4400,0.0490
74,0,8.4570,0.0170
40,0,8.4720,0.0150
18,0,8.4870,0.0150
21,0,8.5330,0.0460
4,0,8.5520,0.0190
21,0,8.5650,0.0130
4,0,8.5970,0.0320
80,0,8.6420,0.0450
51,0,8.6590,0.0170
61,0,8.6740,0.0150
85,0,8.6900,0.0160
85,0,8.7060,0.0160
15,0,8.7210,0.0150
51,0,8.7530,0.0320
15,0,8.7650,0.0120
51,0,8.7990,0.0340
51,0,8.8140,0.0150
17,0,8.8280,0.0140
73,0,8.8290,0.0010
51,0,8.8490,0.0200
37,0,8.8790,0.0300
61,0,8.8910,0.0120
49,0,8.9060,0.0150
80,2,8.9230,0.0170
51,4,8.9390,0.0160
49,2,8.9530,0.0140
80,3,8.9690,0.0160
369,3,8.9860,0.0170
22,0,9.0970,0.1110
23,0,9.1110,0.0140
356,0,9.1890,0.0780
444,0,9.2200,0.0310
356,0,9.2670,0.0470
33,0,9.3010,0.0340
22,0,9.3160,0.0150
289,0,9.3300,0.0140
18,0,9.3460,0.0160
22,0,9.3610,0.0150
282,0,9.3760,0.0150
33,0,9.3920,0.0160
22,0,9.4550,0.0630
72,0,9.4710,0.0160
72,0,9.4850,0.0140
453,0,9.5000,0.0150
453,0,9.5190,0.0190
61,0,9.5790,0.0600
22,0,9.6260,0.0470
416,0,9.6430,0.0170
192,0,9.6730,0.0300
192,0,9.6890,0.0160
416,0,9.7040,0.0150
416,0,9.7360,0.0320
453,0,9.7670,0.0310
416,0,9.7830,0.0160
453,0,9.8760,0.0930
416,0,9.8930,0.0170
453,0,9.9070,0.0140
453,0,9.9250,0.0180
61,0,9.9530,0.0280
51,0,9.9700,0.0170
4,0,9.9860,0.0160
4,0,10.0170,0.0310
61,0,10.0810,0.0640
85,0,10.0950,0.0140
24,0,10.1110,0.0160
24,0,10.1260,0.0150
5254,0,10.3450,0.2190
5254,0,10.3910,0.0460
5254,0,10.4080,0.0170
5254,0,10.4390,0.0310
5254,0,10.4530,0.0140
5254,0,10.4880,0.0350
5254,0,10.5010,0.0130
5254,0,10.5330,0.0320
5254,0,10.5480,0.0150
5254,0,10.5790,0.0310
5254,0,10.5950,0.0160
5254,0,10.6250,0.0300
5254,0,10.6440,0.0190
5254,0,10.6750,0.0310
5254,0,10.6890,0.0140
5254,0,10.7200,0.0310
5254,0,10.7480,0.0280
5254,0,10.7660,0.0180
5254,0,10.7820,0.0160
5254,0,10.8130,0.0310
5254,0,10.8280,0.0150
5254,0,10.8590,0.0310
5254,0,10.8750,0.0160
5254,0,10.9060,0.0310
5254,0,10.9220,0.0160
5254,0,10.9380,0.0160
5254,0,10.9700,0.0320
5254,0,11.0010,0.0310
8,0,11.0200,0.0190
5254,0,11.0320,0.0120
5254,0,11.0640,0.0320
5254,0,11.0940,0.0300
5254,0,11.1100,0.0160
5254,0,11.1420,0.0320
5254,0,11.1580,0.0160
5254,0,11.1890,0.0310
5254,0,11.2190,0.0300
5254,0,11.2360,0.0170
5254,0,11.2670,0.0310
5254,0,11.2980,0.0310
5254,0,11.3130,0.0150
5254,0,11.3460,0.0330
5254,0,11.3760,0.0300
5254,0,11.3940,0.0180
5254,0,11.4230,0.0290
5254,0,11.4540,0.0310
5254,0,11.4690,0.0150
5254,0,11.5020,0.0330
5254,0,11.5340,0.0320
5254,0,11.5470,0.0130
5254,0,11.5790,0.0320
5254,0,11.6100,0.0310
5254,0,11.6260,0.0160
5254,0,11.6570,0.0310
5254,0,11.6740,0.0170
5254,0,11.7030,0.0290
5254,0,11.7190,0.0160
5254,0,11.7660,0.0470
5254,0,11.7820,0.0160
5254,0,11.7980,0.0160
5254,0,11.8280,0.0300
5254,0,11.8590,0.0310
5254,0,11.9380,0.0790
5254,0,11.9690,0.0310
5254,0,11.9850,0.0160
5254,0,12.0200,0.0350
5254,0,12.0470,0.0270
5254,0,12.0630,0.0160
5254,0,12.0940,0.0310
5254,0,12.1090,0.0150
5254,0,12.1410,0.0320
5254,0,12.1560,0.0150
5254,0,12.1880,0.0320
5254,0,12.2030,0.0150
5254,0,12.2190,0.0160
5254,0,12.2520,0.0330
5254,0,12.2650,0.0130
5254,0,12.2830,0.0180
5254,0,12.3130,0.0300
5254,0,12.3300,0.0170
5254,0,12.3440,0.0140
5254,0,12.3770,0.0330
5254,0,12.3920,0.0150
5254,0,12.4230,0.0310
5254,0,12.4550,0.0320
5254,0,12.4700,0.0150
5254,0,12.5010,0.0310
5254,0,12.5310,0.0300
5254,0,12.5470,0.0160
5254,0,12.5780,0.0310
5254,0,12.6100,0.0320
5254,0,12.6400,0.0300
5254,0,12.6560,0.0160
5254,0,12.6880,0.0320
5254,0,12.7030,0.0150
5254,0,12.7340,0.0310
5254,0,12.7500,0.0160
5254,0,12.7810,0.0310
5254,0,12.7970,0.0160
5254,0,12.8280,0.0310
5254,0,12.8630,0.0350
5254,0,12.8770,0.0140
5254,0,12.9080,0.0310
5254,0,12.9220,0.0140
5254,0,12.9530,0.0310
5254,0,12.9850,0.0320
5254,0,13.0000,0.0150
5254,0,13.0310,0.0310
5254,0,13.0470,0.0160
5254,0,13.0770,0.0300
5254,0,13.0940,0.0170
5254,0,13.1250,0.0310
5254,0,13.1580,0.0330
8,0,13.1690,0.0110
5254,0,13.1870,0.0180
5254,0,13.2190,0.0320
5254,0,13.2500,0.0310
5254,0,13.2810,0.0310
5254,0,13.2970,0.0160
5254,0,13.3280,0.0310
5254,0,13.3650,0.0370
5254,0,13.3910,0.0260
5254,0,13.4220,0.0310
5254,0,13.4370,0.0150
5254,0,13.4680,0.0310
5254,0,13.5000,0.0320
5254,0,13.5310,0.0310
5254,0,13.5620,0.0310
5254,0,13.5780,0.0160
5254,0,13.6120,0.0340
5254,0,13.6570,0.0450
5254,0,13.6730,0.0160
5254,0,13.7040,0.0310
5254,0,13.7360,0.0320
5254,0,13.7660,0.0300
5254,0,13.7980,0.0320
5254,0,13.8130,0.0150
5254,0,13.8440,0.0310
5254,0,13.8760,0.0320
5254,0,13.9070,0.0310
5254,0,13.9380,0.0310
5254,0,13.9540,0.0160
5254,0,13.9850,0.0310
5254,0,14.0010,0.0160
5254,0,14.0170,0.0160
5254,0,14.0360,0.0190
5254,0,14.0670,0.0310
5254,0,14.0960,0.0290
5254,0,14.1210,0.0250
5254,0,14.1430,0.0220
5254,0,14.1720,0.0290
5254,0,14.2050,0.0330
5254,0,14.2200,0.0150
5254,0,14.2510,0.0310
5254,0,14.2660,0.0150
5254,0,14.2980,0.0320
5254,0,14.3300,0.0320
5254,0,14.3620,0.0320
5254,0,14.3920,0.0300
5254,0,14.4070,0.0150
5254,0,14.4380,0.0310
5254,0,14.4540,0.0160
5254,0,14.4850,0.0310
5254,0,14.5030,0.0180
5254,0,14.5160,0.0130
5254,0,14.5350,0.0190
5254,0,14.5550,0.0200
5254,0,14.5790,0.0240
5254,0,14.5950,0.0160
5254,0,14.6250,0.0300
5254,0,14.6420,0.0170
5254,0,14.6570,0.0150
5254,0,14.6720,0.0150
5254,0,14.7050,0.0330
5254,0,14.7210,0.0160
5254,0,14.7350,0.0140
5254,0,14.7510,0.0160
5254,0,14.7670,0.0160
5254,0,14.7970,0.0300
5254,0,14.8250,0.0280
5254,0,14.8440,0.0190
5254,0,14.8600,0.0160
5254,0,14.8750,0.0150
5254,0,14.8900,0.0150
5254,0,14.9220,0.0320
5254,0,14.9380,0.0160
5254,0,14.9530,0.0150
5254,0,14.9690,0.0160
5254,0,15.0020,0.0330
5254,0,15.0200,0.0180
5254,0,15.0320,0.0120
5254,0,15.0650,0.0330
5254,0,15.0950,0.0300
5254,0,15.1130,0.0180
5254,0,15.1270,0.0140
5254,0,15.1430,0.0160
5254,0,15.1600,0.0170
5254,0,15.1740,0.0140
5254,0,15.2040,0.0300
5254,0,15.2380,0.0340
5254,0,15.2660,0.0280
5254,0,15.2890,0.0230
5254,0,15.3160,0.0270
5254,0,15.3320,0.0160
5254,0,15.3630,0.0310
5254,0,15.3950,0.0320
39,0,15.4400,0.0450
30,0,15.4560,0.0160
30,0,15.4880,0.0320
22,0,15.5050,0.0170
23,0,15.5160,0.0110
24,0,15.5820,0.0660
22,0,15.6280,0.0460
23,0,15.6480,0.0200
51,0,15.6560,0.0080
80,4,15.6750,0.0190
49,0,15.6880,0.0130
49,0,15.7060,0.0180
49,0,15.7060,0.0180
80,3,15.7180,0.0120
22,0,15.7840,0.0660
453,0,15.8000,0.0160
4151,0,15.9260,0.1260
80,0,15.9410,0.0150
54,0,15.9560,0.0150
416,0,15.9730,0.0170
85,0,15.9890,0.0160
340,0,16.0040,0.0150
416,0,16.0340,0.0300
453,0,16.0820,0.0480
453,0,16.0960,0.0140
72,0,16.1920,0.0960
72,0,16.2060,0.0140
416,0,16.2210,0.0150
453,0,16.2540,0.0330
416,0,16.2670,0.0130
22,0,16.2850,0.0180
15,0,16.2980,0.0130
80,0,16.4540,0.1560
15,0,16.4690,0.0150
80,0,16.5630,0.0940
42,0,16.5790,0.0160
91,0,16.5960,0.0170
15,0,16.6110,0.0150
15,0,16.6440,0.0330
15,0,16.7200,0.0760
80,0,16.7380,0.0180
4275,0,16.7530,0.0150
15,0,16.7660,0.0130
80,0,16.7820,0.0160
14,0,16.7970,0.0150
96,0,16.8320,0.0350
61,0,16.9370,0.1050
61,0,16.9550,0.0180
80,0,16.9690,0.0140
18,0,17.0640,0.0950
201,0,17.0790,0.0150
18,0,17.1290,0.0500
33,0,17.1410,0.0120
453,0,17.1700,0.0290
33,0,17.2340,0.0640
18,0,17.2510,0.0170
33,0,17.2660,0.0150
76,0,17.2840,0.0180
25,0,17.3280,0.0440
73,0,17.3440,0.0160
140,0,17.3750,0.0310
340,0,17.4700,0.0950
85,0,17.5000,0.0300
15,0,17.5960,0.0960
58,0,17.6100,0.0140
15,0,17.6410,0.0310
4,0,17.6720,0.0310
