SysID,Thread ID,time,inetrval
14,0,0.2270,0.2270
80,0,0.5300,0.3030
80,0,0.5460,0.0160
80,0,0.5610,0.0150
18,0,0.6240,0.0630
18,0,0.7330,0.1090
37,0,0.9210,0.1880
55,0,0.9520,0.0310
61,0,0.9750,0.0230
51,0,1.0020,0.0270
49,0,1.0770,0.0750
80,0,1.1080,0.0310
347,0,1.1310,0.0230
80,0,1.2210,0.0900
80,0,1.3590,0.1380
15,0,1.3740,0.0150
76,0,1.4220,0.0480
416,0,1.4520,0.0300
453,0,1.4880,0.0360
453,0,1.5300,0.0420
453,0,1.5480,0.0180
18,0,1.6710,0.1230
15,0,1.6860,0.0150
453,0,1.7030,0.0170
453,0,1.7180,0.0150
24,0,1.7340,0.0160
24,0,1.8270,0.0930
80,0,1.8590,0.0320
453,0,1.8790,0.0200
453,0,1.8900,0.0110
18,0,1.9110,0.0210
23,0,1.9200,0.0090
15,0,1.9210,0.0010
51,0,2.0460,0.1250
348,0,2.0610,0.0150
51,0,2.0930,0.0320
24,0,2.1880,0.0950
85,0,2.2180,0.0300
17,0,2.2330,0.0150
54,0,2.3030,0.0700
340,0,2.3120,0.0090
356,0,2.3900,0.0780
453,0,2.4880,0.0980
15,0,2.5150,0.0270
297,0,2.5460,0.0310
85,0,2.5770,0.0310
33,0,2.6080,0.0310
76,0,2.6310,0.0230
85,0,2.6400,0.0090
293,0,2.7000,0.0600
24,0,2.8930,0.1930
15,0,2.9520,0.0590
37,0,3.0480,0.0960
354,0,3.0660,0.0180
173,0,3.0780,0.0120
196,0,3.0980,0.0200
80,0,3.1120,0.0140
55,0,3.1260,0.0140
49,0,3.1400,0.0140
49,0,3.1590,0.0190
369,0,3.1920,0.0330
67,2,3.2190,0.0270
49,0,3.2330,0.0140
80,0,3.2490,0.0160
40,0,3.2650,0.0160
24,2,3.2810,0.0160
49,0,3.2960,0.0150
80,0,3.3120,0.0160
24,2,3.3290,0.0170
466,0,3.3440,0.0150
112,2,3.3760,0.0320
369,0,3.4380,0.0620
80,2,3.4520,0.0140
466,2,3.4680,0.0160
112,0,3.4840,0.0160
28,2,3.5000,0.0160
466,3,3.5310,0.0310
469,2,3.5450,0.0140
24,3,3.5620,0.0170
40,0,3.5930,0.0310
49,0,3.6090,0.0160
15,0,3.6270,0.0180
466,2,3.6400,0.0130
466,3,3.6550,0.0150
369,0,3.6720,0.0170
55,0,3.6860,0.0140
49,0,3.7030,0.0170
80,0,3.7210,0.0180
49,0,3.7330,0.0120
49,0,3.7540,0.0210
49,0,3.7650,0.0110
80,2,3.7850,0.0200
49,0,3.7960,0.0110
15,0,3.8160,0.0200
14,3,3.8420,0.0260
18,0,3.8580,0.0160
51,0,3.8890,0.0310
24,0,3.9220,0.0330
369,0,3.9360,0.0140
51,3,3.9520,0.0160
74,3,3.9690,0.017074,3,3.9690,0.0170
40,3,3.9830,0.0140
80,3,4.0010,0.0180
80,3,4.0150,0.0140
18,2,4.0350,0.0200
369,3,4.1080,0.0730
15,3,4.1240,0.0160
80,4,4.1420,0.0180
80,4,4.1560,0.0140
51,0,4.2060,0.0500
76,0,4.2190,0.0130
51,0,4.2530,0.0340
76,0,4.2680,0.0150
76,0,4.2840,0.0160
76,0,4.2990,0.0150
416,0,4.3160,0.0170
24,0,4.3620,0.0460
73,0,4.5460,0.1840
73,0,4.5620,0.0160
18,0,4.7070,0.1450
23,0,4.7140,0.0070
23,0,4.7350,0.0210
24,0,4.7660,0.0310
24,0,4.7840,0.0180
24,0,4.7960,0.0120
35,0,4.8170,0.0210
416,0,4.8610,0.0440
416,0,4.8780,0.0170
453,0,4.8930,0.0150
25,0,4.9080,0.0150
72,0,4.9230,0.0150
51,0,4.9390,0.0160
35,0,4.9560,0.0170
416,0,4.9650,0.0090
453,0,5.0470,0.0820
24,0,5.1400,0.0930
453,0,5.2210,0.0810
453,0,5.2660,0.0450
453,0,5.2830,0.0170
35,0,5.3910,0.1080
35,0,5.4250,0.0340
35,0,5.4430,0.0180
35,0,5.4520,0.0090
24,0,5.4840,0.0320
73,0,5.5100,0.0260
73,0,5.5150,0.0050
35,0,5.5780,0.0630
24,0,5.6320,0.0540
24,0,5.6420,0.0100
416,0,5.6750,0.0330
35,0,5.7650,0.0900
35,0,5.7800,0.0150
35,0,5.7960,0.0160
416,0,6.1740,0.3780
54,0,6.2060,0.0320
140,0,6.2250,0.0190
25,0,6.2540,0.0290
453,0,6.2700,0.0160
18,0,6.2860,0.0160
18,0,6.3190,0.0330
18,0,6.3310,0.0120
37,0,6.3550,0.0240
24,0,6.3580,0.0030
80,0,6.3820,0.0240
247,0,6.4860,0.1040
33,0,6.5340,0.0480
18,0,6.5480,0.0140
19,0,6.6100,0.0620
15,0,6.6250,0.0150
18,0,6.6440,0.0190
15,0,6.6590,0.0150
15,0,6.6730,0.0140
35,0,6.9560,0.2830
4101,0,6.9700,0.0140
4224,0,6.9880,0.0180
66,0,7.0040,0.0160
0,0,7.0340,0.0300
15,0,7.0490,0.0150
289,0,7.0650,0.0160
22,0,7.0810,0.0160
289,0,7.0960,0.0150
23,0,7.1110,0.0150
28,0,7.1270,0.0160
15,0,7.1420,0.0150
5349,0,7.1750,0.0330
416,0,7.2370,0.0620
416,0,7.2530,0.0160
4151,0,7.2830,0.0300
453,0,7.2990,0.0160
51,0,7.3900,0.0910
33,0,7.4070,0.0170
18,0,7.4240,0.0170
17,0,7.4400,0.0160
73,0,7.4540,0.0140
140,0,7.4700,0.0160
15,0,7.4860,0.0160
105,0,7.5170,0.0310
4162,0,7.5490,0.0320
35,0,7.5660,0.0170
14,0,7.5970,0.0310
417,0,7.6200,0.0230
14,0,7.6220,0.0020
450,0,7.6240,0.0020
24,0,7.6530,0.0290
21,0,7.7370,0.0840
21,0,7.7500,0.0130
72,0,7.7660,0.0160
51,0,7.8280,0.0620
340,0,7.8450,0.0170
21,0,7.8590,0.0140
33,0,7.8750,0.0160
33,0,7.8910,0.0160
72,0,7.9080,0.0170
341,0,7.9240,0.0160
23,0,7.9380,0.0140
18,0,7.9710,0.0330
23,0,7.9920,0.0210
23,0,8.0240,0.0320
85,0,8.0610,0.0370
40,0,8.0930,0.0320
23,0,8.1180,0.0250
21,0,8.1550,0.0370
21,0,8.1870,0.0320
4,0,8.2390,0.0520
80,0,8.2800,0.0410
51,0,8.2990,0.0190
61,0,8.3140,0.0150
85,0,8.3300,0.0160
85,0,8.3450,0.0150
51,0,8.3910,0.0460
51,0,8.4350,0.0440
73,0,8.4360,0.0010
73,0,8.4680,0.0320
37,0,8.4990,0.0310
61,0,8.5230,0.0240
40,0,8.5280,0.0050
49,0,8.5300,0.0020
369,0,8.5490,0.0190
49,0,8.5630,0.0140
80,4,8.5750,0.0120
49,2,8.5770,0.0020
40,3,8.5930,0.0160
466,3,8.6080,0.0150

netrval
         
466,3,8.6080,0.0150

netrval
         
22,0,8.7020,0.0940
23,0,8.7290,0.0270
22,0,8.7350,0.0060
356,0,8.7970,0.0620
444,0,8.8300,0.0330
356,0,8.8920,0.0620
33,0,8.9220,0.0300
22,0,8.9410,0.0190
289,0,8.9550,0.0140
22,0,8.9770,0.0220
22,0,8.9870,0.0100
36,0,9.0040,0.0170
22,0,9.0190,0.0150
22,0,9.0810,0.0620
72,0,9.0980,0.0170
64,0,9.1190,0.0210
453,0,9.1270,0.0080
416,0,9.1490,0.0220
61,0,9.1900,0.0410
51,0,9.2080,0.0180
22,0,9.2600,0.0520
416,0,9.2670,0.0070
192,0,9.3010,0.0340
192,0,9.3190,0.0180
416,0,9.3300,0.0110
416,0,9.3640,0.0340
453,0,9.3930,0.0290
416,0,9.4110,0.0180
453,0,9.4690,0.0580
416,0,9.5000,0.0310
453,0,9.5200,0.0200
14,0,9.5350,0.0150
61,0,9.5510,0.0160
21,0,9.5670,0.0160
5125,0,9.5840,0.0170
4156,0,9.5970,0.0130
80,0,9.6120,0.0150
80,0,9.6300,0.0180
4188,0,9.6600,0.0300
4328,0,9.7040,0.0440
24,0,9.7220,0.0180
4211,0,9.7400,0.0180
4,0,9.7500,0.0100
4,0,9.7710,0.0210
24,0,9.8000,0.0290
4,0,9.8180,0.0180
4,0,9.8290,0.0110
4,0,9.8420,0.0130
4819,0,9.8760,0.0340
4200,0,9.9080,0.0320
4131,0,9.9610,0.0530
4258,0,10.0220,0.0610
4212,0,10.0300,0.0080
4158,0,10.0510,0.0210
4264,0,10.0630,0.0120
4242,0,10.0930,0.0300
4251,0,10.1160,0.0230
4103,0,10.1260,0.0100
5,0,10.1430,0.0170
4103,0,10.1560,0.0130
18,0,10.2130,0.0570
23,0,10.2190,0.0060
74,0,10.2410,0.0220
35,0,10.2500,0.0090
35,0,10.2720,0.0220
4101,0,10.2850,0.0130
4258,0,10.3300,0.0450
4212,0,10.3520,0.0220
4258,0,10.3620,0.0100
4,0,10.3780,0.0160
4158,0,10.3900,0.0120
4264,0,10.4210,0.0310
5230,0,10.4390,0.0180
5412,0,10.4860,0.0470
4103,0,10.5020,0.0160
37,0,10.5160,0.0140
49,0,10.5300,0.0140
453,0,10.5770,0.0470
14,0,10.6470,0.0700
80,0,10.6590,0.0120
4110,0,10.6730,0.0140
4166,0,10.6920,0.0190
5230,0,10.7040,0.0120
5382,0,10.7200,0.0160
5292,0,10.7500,0.0300
4131,0,10.7820,0.0320
4103,0,10.8270,0.0450
4258,0,10.8580,0.0310
4,0,10.8790,0.0210
4103,0,10.8960,0.0170
4258,0,10.9140,0.0180
4,0,10.9240,0.0100
4162,0,10.9390,0.0150
5,0,10.9570,0.0180
4212,0,10.9680,0.0110
5412,0,11.0010,0.0330
4106,0,11.0610,0.0600
5,0,11.0770,0.0160
4123,0,11.1090,0.0320
4106,0,11.1700,0.0610
80,0,11.1900,0.0200
4107,0,11.2050,0.0150
4222,0,11.2330,0.0280
80,0,11.2520,0.0190
80,0,11.2720,0.0200
4107,0,11.2850,0.0130
5292,0,11.3030,0.0180
4100,0,11.3160,0.0130
4123,0,11.3360,0.0200
4103,0,11.3460,0.0100
194,0,11.3740,0.0280
4177,0,11.3910,0.0170
4187,0,11.4370,0.0460
5,0,11.4520,0.0150
4097,0,11.4840,0.0320
4,0,11.4990,0.0150
14,5,11.5150,0.0160
4097,0,11.5460,0.0310
5292,0,11.5680,0.0220
4097,0,11.5810,0.0130
4,5,11.5950,0.0140
4,5,11.6430,0.0480
4112,5,11.7180,0.0750
61,5,11.7440,0.0260
4,5,11.7520,0.0080
24,5,11.7800,0.0280
24,5,11.8140,0.0340
5254,5,12.0620,0.2480
8,5,12.0780,0.0160
39,5,12.1240,0.0460
4112,5,12.1420,0.0180
4162,0,12.1570,0.0150
5254,5,12.1900,0.0330
5254,5,12.2190,0.0290
30,5,12.2360,0.0170
30,5,12.2520,0.0160
4103,5,12.2690,0.0170
60,0,12.2830,0.0140
4096,0,12.2990,0.0160
4100,0,12.3080,0.0090
4132,0,12.3110,0.0030
5412,0,12.3350,0.0240
4251,0,12.3480,0.0130
23,0,12.3660,0.0180
21,0,12.3770,0.0110
61,0,12.4050,0.0280
22,0,12.4690,0.0640
23,0,12.4840,0.0150
40,0,12.4970,0.0130
49,0,12.4990,0.0020
80,3,12.5160,0.0170
49,0,12.5300,0.0140
80,4,12.5460,0.0160
80,0,12.5640,0.0180
22,0,12.6400,0.0760
4151,0,12.7840,0.1440
80,0,12.7970,0.0130
25,0,12.8130,0.0160
416,0,12.8290,0.0160
85,0,12.8450,0.0160
340,0,12.8760,0.0310
416,0,12.9210,0.0450
453,0,12.9690,0.0480
453,0,12.9850,0.0160
72,0,13.0810,0.0960
180,0,13.0950,0.0140
54,0,13.1080,0.0130
453,0,13.1550,0.0470
22,0,13.1860,0.0310
14,0,13.2040,0.0180
80,0,13.3620,0.1580
15,0,13.3800,0.0180
15,0,13.3890,0.0090
80,0,13.5030,0.1140
13,0,13.5160,0.0130
91,0,13.5400,0.0240
15,0,13.5460,0.0060
15,0,13.5780,0.0320
15,0,13.6600,0.0820
80,0,13.6710,0.0110
4275,0,13.6870,0.0160
80,0,13.7180,0.0310
96,0,13.7340,0.0160
15,0,13.7500,0.0160
61,0,13.8420,0.0920
61,0,13.8730,0.0310
80,0,13.8740,0.0010
18,0,13.9700,0.0960
18,0,13.9870,0.0170
297,0,14.0050,0.0180
18,0,14.0190,0.0140
33,0,14.0980,0.0790
23,0,14.1110,0.0130
18,0,14.1280,0.0170
25,0,14.1790,0.0510
73,0,14.1900,0.0110
140,0,14.2180,0.0280
33,0,14.2340,0.0160
85,0,14.2500,0.0160
61,0,14.2660,0.0160
85,0,14.2810,0.0150
35,0,14.3130,0.0320
17,0,14.3480,0.0350
42,0,14.3780,0.0300
340,0,14.4360,0.0580
85,0,14.4830,0.0470
15,0,14.5620,0.0790
58,0,14.5770,0.0150
15,0,14.5930,0.0160
4,0,14.6090,0.0160
