SysID,Thread ID,time,inetrval
14,0,0.2300,0.2300
80,0,0.5350,0.3050
80,0,0.5520,0.0170
80,0,0.5630,0.0110
18,0,0.6260,0.0630
18,0,0.7190,0.0930
15,0,0.7410,0.0220
37,0,0.9220,0.1810
55,0,0.9530,0.0310
61,0,0.9850,0.0320
51,0,1.0000,0.0150
40,0,1.0160,0.0160
49,0,1.0810,0.0650
80,0,1.1010,0.0200
80,0,1.1090,0.0080
347,0,1.1390,0.0300
80,0,1.2280,0.0890
80,0,1.3750,0.1470
15,0,1.3910,0.0160
76,0,1.4220,0.0310
416,0,1.4530,0.0310
453,0,1.4700,0.0170
453,0,1.5170,0.0470
453,0,1.5330,0.0160
18,0,1.6560,0.1230
453,0,1.6730,0.0170
453,0,1.7050,0.0320
24,0,1.7210,0.0160
24,0,1.8140,0.0930
80,0,1.8450,0.0310
80,0,1.8600,0.0150
453,0,1.8760,0.0160
18,0,1.9070,0.0310
51,0,2.0630,0.1560
15,0,2.0780,0.0150
51,0,2.0940,0.0160
348,0,2.1100,0.0160
24,0,2.2200,0.1100
85,0,2.2510,0.0310
17,0,2.2660,0.0150
40,0,2.2820,0.0160
54,0,2.3940,0.1120
340,0,2.4090,0.0150
356,0,2.4700,0.0610
453,0,2.5970,0.1270
15,0,2.6110,0.0140
38,0,2.6420,0.0310
15,0,2.6770,0.0350
85,0,2.6900,0.0130
33,0,2.7190,0.0290
15,0,2.7370,0.0180
15,0,2.7490,0.0120
85,0,2.7500,0.0010
15,0,2.7660,0.0160
293,0,2.8130,0.0470
24,0,3.0170,0.2040
15,0,3.0790,0.0620
37,0,3.1880,0.1090
354,0,3.2030,0.0150
196,0,3.2190,0.0160
196,0,3.2370,0.0180
417,0,3.2510,0.0140
80,0,3.2670,0.0160
55,0,3.2820,0.0150
49,0,3.3290,0.0470
369,0,3.3440,0.0150
67,2,3.3660,0.0220
15,0,3.3770,0.0110
49,0,3.4070,0.0300
80,0,3.4220,0.0150
80,0,3.4690,0.0470
40,0,3.5010,0.0320
24,2,3.5470,0.0460
80,0,3.5630,0.0160
24,2,3.5780,0.0150
466,0,3.5950,0.0170
112,2,3.6250,0.0300
28,2,3.6390,0.0140
14,2,3.6410,0.0020
469,2,3.6570,0.0160
369,0,3.6810,0.0240
14,2,3.6850,0.0040
55,0,3.6880,0.0030
80,2,3.7060,0.0180
14,2,3.7190,0.0130
40,0,3.7500,0.0310
49,0,3.7710,0.0210
369,0,3.7870,0.0160
15,0,3.8050,0.0180
55,0,3.8090,0.0040
49,0,3.8130,0.0040
49,0,3.8460,0.0330
55,0,3.8780,0.0320
40,0,3.8870,0.0090
80,2,3.8910,0.0040
49,0,3.9060,0.0150
80,2,3.9500,0.0440
55,0,3.9530,0.0030
49,0,3.9850,0.0320
24,3,4.0020,0.0170
80,2,4.0320,0.0300
18,0,4.0480,0.0160
14,2,4.0630,0.0150
51,0,4.0800,0.0170
24,0,4.0960,0.0160
369,0,4.1260,0.0300
4,0,4.1450,0.0190
49,2,4.1580,0.0130
80,3,4.1720,0.0140
51,0,4.2350,0.0630
51,0,4.2670,0.0320
76,0,4.2910,0.0240
76,0,4.3000,0.0090
76,0,4.3210,0.0210
76,0,4.3330,0.0120
416,0,4.3630,0.0300
24,0,4.3930,0.0300
24,0,4.4110,0.0180
73,0,4.5470,0.1360
18,0,4.7830,0.2360
23,0,4.8140,0.0310
24,0,4.8600,0.0460
24,0,4.8750,0.0150
35,0,4.8910,0.0160
416,0,4.9530,0.0620
35,0,5.0370,0.0840
35,0,5.0530,0.0160
35,0,5.0630,0.0100
35,0,5.0940,0.0310
35,0,5.1170,0.0230
35,0,5.1250,0.0080
24,0,5.1500,0.0250
73,0,5.1600,0.0100
35,0,5.2230,0.0630
24,0,5.2860,0.0630
416,0,5.3280,0.0420
416,0,5.3510,0.0230
35,0,5.3920,0.0410
289,0,5.5160,0.1240
22,0,5.5500,0.0340
23,0,5.5860,0.0360
28,0,5.5960,0.0100
35,0,5.6630,0.0670
35,0,5.6920,0.0290
444,0,5.7240,0.0320
356,0,5.7340,0.0100
35,0,5.7510,0.0170
356,0,5.7970,0.0460
33,0,5.8290,0.0320
22,0,5.8600,0.0310
22,0,5.8750,0.0150
22,0,5.8910,0.0160
22,0,5.9070,0.0160
282,0,5.9220,0.0150
36,0,5.9530,0.0310
22,0,5.9690,0.0160
35,0,6.0470,0.0780
453,0,6.0630,0.0160
72,0,6.0850,0.0220
72,0,6.0940,0.0090
64,0,6.1090,0.0150
453,0,6.1100,0.0010
453,0,6.1250,0.0150
416,0,6.1410,0.0160
35,0,6.1880,0.0470
35,0,6.2030,0.0150
35,0,6.2190,0.0160
24,0,6.4530,0.2340
416,0,6.6410,0.1880
54,0,6.6560,0.0150
140,0,6.6720,0.0160
25,0,6.7030,0.0310
453,0,6.7190,0.0160
18,0,6.7350,0.0160
18,0,6.7660,0.0310
18,0,6.7810,0.0150
4834,0,6.7970,0.0160
80,0,6.8290,0.0320
51,0,6.9530,0.1240
35,0,7.0180,0.0650
4101,0,7.0410,0.0230
37,0,7.0490,0.0080
297,0,7.0670,0.0180
0,0,7.1130,0.0460
25,0,7.1310,0.0180
15,0,7.1470,0.0160
5349,0,7.1800,0.0330
24,0,7.2120,0.0320
416,0,7.2410,0.0290
35,0,7.2730,0.0320
35,0,7.2870,0.0140
22,0,7.3200,0.0330
453,0,7.3340,0.0140
61,0,7.3760,0.0420
42,0,7.3990,0.0230
4151,0,7.4950,0.0960
80,0,7.5000,0.0050
54,0,7.5210,0.0210
54,0,7.5350,0.0140
416,0,7.5530,0.0180
4151,0,7.5820,0.0290
4151,0,7.5940,0.0120
453,0,7.6080,0.0140
247,0,7.6750,0.0670
33,0,7.7350,0.0600
18,0,7.7510,0.0160
19,0,7.8300,0.0790
18,0,7.8480,0.0180
23,0,7.8650,0.0170
15,0,7.8820,0.0170
18,0,7.8960,0.0140
51,0,8.1430,0.2470
33,0,8.1630,0.0200
18,0,8.1760,0.0130
73,0,8.1990,0.0230
140,0,8.2270,0.0280
15,0,8.2370,0.0100
105,0,8.2660,0.0290
4151,0,8.2920,0.0260
4162,0,8.2980,0.0060
35,0,8.3290,0.0310
417,0,8.3490,0.0200
14,0,8.3630,0.0140
356,0,8.3920,0.0290
356,0,8.4220,0.0300
18,0,8.4730,0.0510
61,0,8.5320,0.0590
61,0,8.5470,0.0150
51,0,8.5640,0.0170
76,0,8.5850,0.0210
37,0,8.6230,0.0380
61,0,8.6260,0.0030
453,0,8.6970,0.0710
24,0,8.7030,0.0060
14,0,8.7410,0.0380
24,0,8.8070,0.0660
30,0,8.8750,0.0680
14,0,8.9610,0.0860
5125,0,9.0090,0.0480
4158,0,9.0210,0.0120
80,0,9.1730,0.1520
4272,0,9.1980,0.0250
4180,0,9.2050,0.0070
80,0,9.2350,0.0300
4106,0,9.2570,0.0220
5292,0,9.2730,0.0160
4248,0,9.2870,0.0140
4149,0,9.3010,0.0140
4137,0,9.3180,0.0170
4107,0,9.3330,0.0150
4106,0,9.3470,0.0140
80,0,9.3680,0.0210
4252,0,9.3790,0.0110
4178,0,9.3980,0.0190
4104,0,9.4110,0.0130
80,0,9.4330,0.0220
4131,0,9.4390,0.0060
5052,0,9.4590,0.0200
24,0,9.4760,0.0170
4158,0,9.5090,0.0330
4264,0,9.5500,0.0410
4264,0,9.5710,0.0210
4264,0,9.5810,0.0100
61,0,9.6110,0.0300
347,0,9.6250,0.0140
347,0,9.6790,0.0540
347,0,9.7180,0.0390
347,0,9.7190,0.0010
49,0,9.7380,0.0190
14,0,9.7510,0.0130
72,0,9.7710,0.0200
37,0,9.7840,0.0130
4,0,9.7960,0.0120
25,0,9.7970,0.0010
453,0,9.8240,0.0270
18,0,9.8290,0.0050
23,0,9.8470,0.0180
7,0,9.8680,0.0210
14,0,9.9560,0.0880
24,0,10.0090,0.0530
80,0,10.0740,0.0650
4264,0,10.0800,0.0060
4258,0,10.1050,0.0250
4212,0,10.1120,0.0070
4103,0,10.1440,0.0320
5,0,10.1620,0.0180
5,0,10.1710,0.0090
37,0,10.2030,0.0320
61,0,10.2330,0.0300
76,0,10.2350,0.0020
4112,0,10.2660,0.0310
4353,0,10.2970,0.0310
4188,0,10.3290,0.0320
4328,0,10.3500,0.0210
4211,0,10.3810,0.0310
33,0,10.3930,0.0120
33,0,10.4120,0.0190
72,0,10.4380,0.0260
23,0,10.4640,0.0260
23,0,10.4720,0.0080
18,0,10.5050,0.0330
15,0,10.5400,0.0350
4,0,10.5640,0.0240
24,0,10.5820,0.0180
24,0,10.5980,0.0160
4,0,10.6120,0.0140
4,0,10.6270,0.0150
4819,0,10.6570,0.0300
4802,0,10.6720,0.0150
4200,0,10.6880,0.0160
80,0,10.7220,0.0340
4156,0,10.7500,0.0280
4173,0,10.8040,0.0540
4225,0,10.8170,0.0130
4139,0,10.8340,0.0170
4483,0,10.8760,0.0420
37,0,10.9540,0.0780
49,0,10.9730,0.0190
14,0,10.9870,0.0140
80,0,11.0080,0.0210
80,0,11.0670,0.0590
4159,0,11.0850,0.0180
4149,0,11.1280,0.0430
4267,0,11.1420,0.0140
4819,0,11.1750,0.0330
4298,0,11.1880,0.0130
4769,0,11.2040,0.0160
22,0,11.2230,0.0190
4106,0,11.2430,0.0200
19,0,11.2530,0.0100
4188,0,11.2820,0.0290
4188,0,11.3080,0.0260
19,0,11.3120,0.0040
4221,0,11.3130,0.0010
4298,0,11.3770,0.0640
4,0,11.4400,0.0630
22,0,11.4620,0.0220
15,0,11.5050,0.0430
85,0,11.5220,0.0170
17,0,11.5380,0.0160
6,0,11.5490,0.0110
40,0,11.5690,0.0200
4298,0,11.6040,0.0350
4298,0,11.6090,0.0050
4298,0,11.6230,0.0140
356,0,11.7050,0.0820
356,0,11.7520,0.0470
180,0,11.8610,0.1090
4,0,11.8760,0.0150
4,0,11.8920,0.0160
4,0,11.9070,0.0150
30,0,12.3300,0.4230
4787,0,12.3810,0.0510
4781,0,12.3920,0.0110
4328,0,12.4660,0.0740
22,0,12.4690,0.0030
23,0,12.5340,0.0650
23,0,12.5530,0.0190
23,0,12.5630,0.0100
50,0,12.5960,0.0330
4825,0,12.6910,0.0950
4159,0,12.7190,0.0280
4825,0,12.7520,0.0330
4159,0,12.7870,0.0350
4825,0,12.8030,0.0160
356,0,12.9880,0.1850
356,0,13.0010,0.0130
180,0,13.1110,0.1100
300,0,13.1320,0.0210
10,0,13.1370,0.0050
32,0,13.1430,0.0060
4781,0,13.3280,0.1850
4781,0,13.3440,0.0160
4159,0,13.4540,0.1100
4142,0,13.4700,0.0160
4139,0,13.5000,0.0300
4131,0,13.5160,0.0160
4158,0,13.5470,0.0310
4122,0,13.5630,0.0160
4156,0,13.5780,0.0150
4211,0,13.5940,0.0160
4258,0,13.6100,0.0160
4212,0,13.6370,0.0270
4158,0,13.6410,0.0040
4242,0,13.6560,0.0150
4251,0,13.6740,0.0180
4129,0,13.6910,0.0170
18,0,13.7360,0.0450
51,0,13.7680,0.0320
35,0,13.7840,0.0160
35,0,13.7950,0.0110
35,0,13.7970,0.0020
4101,0,13.8130,0.0160
4245,0,13.8290,0.0160
4258,0,13.8750,0.0460
4258,0,13.8910,0.0160
23,0,13.9060,0.0150
85,0,13.9430,0.0370
18,0,13.9540,0.0110
23,0,13.9720,0.0180
4,0,14.0180,0.0460
4264,0,14.0330,0.0150
5230,0,14.0480,0.0150
5412,0,14.1110,0.0630
37,0,14.1270,0.0160
369,0,14.1420,0.0150
453,0,14.1880,0.0460
14,0,14.2230,0.0350
4110,0,14.2440,0.0210
4162,0,14.2530,0.0090
5230,0,14.2750,0.0220
5382,0,14.2840,0.0090
5292,0,14.3090,0.0250
4103,0,14.3300,0.0210
4258,0,14.3620,0.0320
4,0,14.3760,0.0140
5230,0,14.3910,0.0150
5412,0,14.4090,0.0180
4158,0,14.4390,0.0300
4158,0,14.4540,0.0150
61,0,14.5010,0.0470
85,0,14.5170,0.0160
4158,0,14.5640,0.0470
51,0,14.5810,0.0170
4252,0,14.5950,0.0140
4175,0,14.6190,0.0240
4132,0,14.6500,0.0310
4103,0,14.6610,0.0110
5,0,14.6760,0.0150
5412,0,14.6890,0.0130
4177,0,14.7140,0.0250
5,0,14.7160,0.0020
5,0,14.7200,0.0040
4097,0,14.7440,0.0240
5,0,14.7530,0.0090
