SysID,Thread ID,time,inetrval
14,0,0.2320,0.2320
80,0,0.5460,0.3140
80,0,0.5650,0.0190
80,0,0.5780,0.0130
18,0,0.5940,0.0160
18,0,0.6420,0.0480
18,0,0.7510,0.1090
37,0,0.9410,0.1900
55,0,0.9740,0.0330
61,0,1.0010,0.0270
51,0,1.0170,0.0160
74,0,1.0330,0.0160
49,0,1.0970,0.0640
80,0,1.1130,0.0160
80,0,1.1380,0.0250
347,0,1.1590,0.0210
80,0,1.2650,0.1060
80,0,1.4370,0.1720
15,0,1.4540,0.0170
76,0,1.5160,0.0620
416,0,1.5630,0.0470
453,0,1.5940,0.0310
453,0,1.6250,0.0310
453,0,1.6450,0.0200
18,0,1.7690,0.1240
23,0,1.7780,0.0090
15,0,1.7810,0.0030
453,0,1.7970,0.0160
453,0,1.8120,0.0150
24,0,1.8280,0.0160
24,0,1.9070,0.0790
80,0,1.9400,0.0330
453,0,1.9560,0.0160
453,0,1.9710,0.0150
18,0,2.0000,0.0290
51,0,2.1580,0.1580
15,0,2.1740,0.0160
51,0,2.2030,0.0290
24,0,2.2960,0.0930
85,0,2.3130,0.0170
74,0,2.3280,0.0150
54,0,2.3760,0.0480
340,0,2.3950,0.0190
356,0,2.4560,0.0610
453,0,2.5780,0.1220
15,0,2.5940,0.0160
38,0,2.6160,0.0220
33,0,2.6280,0.0120
15,0,2.6430,0.0150
85,0,2.6710,0.0280
15,0,2.7030,0.0320
76,0,2.7280,0.0250
15,0,2.7360,0.0080
293,0,2.7650,0.0290
24,0,2.9710,0.2060
15,0,3.0190,0.0480
37,0,3.1570,0.1380
354,0,3.1870,0.0300
417,0,3.2040,0.0170
417,0,3.2270,0.0230
80,0,3.2390,0.0120
40,0,3.2560,0.0170
49,0,3.2650,0.0090
49,0,3.2870,0.0220
80,0,3.3030,0.0160
369,0,3.3140,0.0110
67,2,3.3290,0.0150
55,0,3.3590,0.0300
49,0,3.3750,0.0160
80,0,3.4240,0.0490
80,0,3.4370,0.0130
24,2,3.4700,0.0330
466,0,3.5000,0.0300
24,2,3.5190,0.0190
112,2,3.5500,0.0310
14,2,3.5620,0.0120
469,2,3.5930,0.0310
49,0,3.6090,0.0160
24,0,3.6400,0.0310
40,0,3.6880,0.0480
369,0,3.7030,0.0150
80,2,3.7180,0.0150
40,0,3.7340,0.0160
49,0,3.7540,0.0200
49,0,3.7660,0.0120
49,0,3.7840,0.0180
49,0,3.8130,0.0290
80,2,3.8310,0.0180
49,0,3.8430,0.0120
15,0,3.8630,0.0200
469,4,3.8910,0.0280
469,3,3.9080,0.0170
inetrval
        

469,3,3.9080,0.0170
inetrval
        

51,0,3.9250,0.0170
24,0,3.9560,0.0310
369,0,3.9690,0.0130
55,0,3.9840,0.0150
61,2,4.0000,0.0160
356,0,4.0160,0.0160
356,0,4.0470,0.0310
74,2,4.0470,0.0310
49,2,4.0620,0.0150
80,2,4.0930,0.0310
80,2,4.1400,0.0470
51,0,4.1570,0.0170
80,0,4.1720,0.0150
80,4,4.1870,0.0150
4,0,4.2030,0.0160
51,0,4.2390,0.0360
76,0,4.2570,0.0180
76,0,4.2640,0.0070
51,0,4.2650,0.0010
76,0,4.2660,0.0010
51,0,4.2970,0.0310
15,0,4.3120,0.0150
76,0,4.3300,0.0180
76,0,4.3440,0.0140
76,0,4.3750,0.0310
76,0,4.3910,0.0160
24,0,4.4690,0.0780
30,0,4.4840,0.0150
73,0,4.6260,0.1420
24,0,4.6440,0.0180
18,0,4.7820,0.1380
23,0,4.8120,0.0300
24,0,4.8450,0.0330
24,0,4.8610,0.0160
35,0,4.8930,0.0320
416,0,4.9430,0.0500
416,0,4.9600,0.0170
453,0,4.9750,0.0150
453,0,4.9880,0.0130
192,0,5.0080,0.0200
72,0,5.0150,0.0070
51,0,5.0360,0.0210
35,0,5.0470,0.0110
453,0,5.1110,0.0640
24,0,5.2190,0.1080
453,0,5.2840,0.0650
416,0,5.3000,0.0160
453,0,5.3320,0.0320
453,0,5.3440,0.0120
35,0,5.4400,0.0960
35,0,5.4600,0.0200
35,0,5.4720,0.0120
35,0,5.4880,0.0160
35,0,5.5030,0.0150
35,0,5.5180,0.0150
24,0,5.5350,0.0170
73,0,5.5620,0.0270
35,0,5.6250,0.0630
24,0,5.7030,0.0780
416,0,5.7180,0.0150
35,0,5.8210,0.1030
35,0,5.8300,0.0090
24,0,6.1870,0.3570
416,0,6.2450,0.0580
54,0,6.2520,0.0070
140,0,6.2840,0.0320
25,0,6.3150,0.0310
18,0,6.3370,0.0220
18,0,6.3470,0.0100
18,0,6.3780,0.0310
18,0,6.3990,0.0210
18,0,6.4040,0.0050
15,0,6.4060,0.0020
24,0,6.4230,0.0170
80,0,6.4380,0.0150
247,0,6.5470,0.1090
33,0,6.6100,0.0630
18,0,6.6260,0.0160
19,0,6.6880,0.0620
18,0,6.7040,0.0160
23,0,6.7190,0.0150
15,0,6.7350,0.0160
18,0,6.7510,0.0160
35,0,7.0180,0.2670
35,0,7.0340,0.0160
37,0,7.0510,0.0170
5169,0,7.0640,0.0130
0,0,7.1130,0.0490
15,0,7.1250,0.0120
289,0,7.1420,0.0170
22,0,7.1570,0.0150
23,0,7.1890,0.0320
28,0,7.2060,0.0170
5,0,7.2200,0.0140
5349,0,7.2360,0.0160
416,0,7.2510,0.0150
416,0,7.3030,0.0520
25,0,7.3140,0.0110
416,0,7.3290,0.0150
4151,0,7.3620,0.0330
453,0,7.3790,0.0170
51,0,7.4700,0.0910
33,0,7.4850,0.0150
18,0,7.5030,0.0180
17,0,7.5160,0.0130
140,0,7.5460,0.0300
15,0,7.5660,0.0200
105,0,7.5960,0.0300
4162,0,7.6260,0.0300
35,0,7.6410,0.0150
14,0,7.6720,0.0310
14,0,7.6950,0.0230
35,0,7.7050,0.0100
35,0,7.7260,0.0210
72,0,7.8120,0.0860
51,0,7.8760,0.0640
340,0,7.9070,0.0310
33,0,7.9390,0.0320
33,0,7.9860,0.0470
341,0,8.0100,0.0240
23,0,8.0160,0.0060
23,0,8.0390,0.0230
18,0,8.0790,0.0400
23,0,8.1110,0.0320
85,0,8.1610,0.0500
74,0,8.1760,0.0150
18,0,8.1900,0.0140
23,0,8.2070,0.0170
4,0,8.2530,0.0460
4,0,8.3180,0.0650
80,0,8.3610,0.0430
51,0,8.3800,0.0190
85,0,8.3940,0.0140
85,0,8.4070,0.0130
51,0,8.4560,0.0490
51,0,8.4880,0.0320
51,0,8.5030,0.0150
17,0,8.5180,0.0150
51,0,8.5350,0.0170
37,0,8.5660,0.0310
40,0,8.5810,0.0150
49,0,8.5940,0.0130
80,4,8.6090,0.0150
15,0,8.6250,0.0160
112,3,8.6400,0.0150
466,4,8.6560,0.0160
469,3,8.6720,0.0160
22,0,8.7700,0.0980
22,0,8.7850,0.0150
24,0,8.8440,0.0590
444,0,8.8760,0.0320
356,0,8.8990,0.0230
356,0,8.9470,0.0480
33,0,8.9750,0.0280
22,0,8.9880,0.0130
22,0,9.0080,0.0200
18,0,9.0180,0.0100
22,0,9.0370,0.0190
72,0,9.0470,0.0100
15,0,9.0700,0.0230
22,0,9.1130,0.0430
453,0,9.1340,0.0210
453,0,9.1430,0.0090
64,0,9.1610,0.0180
453,0,9.1750,0.0140
416,0,9.2000,0.0250
61,0,9.2360,0.0360
51,0,9.2550,0.0190
22,0,9.3120,0.0570
192,0,9.3500,0.0380
23,0,9.3630,0.0130
416,0,9.3840,0.0210
416,0,9.4150,0.0310
453,0,9.4570,0.0420
453,0,9.5340,0.0770
416,0,9.5500,0.0160
453,0,9.5820,0.0320
61,0,9.5940,0.0120
15,0,9.6150,0.0210
4,0,9.6290,0.0140
4,0,9.6580,0.0290
61,0,9.7180,0.0600
24,0,9.7510,0.0330
24,0,9.7660,0.0150
5254,0,9.9720,0.2060
5254,0,10.0060,0.0340
5254,0,10.0490,0.0430
39,0,10.0810,0.0320
51,0,10.0960,0.0150
30,0,10.1100,0.0140
30,0,10.1290,0.0190
22,0,10.1580,0.0290
24,0,10.2200,0.0620
61,0,10.2380,0.0180
22,0,10.2710,0.0330
23,0,10.2820,0.0110
51,0,10.3010,0.0190
49,0,10.3100,0.0090
80,0,10.3130,0.0030
80,3,10.3280,0.0150
369,0,10.3430,0.0150
80,0,10.3590,0.0160
22,0,10.4370,0.0780
4151,0,10.5620,0.1250
80,0,10.5940,0.0320
416,0,10.6250,0.0310
85,0,10.6440,0.0190
340,0,10.6560,0.0120
416,0,10.7110,0.0550
453,0,10.7510,0.0400
453,0,10.7730,0.0220
72,0,10.8590,0.0860
180,0,10.8750,0.0160
416,0,10.8900,0.0150
453,0,10.9210,0.0310
416,0,10.9370,0.0160
22,0,10.9700,0.0330
14,0,10.9840,0.0140
80,0,11.1400,0.1560
15,0,11.1560,0.0160
80,0,11.2520,0.0960
13,0,11.2690,0.0170
15,0,11.2870,0.0180
15,0,11.3130,0.0260
15,0,11.3750,0.0620
80,0,11.4010,0.0260
80,0,11.4090,0.0080
4275,0,11.4310,0.0220
15,0,11.4370,0.0060
80,0,11.4600,0.0230
80,0,11.4670,0.0070
96,0,11.4970,0.0300
15,0,11.4990,0.0020
61,0,11.6110,0.1120
61,0,11.6280,0.0170
80,0,11.6430,0.0150
18,0,11.7210,0.0780
201,0,11.7350,0.0140
297,0,11.7540,0.0190
33,0,11.7630,0.0090
18,0,11.7670,0.0040
453,0,11.7830,0.0160
33,0,11.8600,0.0770
33,0,11.8780,0.0180
15,0,11.8910,0.0130
25,0,11.9390,0.0480
140,0,11.9710,0.0320
33,0,11.9910,0.0200
76,0,12.0010,0.0100
61,0,12.0310,0.0300
15,0,12.0550,0.0240
35,0,12.0620,0.0070
51,0,12.0950,0.0330
17,0,12.1250,0.0300
6,0,12.1420,0.0170
6,0,12.1580,0.0160
42,0,12.1760,0.0180
33,0,12.1870,0.0110
340,0,12.2500,0.0630
85,0,12.2830,0.0330
15,0,12.3520,0.0690
24,0,12.3640,0.0120
15,0,12.3910,0.0270
4,0,12.4080,0.0170
15,0,12.4200,0.0120
61,0,12.4230,0.0030
15,0,12.4400,0.0170
51,0,12.4550,0.0150
51,0,12.4750,0.0200
51,0,12.4910,0.0160
323,0,12.5000,0.0090
323,0,12.5200,0.0200
4,0,12.5330,0.0130
15,0,12.5490,0.0160
215,0,12.5670,0.0180
44,0,12.6090,0.0420
15,0,12.7200,0.1110
15,0,12.7380,0.0180
15,0,12.7970,0.0590
13,0,12.8750,0.0780
15,0,12.9060,0.0310
15,0,12.9370,0.0310
13,0,13.0180,0.0810
4275,0,13.0380,0.0200
42,0,13.0480,0.0100
13,0,13.0780,0.0300
15,0,13.1310,0.0530
13,0,13.1460,0.0150
15,0,13.2220,0.0760
15,0,13.2360,0.0140
15,0,13.2670,0.0310
15,0,13.3120,0.0450
15,0,13.3280,0.0160
