SysID,Thread ID,time,inetrval
14,0,0.2230,0.2230
80,0,0.5190,0.2960
80,0,0.5340,0.0150
80,0,0.5500,0.0160
15,0,0.5590,0.0090
33,0,0.5620,0.0030
18,0,0.6090,0.0470
18,0,0.7030,0.0940
15,0,0.7190,0.0160
37,0,0.8900,0.1710
55,0,0.9120,0.0220
61,0,0.9490,0.0370
51,0,0.9730,0.0240
49,0,1.0310,0.0580
80,0,1.0680,0.0370
347,0,1.0820,0.0140
80,0,1.1920,0.1100
80,0,1.3120,0.1200
76,0,1.3600,0.0480
416,0,1.3910,0.0310
453,0,1.4070,0.0160
453,0,1.4530,0.0460
453,0,1.4740,0.0210
18,0,1.5780,0.1040
23,0,1.5940,0.0160
453,0,1.6090,0.0150
453,0,1.6420,0.0330
24,0,1.6560,0.0140
24,0,1.7370,0.0810
80,0,1.7720,0.0350
80,0,1.7810,0.0090
18,0,1.8120,0.0310
51,0,1.9560,0.1440
348,0,1.9650,0.0090
15,0,1.9680,0.0030
51,0,1.9840,0.0160
51,0,1.9990,0.0150
24,0,2.0780,0.0790
17,0,2.0930,0.0150
54,0,2.1560,0.0630
340,0,2.1710,0.0150
356,0,2.2660,0.0950
453,0,2.3910,0.1250
15,0,2.4060,0.0150
38,0,2.4210,0.0150
297,0,2.4380,0.0170
15,0,2.4520,0.0140
85,0,2.4720,0.0200
33,0,2.5000,0.0280
15,0,2.5150,0.0150
85,0,2.5310,0.0160
293,0,2.5770,0.0460
24,0,2.7500,0.1730
15,0,2.8130,0.0630
15,0,2.8330,0.0200
37,0,2.9240,0.0910
354,0,2.9490,0.0250
173,0,2.9530,0.0040
196,0,2.9740,0.0210
80,0,2.9860,0.0120
55,0,3.0040,0.0180
49,0,3.0150,0.0110
49,0,3.0360,0.0210
369,0,3.0480,0.0120
15,0,3.0670,0.0190
67,2,3.0780,0.0110
55,0,3.0940,0.0160
469,2,3.1090,0.0150
80,2,3.1570,0.0480
80,0,3.1870,0.0300
24,2,3.2020,0.0150
18,2,3.2190,0.0170
24,2,3.2500,0.0310
112,2,3.2970,0.0470
55,0,3.3120,0.0150
469,2,3.3430,0.0310
24,0,3.3740,0.0310
466,0,3.3920,0.0180
40,0,3.4230,0.0310
49,0,3.4350,0.0120
80,0,3.4370,0.0020
15,0,3.4530,0.0160
369,0,3.4680,0.0150
49,0,3.4850,0.0170
14,3,3.5000,0.0150
49,0,3.5150,0.0150
49,0,3.5330,0.0180
55,0,3.5490,0.0160
49,0,3.5630,0.0140
80,3,3.5780,0.0150
49,0,3.5970,0.0190
369,0,3.6060,0.0090
80,3,3.6090,0.0030
18,0,3.6400,0.0310
14,3,3.6560,0.0160
24,0,3.6740,0.0180
369,0,3.7020,0.0280
61,3,3.7170,0.0150
4,0,3.7180,0.0010
4,0,3.7350,0.0170
356,2,3.7490,0.0140
40,3,3.7650,0.0160
80,3,3.7800,0.0150
18,2,3.7960,0.0160
80,3,3.8440,0.0480
61,2,3.8590,0.0150
80,2,3.8740,0.0150
469,2,3.8910,0.0170
51,0,3.9240,0.0330
76,0,3.9420,0.0180
51,0,3.9540,0.0120
51,0,3.9870,0.0330
76,0,4.0030,0.0160
76,0,4.0200,0.0170
76,0,4.0320,0.0120
24,0,4.0820,0.0500
24,0,4.0970,0.0150
73,0,4.2210,0.1240
24,0,4.2380,0.0170
18,0,4.3630,0.1250
23,0,4.3930,0.0300
24,0,4.4370,0.0440
24,0,4.4690,0.0320
35,0,4.5150,0.0460
416,0,4.5620,0.0470
416,0,4.5930,0.0310
453,0,4.6100,0.0170
192,0,4.6330,0.0230
72,0,4.6420,0.0090
7,0,4.6660,0.0240
35,0,4.6740,0.0080
453,0,4.7340,0.0600
24,0,4.8470,0.1130
453,0,4.9110,0.0640
453,0,4.9560,0.0450
416,0,4.9720,0.0160
35,0,5.0490,0.0770
35,0,5.0670,0.0180
35,0,5.0820,0.0150
35,0,5.1120,0.0300
24,0,5.1400,0.0280
73,0,5.1620,0.0220
73,0,5.1750,0.0130
35,0,5.2210,0.0460
24,0,5.2840,0.0630
416,0,5.3140,0.0300
35,0,5.3940,0.0800
35,0,5.4090,0.0150
35,0,5.4260,0.0170
24,0,5.7470,0.3210
416,0,5.7970,0.0500
54,0,5.8120,0.0150
140,0,5.8450,0.0330
25,0,5.8610,0.0160
18,0,5.8920,0.0310
18,0,5.9250,0.0330
18,0,5.9410,0.0160
37,0,5.9550,0.0140
80,0,5.9880,0.0330
247,0,6.0810,0.0930
33,0,6.1270,0.0460
15,0,6.1450,0.0180
19,0,6.1590,0.0140
19,0,6.2220,0.0630
18,0,6.2340,0.0120
15,0,6.2660,0.0320
35,0,6.5460,0.2800
37,0,6.5620,0.0160
297,0,6.5770,0.0150
0,0,6.6240,0.0470
289,0,6.6400,0.0160
22,0,6.6560,0.0160
289,0,6.6710,0.0150
23,0,6.6870,0.0160
28,0,6.7020,0.0150
15,0,6.7180,0.0160
5349,0,6.7340,0.0160
416,0,6.7490,0.0150
416,0,6.7960,0.0470
35,0,6.8120,0.0160
4151,0,6.8430,0.0310
4151,0,6.8590,0.0160
51,0,6.9520,0.0930
33,0,6.9680,0.0160
18,0,6.9840,0.0160
17,0,6.9990,0.0150
140,0,7.0310,0.0320
105,0,7.0620,0.0310
105,0,7.0770,0.0150
4162,0,7.0930,0.0160
35,0,7.1090,0.0160
14,0,7.1430,0.0340
14,0,7.1660,0.0230
35,0,7.1940,0.0280
21,0,7.2710,0.0770
21,0,7.2870,0.0160
72,0,7.3030,0.0160
51,0,7.3490,0.0460
340,0,7.3780,0.0290
21,0,7.3990,0.0210
33,0,7.4070,0.0080
18,0,7.4330,0.0260
72,0,7.4390,0.0060
23,0,7.4620,0.0230
23,0,7.4720,0.0100
18,0,7.4860,0.0140
18,0,7.5180,0.0320
23,0,7.5460,0.0280
85,0,7.5930,0.0470
74,0,7.6090,0.0160
18,0,7.6240,0.0150
23,0,7.6400,0.0160
21,0,7.6870,0.0470
21,0,7.7030,0.0160
4,0,7.7490,0.0460
80,0,7.7960,0.0470
61,0,7.8120,0.0160
85,0,7.8280,0.0160
85,0,7.8430,0.0150
51,0,7.8770,0.0340
51,0,7.9070,0.0300
51,0,7.9380,0.0310
15,0,7.9640,0.0260
51,0,7.9700,0.0060
37,0,7.9920,0.0220
55,0,8.0030,0.0110
40,0,8.0170,0.0140
49,0,8.0320,0.0150
80,4,8.0470,0.0150
49,3,8.0620,0.0150
49,2,8.0770,0.0150


netrval
       

49,2,8.0770,0.0150


netrval
       

112,2,8.0940,0.0170
80,3,8.1090,0.0150
22,0,8.2040,0.0950
24,0,8.2680,0.0640
356,0,8.2850,0.0170
444,0,8.2970,0.0120
356,0,8.3210,0.0240
356,0,8.3630,0.0420
33,0,8.3910,0.0280
22,0,8.4210,0.0300
22,0,8.4480,0.0270
22,0,8.4560,0.0080
36,0,8.4820,0.0260
33,0,8.4840,0.0020
22,0,8.5350,0.0510
453,0,8.5490,0.0140
72,0,8.5660,0.0170
453,0,8.5810,0.0150
453,0,8.5970,0.0160
61,0,8.6440,0.0470
51,0,8.6590,0.0150
22,0,8.7060,0.0470
192,0,8.7380,0.0320
23,0,8.7530,0.0150
416,0,8.7690,0.0160
416,0,8.8000,0.0310
453,0,8.8300,0.0300
416,0,8.8480,0.0180
453,0,8.9080,0.0600
416,0,8.9260,0.0180
453,0,8.9400,0.0140
14,0,8.9600,0.0200
61,0,8.9730,0.0130
15,0,8.9870,0.0140
4,0,9.0200,0.0330
61,0,9.0800,0.0600
85,0,9.0990,0.0190
24,0,9.1110,0.0120
24,0,9.1410,0.0300
5254,0,9.3810,0.2400
39,0,9.4230,0.0420
5254,0,9.4440,0.0210
5254,0,9.4540,0.0100
5254,0,9.4860,0.0320
5254,0,9.5070,0.0210
30,0,9.5150,0.0080
30,0,9.5390,0.0240
22,0,9.5470,0.0080
21,0,9.5730,0.0260
24,0,9.6310,0.0580
22,0,9.6740,0.0430
23,0,9.6930,0.0190
40,0,9.7000,0.0070
49,0,9.7030,0.0030
80,2,9.7190,0.0160
369,0,9.7360,0.0170
369,0,9.7500,0.0140
22,0,9.8160,0.0660
453,0,9.8360,0.0200
4151,0,9.9550,0.1190
80,0,9.9750,0.0200
25,0,9.9860,0.0110
416,0,10.0050,0.0190
85,0,10.0170,0.0120
340,0,10.0410,0.0240
416,0,10.0780,0.0370
453,0,10.1100,0.0320
453,0,10.1330,0.0230
72,0,10.2240,0.0910
72,0,10.2390,0.0150
416,0,10.2550,0.0160
453,0,10.2850,0.0300
22,0,10.3140,0.0290
14,0,10.3300,0.0160
80,0,10.4720,0.1420
15,0,10.4880,0.0160
80,0,10.5640,0.0760
13,0,10.5950,0.0310
15,0,10.6240,0.0290
15,0,10.7130,0.0890
80,0,10.7200,0.0070
4275,0,10.7380,0.0180
15,0,10.7530,0.0150
80,0,10.7740,0.0210
14,0,10.7810,0.0070
96,0,10.8040,0.0230
15,0,10.8120,0.0080
61,0,10.9080,0.0960
80,0,10.9400,0.0320
18,0,11.0210,0.0810
18,0,11.0310,0.0100
18,0,11.0580,0.0270
23,0,11.0620,0.0040
33,0,11.1450,0.0830
33,0,11.1600,0.0150
76,0,11.1740,0.0140
25,0,11.2060,0.0320
18,0,11.2210,0.0150
140,0,11.2530,0.0320
33,0,11.2690,0.0160
85,0,11.2990,0.0300
85,0,11.3180,0.0190
35,0,11.3450,0.0270
51,0,11.3630,0.0180
17,0,11.3940,0.0310
42,0,11.4240,0.0300
340,0,11.4840,0.0600
85,0,11.5150,0.0310
15,0,11.5780,0.0630
24,0,11.5930,0.0150
15,0,11.6090,0.0160
4,0,11.6240,0.0150
