SysID,Thread ID,time,inetrval
14,0,0.2200,0.2200
80,0,0.5620,0.3420
80,0,0.5780,0.0160
18,0,0.5940,0.0160
18,0,0.6410,0.0470
18,0,0.7500,0.1090
37,0,0.9380,0.1880
55,0,0.9850,0.0470
61,0,1.0310,0.0460
51,0,1.0520,0.0210
40,0,1.0640,0.0120
49,0,1.1270,0.0630
80,0,1.1440,0.0170
80,0,1.1580,0.0140
347,0,1.1770,0.0190
80,0,1.2810,0.1040
80,0,1.4380,0.1570
15,0,1.4540,0.0160
76,0,1.5010,0.0470
416,0,1.5180,0.0170
453,0,1.5510,0.0330
453,0,1.5940,0.0430
453,0,1.6100,0.0160
18,0,1.7200,0.1100
23,0,1.7380,0.0180
15,0,1.7470,0.0090
453,0,1.7500,0.0030
453,0,1.7820,0.0320
24,0,1.7980,0.0160
24,0,1.8910,0.0930
80,0,1.9220,0.0310
453,0,1.9380,0.0160
18,0,1.9730,0.0350
51,0,2.1250,0.1520
348,0,2.1410,0.0160
15,0,2.1660,0.0250
51,0,2.1880,0.0220
24,0,2.2820,0.0940
85,0,2.2970,0.0150
74,0,2.3130,0.0160
54,0,2.3770,0.0640
340,0,2.3910,0.0140
356,0,2.4560,0.0650
453,0,2.5800,0.1240
15,0,2.5950,0.0150
38,0,2.6250,0.0300
15,0,2.6400,0.0150
85,0,2.6740,0.0340
33,0,2.7030,0.0290
15,0,2.7280,0.0250
85,0,2.7330,0.0050
76,0,2.7350,0.0020
293,0,2.7810,0.0460
24,0,3.0010,0.2200
15,0,3.0500,0.0490
42,0,3.0680,0.0180
37,0,3.2210,0.1530
354,0,3.2340,0.0130
173,0,3.2500,0.0160
202,0,3.2650,0.0150
417,0,3.2810,0.0160
80,0,3.2970,0.0160
49,0,3.3130,0.0160
369,0,3.3450,0.0320
67,2,3.3600,0.0150
55,0,3.3750,0.0150
1,2,3.3900,0.0150
40,0,3.3900,0.0150
49,0,3.4090,0.0190
80,0,3.4530,0.0440
80,0,3.4700,0.0170
55,0,3.4850,0.0150
40,0,3.5160,0.0310
49,0,3.5320,0.0160
466,0,3.5470,0.0150
18,2,3.5630,0.0160
24,2,3.5780,0.0150
112,2,3.6090,0.0310
55,0,3.6260,0.0170
49,0,3.6430,0.0170
80,0,3.6560,0.0130
469,2,3.6720,0.0160
24,0,3.7030,0.0310
466,0,3.7340,0.0310
24,0,3.7500,0.0160
49,0,3.7840,0.0340
369,0,3.7980,0.0140
369,0,3.8180,0.0200
469,3,3.8280,0.0100
49,0,3.8440,0.0160
49,0,3.8630,0.0190
369,0,3.8760,0.0130
80,0,3.8880,0.0120
4,0,3.8910,0.0030
76,0,3.9110,0.0200
76,0,3.9230,0.0120
51,0,3.9390,0.0160
15,0,3.9550,0.0160
416,0,3.9710,0.0160
24,0,4.0170,0.0460
73,0,4.1750,0.1580
24,0,4.1880,0.0130
18,0,4.3280,0.1400
23,0,4.3590,0.0310
24,0,4.4550,0.0960
24,0,4.4850,0.0300
35,0,4.5170,0.0320
416,0,4.5630,0.0460
416,0,4.5790,0.0160
453,0,4.6110,0.0320
453,0,4.6260,0.0150
72,0,4.6440,0.0180
51,0,4.6580,0.0140
7,0,4.6740,0.0160
453,0,4.7660,0.0920
24,0,4.8150,0.0490
24,0,4.8490,0.0340
453,0,4.9100,0.0610
416,0,4.9260,0.0160
453,0,4.9550,0.0290
453,0,4.9730,0.0180
35,0,5.0640,0.0910
35,0,5.0970,0.0330
35,0,5.1120,0.0150
35,0,5.1300,0.0180
35,0,5.1420,0.0120
24,0,5.1590,0.0170
73,0,5.1760,0.0170
35,0,5.2380,0.0620
24,0,5.3300,0.0920
416,0,5.3450,0.0150
340,0,5.3770,0.0320
416,0,5.4070,0.0300
453,0,5.4720,0.0650
453,0,5.4850,0.0130
72,0,5.5930,0.1080
25,0,5.6090,0.0160
14,0,5.6260,0.0170
417,0,5.6420,0.0160
360,0,5.7040,0.0620
