SysID,Thread ID,time,inetrval
14,0,0.2500,0.2500
80,0,0.6280,0.3780
80,0,0.6420,0.0140
18,0,0.6610,0.0190
18,0,0.7040,0.0430
18,0,0.8150,0.1110
37,0,0.9840,0.1690
55,0,1.0170,0.0330
61,0,1.0630,0.0460
51,0,1.0780,0.0150
49,0,1.1570,0.0790
80,0,1.1750,0.0180
80,0,1.1890,0.0140
347,0,1.2200,0.0310
80,0,1.3130,0.0930
80,0,1.4700,0.1570
15,0,1.4900,0.0200
76,0,1.5320,0.0420
416,0,1.5480,0.0160
453,0,1.5790,0.0310
453,0,1.6110,0.0320
453,0,1.6270,0.0160
18,0,1.7490,0.1220
23,0,1.7500,0.0010
453,0,1.7690,0.0190
453,0,1.7970,0.0280
24,0,1.8140,0.0170
24,0,1.9220,0.1080
80,0,1.9370,0.0150
80,0,1.9690,0.0320
453,0,1.9890,0.0200
18,0,2.0190,0.0300
51,0,2.2080,0.1890
348,0,2.2190,0.0110
51,0,2.2520,0.0330
51,0,2.2660,0.0140
24,0,2.3280,0.0620
85,0,2.3440,0.0160
17,0,2.3920,0.0480
54,0,2.4540,0.0620
356,0,2.5340,0.0800
453,0,2.6560,0.1220
38,0,2.6890,0.0330
15,0,2.7200,0.0310
85,0,2.7350,0.0150
33,0,2.7670,0.0320
15,0,2.7840,0.0170
85,0,2.7990,0.0150
293,0,2.8600,0.0610
24,0,3.0530,0.1930
15,0,3.1290,0.0760
37,0,3.2690,0.1400
354,0,3.3040,0.0350
173,0,3.3120,0.0080
144,0,3.3310,0.0190
80,0,3.3590,0.0280
49,0,3.3760,0.0170
49,0,3.3940,0.0180
80,0,3.4090,0.0150
369,0,3.4220,0.0130
67,2,3.4370,0.0150
1,2,3.4690,0.0320
469,2,3.4840,0.0150
80,2,3.5310,0.0470
24,2,3.5630,0.0320
18,2,3.5780,0.0150
23,2,3.5940,0.0160
28,2,3.6400,0.0460
14,2,3.6560,0.0160
469,2,3.6730,0.0170
49,0,3.6880,0.0150
24,2,3.7170,0.0290
466,0,3.7180,0.0010
112,2,3.7380,0.0200
24,0,3.7810,0.0430
40,0,3.7970,0.0160
469,3,3.8120,0.0150
80,3,3.8280,0.0160
49,0,3.8440,0.0160
14,3,3.8600,0.0160
15,0,3.8750,0.0150
49,0,3.8910,0.0160
49,0,3.9220,0.0310
369,0,3.9380,0.0160
49,0,3.9530,0.0150
15,0,3.9720,0.0190
469,3,4.0160,0.0440
18,0,4.0320,0.0160
14,3,4.0470,0.0150
24,0,4.0880,0.0410
369,0,4.0980,0.0100
61,3,4.1090,0.0110
49,3,4.1560,0.0470
356,0,4.1720,0.0160
18,0,4.2040,0.0320
369,3,4.2500,0.0460
15,3,4.2680,0.0180
469,3,4.2820,0.0140
80,2,4.2980,0.0160
51,0,4.3200,0.0220
80,0,4.3240,0.0040
469,2,4.3270,0.0030
369,0,4.3280,0.0010
51,0,4.4220,0.0940
51,0,4.4380,0.0160
76,0,4.4540,0.0160
51,0,4.5010,0.0470
76,0,4.5180,0.0170
76,0,4.5330,0.0150
76,0,4.5470,0.0140
416,0,4.5630,0.0160
24,0,4.6150,0.0520
24,0,4.6210,0.0060
73,0,4.7520,0.1310
18,0,4.8950,0.1430
23,0,4.9110,0.0160
23,0,4.9410,0.0300
24,0,4.9750,0.0340
24,0,4.9860,0.0110
35,0,5.0190,0.0330
416,0,5.0710,0.0520
416,0,5.0800,0.0090
453,0,5.1120,0.0320
192,0,5.1350,0.0230
51,0,5.1640,0.0290
35,0,5.1760,0.0120
453,0,5.2540,0.0780
24,0,5.3580,0.1040
453,0,5.4230,0.0650
453,0,5.4690,0.0460
453,0,5.4850,0.0160
35,0,5.5820,0.0970
35,0,5.5960,0.0140
35,0,5.6250,0.0290
35,0,5.6420,0.0170
35,0,5.6540,0.0120
35,0,5.6560,0.0020
24,0,5.6880,0.0320
73,0,5.7030,0.0150
35,0,5.7660,0.0630
24,0,5.8230,0.0570
24,0,5.8310,0.0080
416,0,5.8640,0.0330
35,0,5.9580,0.0940
35,0,5.9750,0.0170
35,0,5.9870,0.0120
35,0,5.9960,0.0090
416,0,6.4060,0.4100
80,0,6.4260,0.0200
140,0,6.4380,0.0120
25,0,6.4690,0.0310
453,0,6.4870,0.0180
18,0,6.5030,0.0160
18,0,6.5320,0.0290
18,0,6.5480,0.0160
15,0,6.5630,0.0150
37,0,6.5800,0.0170
80,0,6.6100,0.0300
247,0,6.7060,0.0960
33,0,6.7660,0.0600
18,0,6.7850,0.0190
19,0,6.8500,0.0650
15,0,6.8630,0.0130
18,0,6.8790,0.0160
15,0,6.9100,0.0310
35,0,7.2030,0.2930
4101,0,7.2190,0.0160
4224,0,7.2350,0.0160
66,0,7.2510,0.0160
0,0,7.2830,0.0320
15,0,7.2970,0.0140
289,0,7.3140,0.0170
22,0,7.3300,0.0160
289,0,7.3450,0.0150
23,0,7.3610,0.0160
28,0,7.3920,0.0310
18,0,7.4060,0.0140
5349,0,7.4230,0.0170
416,0,7.4850,0.0620
35,0,7.5000,0.0150
4151,0,7.5360,0.0360
4151,0,7.5470,0.0110
51,0,7.6420,0.0950
74,0,7.6580,0.0160
33,0,7.6730,0.0150
18,0,7.6890,0.0160
73,0,7.7060,0.0170
140,0,7.7210,0.0150
15,0,7.7430,0.0220
105,0,7.7830,0.0400
4162,0,7.8060,0.0230
35,0,7.8160,0.0100
14,0,7.8500,0.0340
417,0,7.8650,0.0150
450,0,7.8800,0.0150
35,0,7.8910,0.0110
21,0,7.9900,0.0990
21,0,8.0060,0.0160
72,0,8.0180,0.0120
51,0,8.0780,0.0600
340,0,8.1050,0.0270
21,0,8.1120,0.0070
21,0,8.1260,0.0140
33,0,8.1420,0.0160
33,0,8.1570,0.0150
24,0,8.1740,0.0170
23,0,8.1890,0.0150
18,0,8.2060,0.0170
18,0,8.2510,0.0450
23,0,8.2810,0.0300
85,0,8.3320,0.0510
74,0,8.3490,0.0170
18,0,8.3630,0.0140
21,0,8.4230,0.0600
4098,0,8.4880,0.0650
4353,0,8.5160,0.0280
4239,0,8.5400,0.0240
4188,0,8.5670,0.0270
80,0,8.5850,0.0180
4328,0,8.5980,0.0130
4211,0,8.6360,0.0380
4,0,8.6420,0.0060
4,0,8.6660,0.0240
4,0,8.6760,0.0100
24,0,8.6950,0.0190
4,0,8.7050,0.0100
4,0,8.7290,0.0240
4,0,8.7320,0.0030
4819,0,8.7650,0.0330
4802,0,8.7870,0.0220
80,0,8.8340,0.0470
4156,0,8.8480,0.0140
4819,0,8.8750,0.0270
4819,0,8.8910,0.0160
80,0,8.9220,0.0310
4173,0,8.9530,0.0310
4139,0,8.9810,0.0280
4128,0,8.9850,0.0040
4483,0,9.0170,0.0320
37,0,9.0780,0.0610
49,0,9.1050,0.0270
15,0,9.1100,0.0050
14,0,9.1320,0.0220
80,0,9.1460,0.0140
80,0,9.2080,0.0620
4159,0,9.2260,0.0180
4149,0,9.2700,0.0440
4819,0,9.2980,0.0280
4298,0,9.3230,0.0250
4298,0,9.3300,0.0070
289,0,9.3540,0.0240
22,0,9.3620,0.0080
4106,0,9.3830,0.0210
19,0,9.3910,0.0080
4188,0,9.4240,0.0330
19,0,9.4440,0.0200
19,0,9.4560,0.0120
15,0,9.4720,0.0160
4298,0,9.5200,0.0480
24,0,9.5330,0.0130
4,0,9.5960,0.0630
15,0,9.6460,0.0500
85,0,9.6600,0.0140
40,0,9.6800,0.0200
4298,0,9.7090,0.0290
4298,0,9.7220,0.0130
30,0,9.7660,0.0440
356,0,9.8280,0.0620
444,0,9.8590,0.0310
356,0,9.8910,0.0320
180,0,10.0340,0.1430
4,0,10.0490,0.0150
300,0,10.0650,0.0160
300,0,10.0810,0.0160
15,0,10.0960,0.0150
30,0,10.4730,0.3770
4787,0,10.5160,0.0430
4781,0,10.5320,0.0160
4328,0,10.5940,0.0620
23,0,10.6560,0.0620
4221,0,10.6880,0.0320
50,0,10.7150,0.0270
4106,0,10.7190,0.0040
15,0,10.7430,0.0240
4781,0,11.0810,0.3380
24,0,11.0910,0.0100
4781,0,11.0950,0.0040
4159,0,11.2290,0.1340
4159,0,11.2610,0.0320
4159,0,11.2650,0.0040
356,0,11.2900,0.0250
180,0,11.3920,0.1020
300,0,11.4090,0.0170
15,0,11.4230,0.0140
4159,0,11.5200,0.0970
4159,0,11.5330,0.0130
4159,0,11.5520,0.0190
4142,0,11.5640,0.0120
4139,0,11.5780,0.0140
4159,0,11.5920,0.0140
4159,0,11.5930,0.0010
4159,0,11.5940,0.0010
4158,0,11.6560,0.0620
4156,0,11.6870,0.0310
4180,0,11.7030,0.0160
4131,0,11.7190,0.0160
4258,0,11.7820,0.0630
4158,0,11.8000,0.0180
4264,0,11.8150,0.0150
5,0,11.8290,0.0140
4242,0,11.8450,0.0160
4251,0,11.8610,0.0160
4103,0,11.8760,0.0150
4103,0,11.8930,0.0170
4129,0,11.9060,0.0130
18,0,11.9530,0.0470
23,0,11.9690,0.0160
51,0,11.9850,0.0160
35,0,12.0010,0.0160
35,0,12.0160,0.0150
35,0,12.0320,0.0160
5,0,12.0480,0.0160
4258,0,12.0940,0.0460
4264,0,12.1100,0.0160
4,0,12.1260,0.0160
4158,0,12.1570,0.0310
4264,0,12.1730,0.0160
4212,0,12.1880,0.0150
5230,0,12.2040,0.0160
5412,0,12.2510,0.0470
37,0,12.2670,0.0160
49,0,12.2820,0.0150
15,0,12.2990,0.0170
22,0,12.4060,0.1070
356,0,12.4860,0.0800
356,0,12.5310,0.0450
33,0,12.5630,0.0320
33,0,12.5780,0.0150
22,0,12.5930,0.0150
22,0,12.6090,0.0160
282,0,12.6250,0.0160
36,0,12.6400,0.0150
33,0,12.6410,0.0010
22,0,12.7030,0.0620
453,0,12.7190,0.0160
72,0,12.7340,0.0150
453,0,12.7500,0.0160
453,0,12.7650,0.0150
453,0,12.8120,0.0470
24,0,12.8280,0.0160
14,0,12.8750,0.0470
4110,0,12.8910,0.0160
4162,0,12.9060,0.0150
4162,0,12.9220,0.0160
4188,0,12.9380,0.0160
5292,0,12.9530,0.0150
4103,0,12.9690,0.0160
5,0,12.9910,0.0220
4258,0,13.0060,0.0150
4211,0,13.0190,0.0130
4,0,13.0330,0.0140
5412,0,13.0510,0.0180
4158,0,13.0810,0.0300
4158,0,13.0960,0.0150
61,0,13.1570,0.0610
85,0,13.1730,0.0160
15,0,13.1880,0.0150
4158,0,13.2230,0.0350
51,0,13.2360,0.0130
35,0,13.2500,0.0140
35,0,13.2710,0.0210
4180,0,13.3130,0.0420
80,0,13.3300,0.0170
4272,0,13.3440,0.0140
80,0,13.3610,0.0170
4252,0,13.3900,0.0290
4107,0,13.4060,0.0160
4155,0,13.4220,0.0160
4137,0,13.4370,0.0150
4154,0,13.4630,0.0260
4107,0,13.4710,0.0080
4252,0,13.4910,0.0200
4107,0,13.4980,0.0070
4180,0,13.5000,0.0020
4104,0,13.5200,0.0200
5052,0,13.5310,0.0110
4175,0,13.5630,0.0320
4178,0,13.5810,0.0180
4132,0,13.6130,0.0320
5,0,13.6260,0.0130
5,0,13.6430,0.0170
5412,0,13.6570,0.0140
4177,0,13.6750,0.0180
4276,0,13.6880,0.0130
4097,0,13.7030,0.0150
4108,0,13.7260,0.0230
