SysID,Thread ID,time,inetrval
14,0,0.2410,0.2410
80,0,0.5620,0.3210
80,0,0.5790,0.0170
18,0,0.5940,0.0150
18,0,0.6590,0.0650
18,0,0.7510,0.0920
37,0,0.9400,0.1890
55,0,0.9700,0.0300
61,0,1.0160,0.0460
51,0,1.0490,0.0330
49,0,1.1260,0.0770
80,0,1.1490,0.0230
347,0,1.1610,0.0120
80,0,1.2650,0.1040
80,0,1.4090,0.1440
15,0,1.4230,0.0140
76,0,1.4690,0.0460
416,0,1.5000,0.0310
453,0,1.5320,0.0320
453,0,1.5630,0.0310
453,0,1.5790,0.0160
18,0,1.7040,0.1250
453,0,1.7210,0.0170
453,0,1.7520,0.0310
24,0,1.7710,0.0190
24,0,1.8620,0.0910
80,0,1.8760,0.0140
80,0,1.8970,0.0210
453,0,1.9070,0.0100
18,0,1.9420,0.0350
51,0,2.0820,0.1400
15,0,2.0960,0.0140
51,0,2.1130,0.0170
51,0,2.1220,0.0090
51,0,2.1250,0.0030
24,0,2.2190,0.0940
85,0,2.2350,0.0160
17,0,2.2500,0.0150
54,0,2.3130,0.0630
340,0,2.3310,0.0180
356,0,2.4070,0.0760
453,0,2.5170,0.1100
15,0,2.5440,0.0270
38,0,2.5470,0.0030
297,0,2.5740,0.0270
33,0,2.5810,0.0070
15,0,2.5950,0.0140
85,0,2.6110,0.0160
33,0,2.6420,0.0310
15,0,2.6580,0.0160
15,0,2.6700,0.0120
85,0,2.6720,0.0020
15,0,2.6870,0.0150
293,0,2.7370,0.0500
24,0,2.9220,0.1850
15,0,2.9840,0.0620
37,0,3.0780,0.0940
354,0,3.0940,0.0160
173,0,3.1100,0.0160
196,0,3.1250,0.0150
417,0,3.1410,0.0160
40,0,3.1730,0.0320
80,0,3.1910,0.0180
80,0,3.2060,0.0150
369,0,3.2250,0.0190
15,0,3.2340,0.0090
67,2,3.2510,0.0170
49,0,3.2820,0.0310
80,0,3.2970,0.0150
40,0,3.3300,0.0330
80,2,3.3750,0.0450
24,2,3.3920,0.0170
18,2,3.4070,0.0150
466,0,3.4210,0.0140
24,2,3.4390,0.0180
112,2,3.4720,0.0330
28,2,3.4840,0.0120
14,2,3.5000,0.0160
469,2,3.5310,0.0310
24,2,3.5620,0.0310
40,0,3.6100,0.0480
80,2,3.6250,0.0150
469,2,3.6400,0.0150
15,0,3.6560,0.0160
469,2,3.6720,0.0160
49,0,3.6880,0.0160
80,0,3.7040,0.0160
80,0,3.7350,0.0310
15,0,3.7510,0.0160
24,0,3.7970,0.0460
49,0,3.8130,0.0160
61,3,3.8280,0.0150
51,3,3.8440,0.0160
40,0,3.8590,0.0150
49,0,3.8950,0.0360
247,3,3.9390,0.0440
80,0,3.9540,0.0150
15,0,3.9700,0.0160
33,3,4.0010,0.0310
49,0,4.0160,0.0150
18,3,4.0320,0.0160
18,3,4.0320,0.0160
55,0,4.0470,0.0150
49,0,4.0630,0.0160
80,0,4.0790,0.0160
80,0,4.0940,0.0150
19,3,4.1100,0.0160
49,0,4.1250,0.0150
80,0,4.1420,0.0170
18,3,4.1560,0.0140
49,0,4.1760,0.0200
23,3,4.1880,0.0120
15,0,4.2040,0.0160
18,3,4.2190,0.0150
15,3,4.2370,0.0180
80,0,4.2500,0.0130
80,4,4.2660,0.0160
469,2,4.2980,0.0320
469,4,4.3150,0.0170
33,3,4.5940,0.2790
18,3,4.6100,0.0160
51,3,4.6260,0.0160
73,3,4.6460,0.0200
140,3,4.6720,0.0260
15,3,4.6920,0.0200
80,3,4.7220,0.0300
55,3,4.7340,0.0120
49,3,4.7500,0.0160
369,3,4.7690,0.0190
49,3,4.7810,0.0120
469,4,4.7970,0.0160
80,2,4.8120,0.0150
51,0,4.8610,0.0490
76,0,4.8770,0.0160
348,0,4.8920,0.0150
51,0,4.9080,0.0160
76,0,4.9220,0.0140
51,0,4.9400,0.0180
76,0,4.9540,0.0140
76,0,4.9720,0.0180
416,0,4.9870,0.0150
24,0,5.0320,0.0450
24,0,5.1110,0.0790
73,0,5.1590,0.0480
73,0,5.1730,0.0140
18,0,5.3160,0.1430
23,0,5.3320,0.0160
23,0,5.3470,0.0150
24,0,5.3990,0.0520
24,0,5.4090,0.0100
35,0,5.4290,0.0200
416,0,5.4910,0.0620
416,0,5.5190,0.0280
453,0,5.5380,0.0190
453,0,5.5530,0.0150
192,0,5.5630,0.0100
51,0,5.5940,0.0310
453,0,5.6870,0.0930
24,0,5.7830,0.0960
453,0,5.8460,0.0630
453,0,5.8950,0.0490
453,0,5.9100,0.0150
35,0,6.0000,0.0900
35,0,6.0330,0.0330
35,0,6.0650,0.0320
24,0,6.0960,0.0310
73,0,6.1170,0.0210
73,0,6.1290,0.0120
35,0,6.1780,0.0490
24,0,6.2360,0.0580
416,0,6.2650,0.0290
35,0,6.3600,0.0950
35,0,6.3880,0.0280
35,0,6.3920,0.0040
24,0,6.6890,0.2970
416,0,6.8160,0.1270
416,0,6.8820,0.0660
35,0,6.8960,0.0140
80,0,6.9150,0.0190
140,0,6.9220,0.0070
25,0,6.9480,0.0260
453,0,6.9560,0.0080
18,0,6.9770,0.0210
18,0,7.0060,0.0290
18,0,7.0200,0.0140
37,0,7.0350,0.0150
80,0,7.0650,0.0300
35,0,7.2350,0.1700
37,0,7.2610,0.0260
4224,0,7.2650,0.0040
0,0,7.3210,0.0560
15,0,7.3320,0.0110
289,0,7.3530,0.0210
22,0,7.3610,0.0080
23,0,7.3940,0.0330
28,0,7.4100,0.0160
18,0,7.4280,0.0180
5349,0,7.4540,0.0260
35,0,7.4870,0.0330
192,0,7.5810,0.0940
35,0,7.5980,0.0170
453,0,7.6090,0.0110
453,0,7.6290,0.0200
35,0,7.6430,0.0140
453,0,7.6600,0.0170
416,0,7.6730,0.0130
35,0,7.7050,0.0320
22,0,7.7670,0.0620
23,0,7.7930,0.0260
35,0,7.8490,0.0560
35,0,7.8650,0.0160
444,0,7.9000,0.0350
356,0,7.9070,0.0070
35,0,7.9410,0.0340
33,0,7.9730,0.0320
33,0,7.9920,0.0190
22,0,8.0000,0.0080
18,0,8.0260,0.0260
22,0,8.0320,0.0060
282,0,8.0630,0.0310
35,0,8.1340,0.0710
453,0,8.1440,0.0100
72,0,8.1650,0.0210
72,0,8.1720,0.0070
453,0,8.2000,0.0280
453,0,8.2030,0.0030
35,0,8.2340,0.0310
22,0,8.2650,0.0310
453,0,8.2950,0.0300
61,0,8.3310,0.0360
42,0,8.3510,0.0200
4151,0,8.4220,0.0710
80,0,8.4550,0.0330
25,0,8.4710,0.0160
416,0,8.4870,0.0160
453,0,8.5650,0.0780
22,0,8.5810,0.0160
453,0,8.6120,0.0310
14,0,8.6290,0.0170
417,0,8.6600,0.0310
24,0,8.6760,0.0160
73,0,8.7070,0.0310
73,0,8.7220,0.0150
24,0,8.8640,0.1420
24,0,8.8800,0.0160
35,0,8.8920,0.0120
85,0,9.0020,0.1100
73,0,9.0210,0.0190
24,0,9.1100,0.0890
17,0,9.1940,0.0840
17,0,9.2160,0.0220
17,0,9.2180,0.0020
4353,0,9.3160,0.0980
4239,0,9.3360,0.0200
4188,0,9.3600,0.0240
80,0,9.3900,0.0300
4221,0,9.3920,0.0020
4211,0,9.4220,0.0300
33,0,9.4480,0.0260
33,0,9.4550,0.0070
24,0,9.4790,0.0240
341,0,9.4840,0.0050
23,0,9.5110,0.0270
18,0,9.5180,0.0070
18,0,9.5490,0.0310
4,0,9.5790,0.0300
24,0,9.6020,0.0230
4,0,9.6130,0.0110
4,0,9.6340,0.0210
4819,0,9.6770,0.0430
4802,0,9.6870,0.0100
4200,0,9.7030,0.0160
80,0,9.7380,0.0350
4156,0,9.7660,0.0280
4819,0,9.7990,0.0330
80,0,9.8320,0.0330
4173,0,9.8500,0.0180
4225,0,9.8650,0.0150
80,0,9.8810,0.0160
4139,0,9.8940,0.0130
4128,0,9.9100,0.0160
4483,0,9.9380,0.0280
37,0,10.0030,0.0650
49,0,10.0220,0.0190
80,4,10.0300,0.0080
14,0,10.0590,0.0290
80,0,10.1110,0.0520
4159,0,10.1430,0.0320
4149,0,10.1740,0.0310
4267,0,10.1970,0.0230
4267,0,10.2040,0.0070
4819,0,10.2280,0.0240
4298,0,10.2350,0.0070
4769,0,10.2530,0.0180
22,0,10.2720,0.0190
4106,0,10.2820,0.0100
19,0,10.3020,0.0200
4188,0,10.3330,0.0310
4131,0,10.3480,0.0150
4188,0,10.3660,0.0180
19,0,10.3710,0.0050
19,0,10.3750,0.0040
5292,0,10.3910,0.0160
4298,0,10.4380,0.0470
4,0,10.5000,0.0620
22,0,10.5160,0.0160
15,0,10.5470,0.0310
85,0,10.5620,0.0150
6,0,10.5780,0.0160
40,0,10.5940,0.0160
4298,0,10.6250,0.0310
24,0,10.6470,0.0220
356,0,10.7200,0.0730
356,0,10.7770,0.0570
180,0,10.8750,0.0980
4,0,10.9040,0.0290
10,0,10.9060,0.0020
32,0,10.9240,0.0180
30,0,11.3010,0.3770
4787,0,11.3280,0.0270
4787,0,11.3510,0.0230
4781,0,11.3610,0.0100
4328,0,11.4260,0.0650
23,0,11.4880,0.0620
23,0,11.5030,0.0150
23,0,11.5150,0.0120
23,0,11.5160,0.0010
50,0,11.5410,0.0250
50,0,11.5480,0.0070
4781,0,11.9070,0.3590
4781,0,11.9220,0.0150
4159,0,12.0480,0.1260
4159,0,12.0970,0.0490
356,0,12.1280,0.0310
180,0,12.2460,0.1180
300,0,12.2520,0.0060
4,0,12.2580,0.0060
10,0,12.2670,0.0090
4159,0,12.3650,0.0980
4159,0,12.3850,0.0200
4159,0,12.3940,0.0090
4159,0,12.4110,0.0170
4142,0,12.4370,0.0260
4159,0,12.4570,0.0200
4159,0,12.4730,0.0160
4159,0,12.4890,0.0160
4158,0,12.5480,0.0590
4156,0,12.5680,0.0200
80,0,12.5820,0.0140
4188,0,12.5960,0.0140
4131,0,12.6130,0.0170
4258,0,12.6560,0.0430
4212,0,12.6720,0.0160
4264,0,12.6870,0.0150
4212,0,12.7030,0.0160
4242,0,12.7190,0.0160
4251,0,12.7340,0.0150
4103,0,12.7500,0.0160
5,0,12.7660,0.0160
4129,0,12.7860,0.0200
18,0,12.8630,0.0770
15,0,12.8790,0.0160
51,0,12.8900,0.0110
35,0,12.9110,0.0210
35,0,12.9260,0.0150
35,0,12.9380,0.0120
35,0,12.9590,0.0210
4245,0,12.9700,0.0110
4258,0,13.0180,0.0480
4212,0,13.0350,0.0170
4242,0,13.0500,0.0150
4258,0,13.0790,0.0290
4103,0,13.0960,0.0170
5412,0,13.1100,0.0140
4177,0,13.1280,0.0180
5,0,13.1450,0.0170
5412,0,13.1580,0.0130
5,0,13.1740,0.0160
4097,0,13.1890,0.0150
4108,0,13.2060,0.0170
