SysID,Thread ID,time,inetrval
14,0,0.2610,0.2610
80,0,0.7180,0.4570
80,0,0.7450,0.0270
80,0,0.7610,0.0160
18,0,0.8240,0.0630
18,0,0.9480,0.1240
37,0,1.1970,0.2490
55,0,1.2300,0.0330
61,0,1.2760,0.0460
51,0,1.2920,0.0160
74,0,1.3070,0.0150
49,0,1.4330,0.1260
80,0,1.4490,0.0160
347,0,1.4790,0.0300
80,0,1.5890,0.1100
80,0,1.7400,0.1510
15,0,1.7450,0.0050
76,0,1.7920,0.0470
416,0,1.8090,0.0170
453,0,1.8390,0.0300
453,0,1.8710,0.0320
453,0,1.8890,0.0180
18,0,2.0110,0.1220
453,0,2.0380,0.0270
453,0,2.0610,0.0230
24,0,2.1050,0.0440
80,0,2.2480,0.1430
80,0,2.2670,0.0190
453,0,2.2760,0.0090
453,0,2.2920,0.0160
18,0,2.3230,0.0310
24,0,2.3390,0.0160
51,0,2.4640,0.1250
15,0,2.4800,0.0160
15,0,2.5100,0.0300
24,0,2.5890,0.0790
85,0,2.6040,0.0150
17,0,2.6200,0.0160
54,0,2.6830,0.0630
356,0,2.7600,0.0770
453,0,2.8700,0.1100
15,0,2.8850,0.0150
38,0,2.9010,0.0160
297,0,2.9170,0.0160
15,0,2.9500,0.0330
85,0,2.9680,0.0180
33,0,2.9950,0.0270
85,0,3.0230,0.0280
76,0,3.0270,0.0040
293,0,3.0780,0.0510
15,0,3.3720,0.2940
37,0,3.4790,0.1070
354,0,3.4990,0.0200
417,0,3.5120,0.0130
417,0,3.5270,0.0150
80,0,3.5430,0.0160
40,0,3.5610,0.0180
49,0,3.5750,0.0140
49,0,3.5890,0.0140
80,0,3.6080,0.0190
369,0,3.6220,0.0140
15,0,3.6350,0.0130
1,2,3.6680,0.0330
40,0,3.6820,0.0140
80,0,3.6990,0.0170
80,0,3.7300,0.0310
80,0,3.7460,0.0160
80,2,3.7600,0.0140
80,0,3.7780,0.0180
24,2,3.7920,0.0140
466,0,3.8080,0.0160
18,2,3.8230,0.0150
24,2,3.8390,0.0160
112,2,3.8700,0.0310
369,0,3.8860,0.0160
15,0,3.9010,0.0150
24,0,3.9490,0.0480
40,0,3.9950,0.0460
112,2,4.0110,0.0160
24,0,4.0270,0.0160
369,0,4.0420,0.0150
24,4,4.0580,0.0160
466,2,4.0730,0.0150
55,0,4.0880,0.0150
49,0,4.1060,0.0180
40,0,4.1230,0.0170
49,0,4.1360,0.0130
49,0,4.1690,0.0330
80,2,4.1800,0.0110
369,0,4.1800,0.0110
80,2,4.1820,0.0020
369,0,4.2020,0.0200
80,4,4.2100,0.0080
80,2,4.2140,0.0040
80,3,4.2310,0.0170
369,0,4.2490,0.0180
80,3,4.2600,0.0110
49,0,4.2760,0.0160
49,0,4.2920,0.0160
55,0,4.3230,0.0310
28,3,4.3390,0.0160
55,0,4.3700,0.0310
466,3,4.3890,0.0190
23,2,4.4010,0.0120
18,0,4.4170,0.0160
112,2,4.5260,0.1090
112,4,4.5410,0.0150
466,2,4.5580,0.0170
466,2,4.5730,0.0150
466,0,4.6050,0.0320
466,4,4.6210,0.0160466,4,4.6210,0.0160
24,3,4.6380,0.0170
80,2,4.6520,0.0140
61,0,4.6690,0.0170
61,0,4.6690,0.0170
49,0,4.6830,0.0140
55,2,4.7000,0.0170
49,3,4.7150,0.0150
80,2,4.7310,0.0160
466,4,4.7470,0.0160
inetrval
         

466,4,4.7470,0.0160
inetrval
         

80,3,4.7620,0.0150
466,0,4.7770,0.0150
4,0,4.7920,0.0150
51,0,4.8560,0.0640
76,0,4.8720,0.0160
51,0,4.9030,0.0310
76,0,4.9200,0.0170
76,0,4.9340,0.0140
76,0,4.9490,0.0150
76,0,4.9650,0.0160
76,0,4.9820,0.0170
76,0,4.9960,0.0140
76,0,5.0120,0.0160
76,0,5.0280,0.0160
416,0,5.0440,0.0160
24,0,5.0920,0.0480
73,0,5.2300,0.1380
73,0,5.2490,0.0190
18,0,5.3860,0.1370
23,0,5.4050,0.0190
23,0,5.4240,0.0190
24,0,5.4810,0.0570
24,0,5.4980,0.0170
35,0,5.5130,0.0150
416,0,5.5900,0.0770
416,0,5.6200,0.0300
453,0,5.6360,0.0160
453,0,5.6520,0.0160
72,0,5.6720,0.0200
51,0,5.6840,0.0120
7,0,5.6990,0.0150
453,0,5.7960,0.0970
24,0,5.8900,0.0940
453,0,5.9660,0.0760
453,0,6.0140,0.0480
416,0,6.0300,0.0160
35,0,6.1080,0.0780
35,0,6.1230,0.0150
35,0,6.1400,0.0170
35,0,6.1540,0.0140
35,0,6.1700,0.0160
35,0,6.1870,0.0170
24,0,6.2150,0.0280
73,0,6.2310,0.0160
35,0,6.2960,0.0650
416,0,6.3990,0.1030
35,0,6.4810,0.0820
35,0,6.4980,0.0170
35,0,6.5110,0.0130
24,0,6.6050,0.0940
24,0,6.8570,0.2520
416,0,6.9490,0.0920
54,0,6.9650,0.0160
140,0,7.0000,0.0350
25,0,7.0120,0.0120
453,0,7.0290,0.0170
18,0,7.0440,0.0150
18,0,7.0590,0.0150
18,0,7.0900,0.0310
18,0,7.1060,0.0160
23,0,7.1230,0.0170
37,0,7.1370,0.0140
80,0,7.1680,0.0310
247,0,7.2950,0.1270
247,0,7.3120,0.0170
33,0,7.3560,0.0440
18,0,7.3710,0.0150
18,0,7.3870,0.0160
19,0,7.4640,0.0770
18,0,7.4790,0.0150
23,0,7.5000,0.0210
15,0,7.5280,0.0280
18,0,7.5440,0.0160
51,0,7.8400,0.2960
51,0,7.8720,0.0320
61,0,7.8890,0.0170
35,0,7.9480,0.0590
4101,0,7.9650,0.0170
4224,0,7.9800,0.0150
297,0,7.9960,0.0160
0,0,8.0460,0.0500
15,0,8.0580,0.0120
289,0,8.0900,0.0320
22,0,8.1040,0.0140
23,0,8.1380,0.0340
28,0,8.1510,0.0130
18,0,8.1700,0.0190
5349,0,8.1980,0.0280
416,0,8.2640,0.0660
35,0,8.2830,0.0190
453,0,8.3090,0.0260
453,0,8.3300,0.0210
416,0,8.3390,0.0090
35,0,8.3720,0.0330
192,0,8.4700,0.0980
35,0,8.4850,0.0150
453,0,8.5120,0.0270
35,0,8.5420,0.0300
416,0,8.5650,0.0230
35,0,8.5970,0.0320
35,0,8.6050,0.0080
22,0,8.6700,0.0650
22,0,8.6850,0.0150
35,0,8.7290,0.0440
35,0,8.7610,0.0320
444,0,8.7970,0.0360
35,0,8.8160,0.0190
35,0,8.8270,0.0110
356,0,8.8460,0.0190
33,0,8.8930,0.0470
33,0,8.8970,0.0040
22,0,8.9020,0.0050
289,0,8.9170,0.0150
22,0,8.9430,0.0260
22,0,8.9500,0.0070
282,0,8.9700,0.0200
36,0,8.9800,0.0100
35,0,9.0440,0.0640
453,0,9.0600,0.0160
72,0,9.0790,0.0190
453,0,9.0960,0.0170
453,0,9.1100,0.0140
35,0,9.1440,0.0340
35,0,9.1540,0.0100
22,0,9.1860,0.0320
453,0,9.2030,0.0170
4151,0,9.3400,0.1370
80,0,9.3580,0.0180
54,0,9.3730,0.0150
416,0,9.3870,0.0140
35,0,9.4190,0.0320
80,0,9.4490,0.0300
22,0,9.4820,0.0330
416,0,9.4990,0.0170
453,0,9.5300,0.0310
416,0,9.5440,0.0140
54,0,9.5610,0.0170
35,0,9.5760,0.0150
35,0,9.5900,0.0140
35,0,9.6080,0.0180
35,0,9.6190,0.0110
35,0,9.6200,0.0010
35,0,9.6410,0.0210
35,0,9.6510,0.0100
35,0,9.6670,0.0160
347,0,9.6840,0.0170
416,0,9.7000,0.0160
54,0,9.8270,0.1270
453,0,9.8720,0.0450
416,0,9.9030,0.0310
35,0,9.9340,0.0310
453,0,9.9660,0.0320
453,0,9.9870,0.0210
4151,0,10.0000,0.0130
453,0,10.0580,0.0580
416,0,10.1080,0.0500
37,0,10.1390,0.0310
51,0,10.1570,0.0180
369,0,10.1650,0.0080
469,3,10.1670,0.0020
80,0,10.2000,0.0330
416,0,10.2150,0.0150
453,0,10.2460,0.0310
416,0,10.2620,0.0160
35,0,10.2780,0.0160
453,0,10.2960,0.0180
453,0,10.3080,0.0120
72,0,10.4320,0.1240
416,0,10.4500,0.0180
35,0,10.4670,0.0170
453,0,10.4810,0.0140
453,0,10.5140,0.0330
416,0,10.5270,0.0130
340,0,10.5770,0.0500
453,0,10.6100,0.0330
453,0,10.6220,0.0120
416,0,10.6400,0.0180
94,0,10.6710,0.0310
14,0,10.7000,0.0290
94,0,10.7160,0.0160
