SysID,Thread ID,time,inetrval
14,0,0.2350,0.2350
80,0,0.5790,0.3440
80,0,0.5940,0.0150
80,0,0.6100,0.0160
18,0,0.6250,0.0150
18,0,0.6880,0.0630
18,0,0.7820,0.0940
15,0,0.8010,0.0190
37,0,0.9860,0.1850
55,0,1.0320,0.0460
61,0,1.0630,0.0310
51,0,1.0940,0.0310
49,0,1.1740,0.0800
80,0,1.1900,0.0160
80,0,1.2040,0.0140
347,0,1.2350,0.0310
80,0,1.3610,0.1260
80,0,1.5170,0.1560
15,0,1.5330,0.0160
76,0,1.5810,0.0480
416,0,1.5950,0.0140
453,0,1.6250,0.0300
453,0,1.6740,0.0490
453,0,1.6890,0.0150
18,0,1.8130,0.1240
23,0,1.8290,0.0160
453,0,1.8440,0.0150
453,0,1.8750,0.0310
24,0,1.9240,0.0490
80,0,2.0290,0.1050
80,0,2.0320,0.0030
453,0,2.0470,0.0150
18,0,2.0790,0.0320
24,0,2.1410,0.0620
51,0,2.2810,0.1400
15,0,2.2970,0.0160
51,0,2.3130,0.0160
51,0,2.3280,0.0150
24,0,2.4070,0.0790
85,0,2.4270,0.0200
17,0,2.4390,0.0120
54,0,2.5020,0.0630
340,0,2.5210,0.0190
356,0,2.5940,0.0730
453,0,2.7190,0.1250
15,0,2.7390,0.0200
38,0,2.7520,0.0130
297,0,2.7680,0.0160
15,0,2.8020,0.0340
85,0,2.8130,0.0110
33,0,2.8450,0.0320
15,0,2.8620,0.0170
76,0,2.8730,0.0110
15,0,2.8750,0.0020
453,0,2.8920,0.0170
293,0,2.9560,0.0640
15,0,3.2690,0.3130
37,0,3.3760,0.1070
173,0,3.3990,0.0230
196,0,3.4090,0.0100
417,0,3.4290,0.0200
80,0,3.4430,0.0140
40,0,3.4580,0.0150
49,0,3.4690,0.0110
49,0,3.4890,0.0200
369,0,3.5190,0.0300
67,2,3.5320,0.0130
55,0,3.5630,0.0310
40,0,3.5780,0.0150
24,2,3.5940,0.0160
24,2,3.6110,0.0170
18,2,3.6250,0.0140
80,0,3.6410,0.0160
466,0,3.6560,0.0150
112,2,3.6920,0.0360
469,2,3.7040,0.0120
55,0,3.7350,0.0310
40,0,3.7670,0.0320
80,2,3.7820,0.0150
80,0,3.7970,0.0150
24,2,3.8130,0.0160
369,0,3.8750,0.0620
28,2,3.8910,0.0160
112,3,3.9220,0.0310
40,0,3.9380,0.0160
24,2,3.9530,0.0150
369,0,3.9850,0.0320
15,0,4.0000,0.0150
80,2,4.0310,0.0310
80,0,4.0480,0.0170
49,0,4.0800,0.0320
49,0,4.0960,0.0160
49,0,4.1220,0.0260
80,3,4.1260,0.0040
49,0,4.1430,0.0170
15,0,4.1590,0.0160
80,3,4.1700,0.0110

inetrval
       
80,3,4.1700,0.0110

inetrval
       
469,2,4.1720,0.0020
49,0,4.1890,0.0170
49,0,4.2030,0.0140
80,2,4.2200,0.0170
469,2,4.2350,0.0150
18,0,4.2560,0.0210
24,0,4.2680,0.0120
369,0,4.3440,0.0760
49,0,4.3610,0.0170
80,0,4.3760,0.0150
80,2,4.3920,0.0160
80,3,4.4070,0.0150
80,3,4.4230,0.0160
15,0,4.4540,0.0310
55,0,4.4700,0.0160
28,3,4.4850,0.0150
80,0,4.5160,0.0310
466,2,4.5320,0.0160
4,0,4.5630,0.0310
80,2,4.5790,0.0160
61,3,4.6110,0.0320
61,4,4.6250,0.0140
61,4,4.6250,0.0140
49,4,4.6410,0.0160
112,3,4.6600,0.0190
80,3,4.6730,0.0130
51,0,4.7210,0.0480
51,0,4.7360,0.0150
76,0,4.7510,0.0150
51,0,4.7830,0.0320
76,0,4.7990,0.0160
76,0,4.8140,0.0150
76,0,4.8290,0.0150
76,0,4.8460,0.0170
76,0,4.8610,0.0150
76,0,4.8780,0.0170
416,0,4.8930,0.0150
24,0,4.9410,0.0480
24,0,4.9540,0.0130
73,0,5.0950,0.1410
73,0,5.1100,0.0150
18,0,5.2540,0.1440
23,0,5.2710,0.0170
23,0,5.2880,0.0170
24,0,5.3320,0.0440
24,0,5.3490,0.0170
24,0,5.3610,0.0120
416,0,5.4240,0.0630
416,0,5.4610,0.0370
453,0,5.4690,0.0080
453,0,5.4950,0.0260
192,0,5.5030,0.0080
51,0,5.5350,0.0320
416,0,5.5510,0.0160
453,0,5.6250,0.0740
24,0,5.7350,0.1100
453,0,5.8140,0.0790
453,0,5.8610,0.0470
453,0,5.8770,0.0160
35,0,5.9690,0.0920
35,0,6.0010,0.0320
35,0,6.0320,0.0310
35,0,6.0570,0.0250
24,0,6.0890,0.0320
73,0,6.0960,0.0070
35,0,6.1590,0.0630
416,0,6.2700,0.1110
35,0,6.3600,0.0900
35,0,6.3750,0.0150
35,0,6.3910,0.0160
24,0,6.4850,0.0940
24,0,6.6880,0.2030
416,0,6.8280,0.1400
80,0,6.8470,0.0190
140,0,6.8750,0.0280
25,0,6.8910,0.0160
453,0,6.9070,0.0160
18,0,6.9220,0.0150
18,0,6.9690,0.0470
18,0,6.9850,0.0160
37,0,7.0000,0.0150
24,0,7.0160,0.0160
80,0,7.0320,0.0160
247,0,7.1720,0.1400
33,0,7.2350,0.0630
18,0,7.2500,0.0150
19,0,7.3280,0.0780
18,0,7.3440,0.0160
18,0,7.3600,0.0160
15,0,7.3910,0.0310
24,0,7.4220,0.0310
51,0,7.7030,0.2810
51,0,7.7350,0.0320
61,0,7.7500,0.0150
35,0,7.7970,0.0470
4101,0,7.8280,0.0310
297,0,7.8540,0.0260
66,0,7.8610,0.0070
0,0,7.8950,0.0340
15,0,7.9120,0.0170
25,0,7.9230,0.0110
289,0,7.9450,0.0220
22,0,7.9590,0.0140
23,0,7.9900,0.0310
28,0,8.0160,0.0260
5349,0,8.0470,0.0310
24,0,8.0790,0.0320
416,0,8.1290,0.0500
35,0,8.1420,0.0130
35,0,8.1730,0.0310
22,0,8.2510,0.0780
22,0,8.2670,0.0160
35,0,8.3290,0.0620
35,0,8.3450,0.0160
35,0,8.3590,0.0140
444,0,8.3780,0.0190
356,0,8.3940,0.0160
35,0,8.4230,0.0290
356,0,8.4410,0.0180
33,0,8.4850,0.0440
289,0,8.5060,0.0210
22,0,8.5180,0.0120
22,0,8.5320,0.0140
72,0,8.5530,0.0210
282,0,8.5630,0.0100
33,0,8.5800,0.0170
35,0,8.6280,0.0480
22,0,8.6420,0.0140
453,0,8.6580,0.0160
72,0,8.6750,0.0170
453,0,8.6900,0.0150
453,0,8.7050,0.0150
453,0,8.7680,0.0630
416,0,8.7830,0.0150
453,0,8.8150,0.0320
416,0,8.8320,0.0170
4151,0,8.8610,0.0290
453,0,8.8770,0.0160
24,0,8.9720,0.0950
40,0,8.9880,0.0160
33,0,9.0020,0.0140
18,0,9.0160,0.0140
73,0,9.0340,0.0180
140,0,9.0660,0.0320
15,0,9.0810,0.0150
105,0,9.1110,0.0300
4162,0,9.1420,0.0310
35,0,9.1590,0.0170
35,0,9.1970,0.0380
35,0,9.2070,0.0100
192,0,9.3000,0.0930
453,0,9.3310,0.0310
453,0,9.3470,0.0160
35,0,9.3620,0.0150
453,0,9.3790,0.0170
416,0,9.3930,0.0140
453,0,9.4240,0.0310
453,0,9.4400,0.0160
5125,0,9.4560,0.0160
4151,0,9.4860,0.0300
4151,0,9.5020,0.0160
416,0,9.5200,0.0180
453,0,9.5970,0.0770
453,0,9.6100,0.0130
35,0,9.6310,0.0210
35,0,9.6500,0.0190
35,0,9.6590,0.0090
35,0,9.6800,0.0210
35,0,9.6910,0.0110
35,0,9.7100,0.0190
35,0,9.7240,0.0140
35,0,9.7370,0.0130
416,0,9.7990,0.0620
35,0,9.8310,0.0320
22,0,9.8950,0.0640
4151,0,10.0490,0.1540
80,0,10.0700,0.0210
25,0,10.0820,0.0120
416,0,10.0980,0.0160
35,0,10.1420,0.0440
80,0,10.1750,0.0330
22,0,10.2260,0.0510
14,0,10.2570,0.0310
417,0,10.3510,0.0940
67,0,10.3590,0.0080
25,0,10.4380,0.0790
85,0,10.5010,0.0630
80,0,10.5800,0.0790
360,0,10.7040,0.1240
