SysID,Thread ID,time,inetrval
14,0,0.2020,0.2020
80,0,0.5300,0.3280
80,0,0.5460,0.0160
80,0,0.5620,0.0160
18,0,0.6260,0.0640
18,0,0.7220,0.0960
37,0,0.9080,0.1860
55,0,0.9400,0.0320
61,0,0.9710,0.0310
51,0,0.9990,0.0280
49,0,1.0790,0.0800
80,0,1.0950,0.0160
347,0,1.1270,0.0320
80,0,1.2330,0.1060
80,0,1.3910,0.1580
15,0,1.4060,0.0150
76,0,1.4370,0.0310
416,0,1.4680,0.0310
453,0,1.4830,0.0150
453,0,1.5150,0.0320
453,0,1.5470,0.0320
18,0,1.6550,0.1080
23,0,1.6710,0.0160
453,0,1.6870,0.0160
453,0,1.7190,0.0320
24,0,1.7330,0.0140
24,0,1.8130,0.0800
80,0,1.8440,0.0310
80,0,1.8620,0.0180
453,0,1.8760,0.0140
18,0,1.9060,0.0300
51,0,2.0460,0.1400
15,0,2.0610,0.0150
51,0,2.0940,0.0330
51,0,2.1090,0.0150
24,0,2.1900,0.0810
85,0,2.2050,0.0150
17,0,2.2190,0.0140
17,0,2.2330,0.0140
54,0,2.2960,0.0630
340,0,2.3120,0.0160
356,0,2.3740,0.0620
453,0,2.4830,0.1090
15,0,2.4990,0.0160
38,0,2.5300,0.0310
15,0,2.5640,0.0340
85,0,2.5780,0.0140
33,0,2.6080,0.0300
15,0,2.6240,0.0160
85,0,2.6420,0.0180
293,0,2.6910,0.0490
24,0,2.8930,0.2020
15,0,2.9550,0.0620
37,0,3.0560,0.1010
354,0,3.0640,0.0080
417,0,3.0880,0.0240
196,0,3.0930,0.0050
417,0,3.1130,0.0200
80,0,3.1400,0.0270
18,0,3.1860,0.0460
51,0,3.2190,0.0330
369,0,3.2990,0.0800
67,2,3.3120,0.0130
55,0,3.3280,0.0160
469,2,3.3430,0.0150
40,0,3.3900,0.0470
49,0,3.4060,0.0160
80,0,3.4220,0.0160
49,2,3.4360,0.0140
80,0,3.4370,0.0010
466,2,3.4690,0.0320
18,0,3.4860,0.0170
24,0,3.5040,0.0180
112,0,3.5350,0.0310
40,0,3.5460,0.0110
49,0,3.5790,0.0330
49,2,3.5920,0.0130
80,2,3.5930,0.0010
466,2,3.6100,0.0170
55,0,3.6250,0.0150
24,0,3.6560,0.0310
40,2,3.6710,0.0150
80,2,3.6870,0.0160
49,0,3.7020,0.0150
466,2,3.7190,0.0170
369,2,3.7340,0.0150
40,0,3.7490,0.0150
49,0,3.7840,0.0350
49,0,3.7840,0.0350
80,0,3.7960,0.0120
80,0,3.7960,0.0120
80,0,3.8120,0.0160
469,3,3.8280,0.0160
49,0,3.8610,0.0330
49,0,3.8610,0.0330
49,2,3.8740,0.0130

inetrval
       
369,0,3.8880,0.0140
49,2,3.8900,0.0020
112,0,3.9050,0.0150
55,0,3.9220,0.0170
80,3,3.9410,0.0190
80,0,3.9530,0.0120
49,0,3.9690,0.0160
28,3,3.9690,0.0160
4,0,3.9840,0.0150
51,0,4.0170,0.0330
76,0,4.0370,0.0200
76,0,4.0520,0.0150
51,0,4.0780,0.0260
15,0,4.1010,0.0230
76,0,4.1110,0.0100
76,0,4.1240,0.0130
416,0,4.1550,0.0310
24,0,4.2060,0.0510
73,0,4.4060,0.2000
24,0,4.4210,0.0150
18,0,4.5470,0.1260
23,0,4.5670,0.0200
23,0,4.5800,0.0130
24,0,4.6280,0.0480
24,0,4.6430,0.0150
35,0,4.6710,0.0280
416,0,4.7020,0.0310
416,0,4.7340,0.0320
453,0,4.7550,0.0210
25,0,4.7670,0.0120
192,0,4.7820,0.0150
51,0,4.8130,0.0310
453,0,4.8930,0.0800
24,0,5.0020,0.1090
453,0,5.0780,0.0760
453,0,5.1110,0.0330
453,0,5.1260,0.0150
416,0,5.1420,0.0160
35,0,5.2180,0.0760
35,0,5.2540,0.0360
35,0,5.2720,0.0180
35,0,5.2860,0.0140
35,0,5.3030,0.0170
24,0,5.3160,0.0130
73,0,5.3480,0.0320
35,0,5.4060,0.0580
416,0,5.5030,0.0970
35,0,5.5770,0.0740
35,0,5.6040,0.0270
35,0,5.6050,0.0010
35,0,5.6090,0.0040
24,0,5.7020,0.0930
24,0,5.9360,0.2340
416,0,6.0150,0.0790
80,0,6.0310,0.0160
140,0,6.0470,0.0160
25,0,6.0780,0.0310
453,0,6.0940,0.0160
18,0,6.1090,0.0150
18,0,6.1410,0.0320
18,0,6.1560,0.0150
37,0,6.1720,0.0160
80,0,6.2050,0.0330
51,0,6.3280,0.1230
35,0,6.3750,0.0470
35,0,6.3910,0.0160
37,0,6.4070,0.0160
4098,0,6.4220,0.0150
0,0,6.4690,0.0470
25,0,6.4850,0.0160
289,0,6.5010,0.0160
22,0,6.5150,0.0140
23,0,6.5470,0.0320
28,0,6.5620,0.0150
15,0,6.5780,0.0160
5349,0,6.5940,0.0160
416,0,6.6100,0.0160
24,0,6.6410,0.0310
416,0,6.6710,0.0300
416,0,6.6860,0.0150
24,0,6.6870,0.0010
73,0,6.7490,0.0620
24,0,6.8740,0.1250
24,0,6.8900,0.0160
35,0,6.9210,0.0310
5125,0,6.9530,0.0320
33,0,6.9750,0.0220
297,0,6.9890,0.0140
15,0,7.0040,0.0150
4162,0,7.0380,0.0340
4162,0,7.0510,0.0130
25,0,7.0680,0.0170
416,0,7.0830,0.0150
35,0,7.1150,0.0320
192,0,7.2020,0.0870
35,0,7.2230,0.0210
453,0,7.2410,0.0180
453,0,7.2530,0.0120
35,0,7.2830,0.0300
416,0,7.3030,0.0200
35,0,7.3140,0.0110
35,0,7.3360,0.0220
22,0,7.3970,0.0610
23,0,7.4060,0.0090
35,0,7.4550,0.0490
35,0,7.4860,0.0310
444,0,7.5020,0.0160
356,0,7.5170,0.0150
35,0,7.5480,0.0310
356,0,7.5620,0.0140
33,0,7.5940,0.0320
22,0,7.6110,0.0170
289,0,7.6260,0.0150
22,0,7.6450,0.0190
22,0,7.6580,0.0130
282,0,7.6760,0.0180
36,0,7.6880,0.0120
35,0,7.7350,0.0470
22,0,7.7510,0.0160
453,0,7.7670,0.0160
72,0,7.7840,0.0170
453,0,7.8000,0.0160
453,0,7.8150,0.0150
35,0,7.8460,0.0310
22,0,7.8970,0.0510
453,0,7.9100,0.0130
61,0,7.9580,0.0480
42,0,7.9720,0.0140
4151,0,8.0520,0.0800
80,0,8.0830,0.0310
24,0,8.1030,0.0200
14,0,8.1240,0.0210
417,0,8.1400,0.0160
24,0,8.1710,0.0310
73,0,8.2180,0.0470
24,0,8.2330,0.0150
24,0,8.3750,0.1420
85,0,8.4380,0.0630
74,0,8.4530,0.0150
61,0,8.5000,0.0470
85,0,8.5160,0.0160
39,0,8.5470,0.0310
462,0,8.5620,0.0150
51,0,8.6550,0.0930
30,0,8.7330,0.0780
51,0,8.7490,0.0160
51,0,8.7650,0.0160
51,0,8.7800,0.0150
297,0,8.7960,0.0160
17,0,8.8120,0.0160
4158,0,8.8270,0.0150
4272,0,8.8430,0.0160
4264,0,8.9070,0.0640
4212,0,8.9840,0.0770
5,0,9.0300,0.0460
4183,0,9.0460,0.0160
5,0,9.0810,0.0350
4096,0,9.1420,0.0610
5032,0,9.1640,0.0220
247,0,9.1750,0.0110
247,0,9.1900,0.0150
33,0,9.2420,0.0520
18,0,9.2530,0.0110
19,0,9.3160,0.0630
15,0,9.3340,0.0180
18,0,9.3440,0.0100
23,0,9.3630,0.0190
15,0,9.3760,0.0130
23,0,9.3930,0.0170
18,0,9.4550,0.0620
51,0,9.4690,0.0140
35,0,9.5020,0.0330
35,0,9.5170,0.0150
80,0,9.8170,0.3000
80,0,9.8320,0.0150
80,0,9.8480,0.0160
4188,0,9.8770,0.0290
4328,0,9.9210,0.0440
33,0,9.9520,0.0310
33,0,9.9790,0.0270
18,0,9.9850,0.0060
23,0,10.0150,0.0300
18,0,10.0380,0.0230
18,0,10.0470,0.0090
23,0,10.0740,0.0270
18,0,10.0790,0.0050
4,0,10.1020,0.0230
4,0,10.1080,0.0060
4,0,10.1420,0.0340
4,0,10.1600,0.0180
4819,0,10.2020,0.0420
4200,0,10.2230,0.0210
4131,0,10.2650,0.0420
4258,0,10.3000,0.0350
4212,0,10.3180,0.0180
4264,0,10.3290,0.0110
4212,0,10.3430,0.0140
4251,0,10.3650,0.0220
4129,0,10.3820,0.0170
18,0,10.4130,0.0310
51,0,10.4370,0.0240
4245,0,10.4580,0.0210
4212,0,10.5170,0.0590
4,0,10.5300,0.0130
85,0,10.5660,0.0360
74,0,10.5770,0.0110
23,0,10.6000,0.0230
4,0,10.6410,0.0410
4,0,10.6580,0.0170
4264,0,10.6740,0.0160
4103,0,10.6880,0.0140
5412,0,10.7090,0.0210
4187,0,10.7190,0.0100
5,0,10.7400,0.0210
4787,0,10.7510,0.0110
80,0,10.7730,0.0220
4131,0,10.7820,0.0090
4106,0,10.8120,0.0300
4211,0,10.8290,0.0170
5292,0,10.8440,0.0150
4115,0,10.8590,0.0150
22,0,10.8750,0.0160
15,0,10.9060,0.0310
4106,0,10.9220,0.0160
4258,0,10.9380,0.0160
5412,0,10.9530,0.0150
5412,0,10.9750,0.0220
4258,0,10.9870,0.0120
105,0,11.0190,0.0320
4110,0,11.0310,0.0120
4110,0,11.0560,0.0250
18,0,11.0620,0.0060
4,0,11.0850,0.0230
4,0,11.1560,0.0710
4,0,11.2020,0.0460
5292,0,11.2350,0.0330
4132,0,11.2840,0.0490
5,0,11.2990,0.0150
4132,0,11.3210,0.0220
4132,0,11.3280,0.0070
5,0,11.3540,0.0260
4110,0,11.3620,0.0080
4132,0,11.3750,0.0130
4132,0,11.3920,0.0170
4180,0,11.4240,0.0320
4221,0,11.4450,0.0210
4131,0,11.4520,0.0070
4258,0,11.4720,0.0200
4242,0,11.4820,0.0100
24,0,11.4850,0.0030
4103,0,11.5150,0.0300
4106,0,11.5460,0.0310
4128,0,11.5640,0.0180
5292,0,11.5930,0.0290
4144,0,11.6270,0.0340
4144,0,11.6460,0.0190
4144,0,11.6610,0.0150
5,0,11.6760,0.0150
5292,0,11.6930,0.0170
35,0,11.7050,0.0120
4180,0,11.7350,0.0300
4106,0,11.7650,0.0300
4171,0,11.7870,0.0220
4248,0,11.7960,0.0090
4125,0,11.8130,0.0170
4137,0,11.8280,0.0150
4154,0,11.8450,0.0170
4178,0,11.8610,0.0160
4189,0,11.8800,0.0190
4220,0,11.8940,0.0140
4106,0,11.9550,0.0610
4106,0,11.9760,0.0210
4483,0,11.9870,0.0110
4149,0,12.0460,0.0590
4267,0,12.0770,0.0310
4819,0,12.1080,0.0310
24,0,12.1410,0.0330
4,0,12.2030,0.0620
6,0,12.2250,0.0220
40,0,12.2390,0.0140
4298,0,12.2660,0.0270
356,0,12.3000,0.0340
356,0,12.3440,0.0440
180,0,12.4560,0.1120
300,0,12.4740,0.0180
10,0,12.4860,0.0120
37,0,12.5420,0.0560
356,0,12.5630,0.0210
356,0,12.5820,0.0190
18,0,12.6100,0.0280
61,0,12.6550,0.0450
61,0,12.6750,0.0200
49,0,12.6870,0.0120
14,0,12.7340,0.0470
24,0,12.7990,0.0650
4787,0,12.8740,0.0750
4328,0,12.9060,0.0320
22,0,12.9700,0.0640
23,0,13.0170,0.0470
23,0,13.0340,0.0170
23,0,13.0510,0.0170
22,0,13.0630,0.0120
50,0,13.0940,0.0310
50,0,13.1100,0.0160
4131,0,13.1250,0.0150
22,0,13.1410,0.0160
4825,0,13.2380,0.0970
4825,0,13.2810,0.0430
4825,0,13.3000,0.0190
5292,0,13.3090,0.0090
4220,0,13.3120,0.0030
4183,0,13.3270,0.0150
4111,0,13.3610,0.0340
4187,0,13.3760,0.0150
4177,0,13.3910,0.0150
4300,0,13.4090,0.0180
4294,0,13.4220,0.0130
4110,0,13.4370,0.0150
4103,0,13.4560,0.0190
4100,0,13.4700,0.0140
4102,0,13.4850,0.0150
4096,0,13.5130,0.0280
4103,0,13.5150,0.0020
4110,0,13.5300,0.0150
