SysID,Thread ID,time,inetrval
14,0,0.2360,0.2360
80,0,0.5630,0.3270
80,0,0.5910,0.0280
80,0,0.5960,0.0050
33,0,0.6200,0.0240
18,0,0.6560,0.0360
18,0,0.7650,0.1090
37,0,0.9370,0.1720
55,0,0.9690,0.0320
61,0,1.0150,0.0460
51,0,1.0310,0.0160
40,0,1.0470,0.0160
49,0,1.1090,0.0620
80,0,1.1400,0.0310
347,0,1.1730,0.0330
80,0,1.2810,0.1080
80,0,1.4370,0.1560
76,0,1.4860,0.0490
416,0,1.5010,0.0150
453,0,1.5320,0.0310
453,0,1.5640,0.0320
453,0,1.5940,0.0300
18,0,1.7030,0.1090
23,0,1.7660,0.0630
453,0,1.7870,0.0210
453,0,1.8130,0.0260
24,0,1.8320,0.0190
24,0,1.9070,0.0750
80,0,1.9370,0.0300
453,0,1.9840,0.0470
453,0,2.0160,0.0320
18,0,2.0620,0.0460
23,0,2.0780,0.0160
51,0,2.2820,0.2040
15,0,2.2980,0.0160
51,0,2.3300,0.0320
24,0,2.4230,0.0930
85,0,2.4570,0.0340
17,0,2.4680,0.0110
74,0,2.4890,0.0210
54,0,2.5470,0.0580
340,0,2.5730,0.0260
356,0,2.6410,0.0680
453,0,2.7500,0.1090
15,0,2.7700,0.0200
38,0,2.7970,0.0270
33,0,2.8140,0.0170
15,0,2.8280,0.0140
85,0,2.8470,0.0190
33,0,2.8760,0.0290
15,0,2.8930,0.0170
85,0,2.9090,0.0160
15,0,2.9230,0.0140
293,0,2.9720,0.0490
24,0,3.1820,0.2100
15,0,3.2690,0.0870
37,0,3.3770,0.1080
354,0,3.4070,0.0300
196,0,3.4230,0.0160
417,0,3.4380,0.0150
80,0,3.4550,0.0170
55,0,3.4710,0.0160
369,0,3.4850,0.0140
67,2,3.5310,0.0460
1,2,3.5640,0.0330
18,0,3.5780,0.0140
469,2,3.5940,0.0160
356,2,3.6870,0.0930
356,2,3.7030,0.0160
18,2,3.7660,0.0630
61,2,3.8430,0.0770
40,0,3.8750,0.0320
74,2,3.8910,0.0160
40,2,3.9060,0.0150
40,2,3.9060,0.0150
112,0,3.9220,0.0160
112,2,3.9380,0.0160
112,2,3.9380,0.0160
24,3,3.9690,0.0310
67,4,3.9830,0.0140
15,0,3.9850,0.0020
466,4,4.0020,0.0170
18,3,4.0150,0.0130
24,3,4.0310,0.0160
112,3,4.0620,0.0310
112,2,4.0780,0.0160
80,4,4.0950,0.0170
466,4,4.1100,0.0150
49,3,4.1260,0.0160
80,3,4.1400,0.0140
80,3,4.1570,0.0170
24,3,4.1870,0.0300
466,0,4.2050,0.0180
466,4,4.2190,0.0140
469,4,4.2340,0.0150
469,4,4.2520,0.0180
80,0,4.2660,0.0140
55,3,4.2820,0.0160
466,0,4.2970,0.0150
80,0,4.3150,0.0180
80,0,4.3280,0.0130
49,3,4.3490,0.0210
49,3,4.3490,0.0210
49,0,4.3600,0.0110
15,3,4.3750,0.0150
369,3,4.3900,0.0150
55,0,4.4070,0.0170
49,0,4.4250,0.0180
369,0,4.4380,0.0130
40,0,4.4700,0.0320
369,0,4.4850,0.0150
80,4,4.5060,0.0210
369,0,4.5160,0.0100
80,3,4.5320,0.0160
28,3,4.5630,0.0310
28,3,4.5630,0.0310
49,0,4.5790,0.0160
369,0,4.5940,0.0150
469,2,4.6100,0.0160
49,0,4.6260,0.0160
49,0,4.6410,0.0150
28,3,4.6720,0.0310
51,0,4.7350,0.0630
15,0,4.7510,0.0160
76,0,4.7660,0.0150
51,0,4.7970,0.0310
76,0,4.8120,0.0150
76,0,4.8280,0.0160
76,0,4.8440,0.0160
76,0,4.8590,0.0150
76,0,4.8750,0.0160
76,0,4.8900,0.0150
76,0,4.9060,0.0160
24,0,4.9690,0.0630
73,0,5.1130,0.1440
73,0,5.1250,0.0120
18,0,5.2680,0.1430
23,0,5.2880,0.0200
23,0,5.2970,0.0090
24,0,5.3540,0.0570
24,0,5.3610,0.0070
35,0,5.3930,0.0320
416,0,5.4410,0.0480
416,0,5.4710,0.0300
35,0,5.5490,0.0780
35,0,5.5710,0.0220
35,0,5.5760,0.0050
35,0,5.5940,0.0180
35,0,5.6100,0.0160
35,0,5.6250,0.0150
35,0,5.6410,0.0160
24,0,5.6580,0.0170
73,0,5.6740,0.0160
73,0,5.6890,0.0150
35,0,5.7340,0.0450
416,0,5.8290,0.0950
35,0,5.9260,0.0970
35,0,5.9460,0.0200
35,0,5.9480,0.0020
35,0,5.9530,0.0050
24,0,6.0490,0.0960
24,0,6.2690,0.2200
416,0,6.3620,0.0930
80,0,6.3800,0.0180
140,0,6.3920,0.0120
25,0,6.4260,0.0340
453,0,6.4400,0.0140
18,0,6.4540,0.0140
18,0,6.4860,0.0320
18,0,6.5020,0.0160
15,0,6.5200,0.0180
37,0,6.5350,0.0150
80,0,6.5500,0.0150
247,0,6.6430,0.0930
247,0,6.6600,0.0170
24,0,6.6750,0.0150
33,0,6.7080,0.0330
18,0,6.7220,0.0140
19,0,6.7850,0.0630
15,0,6.8000,0.0150
18,0,6.8150,0.0150
15,0,6.8460,0.0310
21,0,7.0830,0.2370
35,0,7.1450,0.0620
4101,0,7.1580,0.0130
5169,0,7.1760,0.0180
0,0,7.2210,0.0450
25,0,7.2370,0.0160
289,0,7.2530,0.0160
22,0,7.2670,0.0140
23,0,7.3090,0.0420
28,0,7.3150,0.0060
18,0,7.3430,0.0280
416,0,7.4070,0.0640
25,0,7.4320,0.0250
35,0,7.4410,0.0090
4151,0,7.4710,0.0300
453,0,7.4860,0.0150
51,0,7.5810,0.0950
33,0,7.6010,0.0200
18,0,7.6100,0.0090
17,0,7.6330,0.0230
73,0,7.6400,0.0070
140,0,7.6710,0.0310
105,0,7.7040,0.0330
4162,0,7.7370,0.0330
35,0,7.7660,0.0290
416,0,7.7880,0.0220
35,0,7.8140,0.0260
22,0,7.9030,0.0890
23,0,7.9060,0.0030
35,0,7.9560,0.0500
35,0,7.9880,0.0320
444,0,8.0160,0.0280
35,0,8.0490,0.0330
35,0,8.0630,0.0140
33,0,8.1110,0.0480
22,0,8.1270,0.0160
22,0,8.1430,0.0160
22,0,8.1590,0.0160
72,0,8.1740,0.0150
282,0,8.1910,0.0170
33,0,8.2040,0.0130
35,0,8.2520,0.0480
22,0,8.2670,0.0150
453,0,8.2820,0.0150
72,0,8.3000,0.0180
64,0,8.3150,0.0150
453,0,8.3300,0.0150
453,0,8.3460,0.0160
453,0,8.3920,0.0460
453,0,8.4240,0.0320
416,0,8.4420,0.0180
35,0,8.4700,0.0280
192,0,8.5640,0.0940
416,0,8.5810,0.0170
453,0,8.5960,0.0150
192,0,8.6120,0.0160
51,0,8.6260,0.0140
35,0,8.6440,0.0180
453,0,8.7220,0.0780
24,0,8.8000,0.0780
453,0,8.8770,0.0770
416,0,8.8940,0.0170
453,0,8.9240,0.0300
453,0,8.9400,0.0160
35,0,8.9560,0.0160
453,0,8.9720,0.0160
453,0,8.9880,0.0160
35,0,9.0030,0.0150
453,0,9.0190,0.0160
453,0,9.0500,0.0310
453,0,9.0660,0.0160
5125,0,9.0810,0.0150
4151,0,9.1130,0.0320
416,0,9.1430,0.0300
35,0,9.1610,0.0180
35,0,9.1760,0.0150
22,0,9.2070,0.0310
453,0,9.2220,0.0150
4151,0,9.3630,0.1410
80,0,9.3810,0.0180
25,0,9.3930,0.0120
416,0,9.4160,0.0230
35,0,9.4440,0.0280
80,0,9.4770,0.0330
22,0,9.5050,0.0280
14,0,9.5340,0.0290
417,0,9.5550,0.0210
24,0,9.6520,0.0970
4158,0,9.6570,0.0050
4264,0,9.7340,0.0770
4158,0,9.7520,0.0180
4264,0,9.7760,0.0240
340,0,9.7810,0.0050
61,0,9.8140,0.0330
347,0,9.8350,0.0210
72,0,9.8470,0.0120
347,0,9.8770,0.0300
54,0,9.8990,0.0220
347,0,9.9260,0.0270
55,0,9.9430,0.0170
15,0,9.9520,0.0090
4,0,9.9530,0.0010
72,0,9.9850,0.0320
49,0,10.0030,0.0180
453,0,10.0210,0.0180
453,0,10.0370,0.0160
18,0,10.0520,0.0150
18,0,10.0670,0.0150
51,0,10.0750,0.0080
7,0,10.0800,0.0050
14,0,10.1720,0.0920
24,0,10.2030,0.0310
80,0,10.2660,0.0630
4258,0,10.2970,0.0310
4103,0,10.3300,0.0330
5,0,10.3610,0.0310
340,0,10.3920,0.0310
61,0,10.4060,0.0140
21,0,10.4380,0.0320
4324,0,10.4530,0.0150
4158,0,10.4710,0.0180
21,0,10.4900,0.0190
21,0,10.5010,0.0110
80,0,10.5800,0.0790
4272,0,10.6040,0.0240
4107,0,10.6120,0.0080
80,0,10.6330,0.0210
4106,0,10.6450,0.0120
4171,0,10.6630,0.0180
5292,0,10.6660,0.0030
4107,0,10.6770,0.0110
4155,0,10.6940,0.0170
4137,0,10.7240,0.0300
4107,0,10.7390,0.0150
4106,0,10.7500,0.0110
4252,0,10.7820,0.0320
4178,0,10.7970,0.0150
4107,0,10.8140,0.0170
80,0,10.8290,0.0150
4131,0,10.8440,0.0150
4264,0,10.8910,0.0470
4212,0,10.9220,0.0310
4158,0,10.9380,0.0160
5,0,10.9570,0.0190
5,0,10.9760,0.0190
21,0,11.0030,0.0270
4245,0,11.0190,0.0160
5,0,11.0360,0.0170
80,0,11.0430,0.0070
33,0,11.0620,0.0190
341,0,11.0940,0.0320
18,0,11.1320,0.0380
18,0,11.1420,0.0100
18,0,11.1720,0.0300
4,0,11.2030,0.0310
24,0,11.2240,0.0210
4,0,11.2390,0.0150
4,0,11.2570,0.0180
4,0,11.2650,0.0080
4328,0,11.2990,0.0340
4802,0,11.3210,0.0220
4819,0,11.3530,0.0320
5,0,11.3600,0.0070
4098,0,11.4260,0.0660
5059,0,11.4510,0.0250
5059,0,11.4530,0.0020
5,0,11.4740,0.0210
5225,0,11.4900,0.0160
4188,0,11.5160,0.0260
80,0,11.5410,0.0250
4211,0,11.5470,0.0060
5292,0,11.5780,0.0310
37,0,11.6120,0.0340
49,0,11.6250,0.0130
453,0,11.6750,0.0500
14,0,11.7370,0.0620
4166,0,11.7650,0.0280
4100,0,11.7820,0.0170
5382,0,11.7980,0.0160
5,0,11.8290,0.0310
4132,0,11.8770,0.0480
5,0,11.8910,0.0140
4212,0,11.9080,0.0170
4203,0,11.9240,0.0160
4162,0,11.9380,0.0140
4203,0,11.9590,0.0210
4100,0,11.9710,0.0120
5,0,11.9890,0.0180
4132,0,12.0030,0.0140
5,0,12.0190,0.0160
5,0,12.0340,0.0150
80,0,12.0520,0.0180
4106,0,12.0650,0.0130
4149,0,12.0820,0.0170
4247,0,12.1110,0.0290
4107,0,12.1270,0.0160
21,0,12.1590,0.0320
4106,0,12.1770,0.0180
4222,0,12.1920,0.0150
4107,0,12.2110,0.0190
4178,0,12.2210,0.0100
80,0,12.2410,0.0200
4152,0,12.2670,0.0260
4104,0,12.2810,0.0140
4104,0,12.3040,0.0230
4107,0,12.3160,0.0120
4107,0,12.3360,0.0200
4104,0,12.3460,0.0100
4104,0,12.3660,0.0200
4100,0,12.3970,0.0310
4162,0,12.4240,0.0270
5412,0,12.4450,0.0210
4103,0,12.4490,0.0040
5,0,12.4560,0.0070
0,0,12.4730,0.0170
23,0,12.4860,0.0130
22,0,12.5040,0.0180
4212,0,12.5150,0.0110
4103,0,12.5370,0.0220
4103,0,12.5460,0.0090
4211,0,12.5730,0.0270
4188,0,12.5780,0.0050
5292,0,12.5930,0.0150
4132,0,12.6250,0.0320
5,0,12.6410,0.0160
4200,0,12.6560,0.0150
5292,0,12.6870,0.0310
4158,0,12.7030,0.0160
51,0,12.7190,0.0160
23,0,12.7340,0.0150
85,0,12.7820,0.0480
40,0,12.8040,0.0220
18,0,12.8140,0.0100
4,0,12.8750,0.0610
4158,0,12.9040,0.0290
4264,0,12.9060,0.0020
5,0,12.9340,0.0280
24,0,12.9380,0.0040
4162,0,12.9720,0.0340
5,0,12.9900,0.0180
4128,0,13.0060,0.0160
4184,0,13.0230,0.0170
4221,0,13.0350,0.0120
4173,0,13.0570,0.0220
5292,0,13.0670,0.0100
5230,0,13.0850,0.0180
4100,0,13.0990,0.0140
4288,0,13.1140,0.0150
4173,0,13.1250,0.0110
4250,0,13.1420,0.0170
4131,0,13.1560,0.0140
4106,0,13.1760,0.0200
22,0,13.1890,0.0130
15,0,13.2210,0.0320
5292,0,13.2350,0.0140
4132,0,13.2820,0.0470
4144,0,13.3120,0.0300
4132,0,13.3280,0.0160
4132,0,13.3590,0.0310
4212,0,13.3750,0.0160
5382,0,13.3910,0.0160
5412,0,13.4220,0.0310
5292,0,13.4370,0.0150
4188,0,13.4530,0.0160
105,0,13.4690,0.0160
4110,0,13.4840,0.0150
4110,0,13.5000,0.0160
4131,0,13.5150,0.0150
22,0,13.5310,0.0160
5,0,13.5470,0.0160
4106,0,13.5620,0.0150
4212,0,13.5790,0.0170
4144,0,13.5990,0.0200
4144,0,13.6610,0.0620
4183,0,13.6790,0.0180
24,0,13.6890,0.0100
21,0,13.7200,0.0310
21,0,13.7360,0.0160
21,0,13.7560,0.0200
4110,0,13.7670,0.0110
4110,0,13.7820,0.0150
4115,0,13.8150,0.0330
4132,0,13.8430,0.0280
4144,0,13.8630,0.0200
4110,0,13.8770,0.0140
4132,0,13.8940,0.0170
4110,0,13.9060,0.0120
4157,0,13.9250,0.0190
4203,0,13.9350,0.0100
4107,0,13.9370,0.0020
4106,0,13.9530,0.0160
4229,0,13.9690,0.0160
4205,0,13.9840,0.0150
4159,0,14.0000,0.0160
4191,0,14.0150,0.0150
4229,0,14.0310,0.0160
4167,0,14.0470,0.0160
4107,0,14.0620,0.0150
4107,0,14.0780,0.0160
4212,0,14.0930,0.0150
4110,0,14.1090,0.0160
4104,0,14.1250,0.0160
4288,0,14.1400,0.0150
4100,0,14.1560,0.0160
51,0,14.2430,0.0870
297,0,14.2520,0.0090
51,0,14.2710,0.0190
51,0,14.2820,0.0110
51,0,14.3000,0.0180
4177,0,14.3140,0.0140
5,0,14.3280,0.0140
4106,0,14.3450,0.0170
4106,0,14.3600,0.0150
4110,0,14.3760,0.0160
4151,0,14.3980,0.0220
5,0,14.4060,0.0080
4,0,14.4250,0.0190
4177,0,14.4560,0.0310
4158,0,14.4760,0.0200
4115,0,14.4880,0.0120
4124,0,14.5180,0.0300
4110,0,14.5330,0.0150
4110,0,14.5500,0.0170
4110,0,14.5800,0.0300
4110,0,14.5940,0.0140
4110,0,14.6150,0.0210
4110,0,14.6250,0.0100
4100,0,14.6420,0.0170
4110,0,14.6580,0.0160
21,0,14.6730,0.0150
4100,0,14.7220,0.0490
4122,0,14.7310,0.0090
4110,0,14.7340,0.0030
4293,0,14.7500,0.0160
4100,0,14.7810,0.0310
4342,0,14.7970,0.0160
4123,0,14.8120,0.0150
4,0,15.4310,0.6190
4,0,16.4520,1.0210
4,0,17.4680,1.0160
4,0,18.4830,1.0150
4,0,19.4860,1.0030
4,0,20.4860,1.0000
4,0,21.5160,1.0300
4102,0,21.5170,0.0010
4,0,22.5200,1.0030
4,0,23.5350,1.0150
4,0,24.5690,1.0340
4,0,25.6120,1.0430
4,0,26.6230,1.0110
4,0,27.6520,1.0290
4,0,28.6600,1.0080
4,0,29.6790,1.0190
4,0,30.7000,1.0210
4,0,31.7190,1.0190
4,0,32.7450,1.0260
4,0,33.7650,1.0200
4,0,34.7760,1.0110
4,0,35.7770,1.0010
4,0,36.7780,1.0010
4,0,37.8050,1.0270
4,0,38.8200,1.0150
4,0,39.8360,1.0160
4,0,40.8610,1.0250
4,0,41.8900,1.0290
4,0,42.9050,1.0150
4,0,43.9050,1.0000
4,0,44.9200,1.0150
4,0,45.9340,1.0140
4,0,46.9450,1.0110
4,0,47.9490,1.0040
4,0,48.9500,1.0010
4,0,49.9690,1.0190
4,0,51.0000,1.0310
4,0,52.0150,1.0150
4,0,53.0280,1.0130
4,0,54.0450,1.0170
4,0,55.0470,1.0020
4,0,56.0580,1.0110
4,0,57.0610,1.0030
4,0,58.0940,1.0330
4,0,59.1060,1.0120
