SysID,Thread ID,time,inetrval
14,0,0.2340,0.2340
80,0,0.5330,0.2990
80,0,0.5510,0.0180
80,0,0.5650,0.0140
18,0,0.6250,0.0600
18,0,0.7180,0.0930
37,0,0.8930,0.1750
55,0,0.9370,0.0440
61,0,0.9690,0.0320
51,0,0.9840,0.0150
40,0,1.0000,0.0160
49,0,1.0640,0.0640
80,0,1.0910,0.0270
80,0,1.0940,0.0030
347,0,1.1190,0.0250
347,0,1.1250,0.0060
80,0,1.2080,0.0830
80,0,1.3590,0.1510
15,0,1.3760,0.0170
76,0,1.4060,0.0300
416,0,1.4380,0.0320
453,0,1.4700,0.0320
453,0,1.5180,0.0480
453,0,1.5320,0.0140
18,0,1.6730,0.1410
453,0,1.6880,0.0150
453,0,1.7340,0.0460
24,0,1.7500,0.0160
24,0,1.8350,0.0850
80,0,1.8660,0.0310
453,0,1.8770,0.0110
453,0,1.8930,0.0160
18,0,1.9250,0.0320
51,0,2.0780,0.1530
15,0,2.0930,0.0150
51,0,2.1090,0.0160
51,0,2.1410,0.0320
24,0,2.2190,0.0780
85,0,2.2350,0.0160
17,0,2.2500,0.0150
54,0,2.3280,0.0780
340,0,2.3660,0.0380
356,0,2.4220,0.0560
453,0,2.5470,0.1250
15,0,2.5630,0.0160
38,0,2.5940,0.0310
15,0,2.6270,0.0330
85,0,2.6430,0.0160
33,0,2.6570,0.0140
15,0,2.6720,0.0150
76,0,2.6910,0.0190
15,0,2.7090,0.0180
293,0,2.7500,0.0410
24,0,2.9370,0.1870
15,0,3.0010,0.0640
37,0,3.1090,0.1080
354,0,3.1300,0.0210
173,0,3.1440,0.0140
144,0,3.1580,0.0140
417,0,3.1690,0.0110
417,0,3.1730,0.0040
55,0,3.1890,0.0160
49,0,3.2030,0.0140
49,0,3.2340,0.0310
55,0,3.2570,0.0230
49,0,3.2670,0.0100
49,0,3.2970,0.0300
18,0,3.3310,0.0340
55,0,3.3910,0.0600
40,0,3.4100,0.0190
49,0,3.4220,0.0120
24,0,3.4380,0.0160
40,0,3.4850,0.0470
49,0,3.5050,0.0200
369,0,3.5390,0.0340
15,0,3.5490,0.0100
67,2,3.5620,0.0130
1,2,3.5780,0.0160
469,2,3.5930,0.0150
369,2,3.6250,0.0320
67,3,3.6400,0.0150
469,2,3.6720,0.0320
67,4,3.6870,0.0150
49,0,3.7040,0.0170

80,0,3.7220,0.0180
40,0,3.7510,0.0290
80,0,3.7650,0.0140
49,0,3.7830,0.0180
369,0,3.7940,0.0110
15,0,3.7970,0.0030
4,0,3.8120,0.0150
51,0,3.8630,0.0510
51,0,3.8770,0.0140
51,0,3.8930,0.0160
76,0,3.9090,0.0160
76,0,3.9270,0.0180
76,0,3.9380,0.0110
416,0,3.9570,0.0190
35,0,4.0530,0.0960
35,0,4.0620,0.0090
35,0,4.0930,0.0310
35,0,4.1250,0.0320
35,0,4.1510,0.0260
35,0,4.1600,0.0090
24,0,4.1790,0.0190
73,0,4.2040,0.0250
73,0,4.2180,0.0140
35,0,4.2970,0.0790
18,0,4.3170,0.0200
23,0,4.3480,0.0310
24,0,4.4270,0.0790
416,0,4.4700,0.0430
24,0,4.5340,0.0640
35,0,4.5930,0.0590
35,0,4.6090,0.0160
35,0,4.6250,0.0160
35,0,4.6400,0.0150
35,0,4.6570,0.0170
24,0,4.9850,0.3280
416,0,5.0930,0.1080
416,0,5.1720,0.0790
35,0,5.2030,0.0310
54,0,5.2190,0.0160
140,0,5.2500,0.0310
25,0,5.2650,0.0150
453,0,5.2810,0.0160
18,0,5.2970,0.0160
18,0,5.3280,0.0310
18,0,5.3440,0.0160
15,0,5.3590,0.0150
37,0,5.3750,0.0160
80,0,5.4060,0.0310
51,0,5.5480,0.1420
35,0,5.5930,0.0450
4101,0,5.6090,0.0160
4224,0,5.6250,0.0160
0,0,5.6870,0.0620
289,0,5.7190,0.0320
22,0,5.7350,0.0160
23,0,5.7810,0.0460
28,0,5.8170,0.0360
18,0,5.8290,0.0120
5349,0,5.8470,0.0180
24,0,5.8920,0.0450
73,0,5.9920,0.1000
73,0,6.0040,0.0120
24,0,6.1130,0.1090
24,0,6.1320,0.0190
35,0,6.1420,0.0100
416,0,6.1920,0.0500
416,0,6.2030,0.0110
453,0,6.2180,0.0150
453,0,6.2360,0.0180
192,0,6.2500,0.0140
51,0,6.2810,0.0310
453,0,6.3770,0.0960
24,0,6.4880,0.1110
453,0,6.5380,0.0500
453,0,6.5780,0.0400
453,0,6.5940,0.0160
417,0,6.6090,0.0150
14,0,6.6250,0.0160
73,0,6.7030,0.0780
24,0,6.7340,0.0310
24,0,6.7500,0.0160
35,0,6.8590,0.1090
22,0,6.9060,0.0470
18,0,6.9220,0.0160
297,0,6.9370,0.0150
64,0,6.9530,0.0160
54,0,6.9680,0.0150
22,0,6.9840,0.0160
23,0,7.0000,0.0160
15,0,7.0160,0.0160
72,0,7.0310,0.0150
18,0,7.1090,0.0780
23,0,7.1250,0.0160
18,0,7.1400,0.0150
33,0,7.1560,0.0160
348,0,7.1720,0.0160
33,0,7.1870,0.0150
33,0,7.3590,0.1720
15,0,7.3900,0.0310
22,0,7.4060,0.0160
453,0,7.4220,0.0160
22,0,7.4370,0.0150
72,0,7.4680,0.0310
60,0,7.4840,0.0160
33,0,7.7200,0.2360
24,0,7.8000,0.0800
140,0,7.8150,0.0150
140,0,7.8930,0.0780
140,0,8.1110,0.2180
140,0,8.1300,0.0190
44,0,8.4090,0.2790
15,0,8.4850,0.0760
15,0,8.5160,0.0310
15,0,8.5360,0.0200
15,0,8.5500,0.0140
15,0,8.6120,0.0620
18,0,8.6280,0.0160
13,0,8.6450,0.0170
15,0,8.7810,0.1360
15,0,8.8340,0.0530
15,0,8.8500,0.0160
