SysID,Thread ID,time,inetrval
14,0,0.2390,0.2390
80,0,0.5310,0.2920
80,0,0.5470,0.0160
80,0,0.5620,0.0150
18,0,0.6250,0.0630
18,0,0.7190,0.0940
37,0,0.8920,0.1730
55,0,0.9250,0.0330
61,0,0.9570,0.0320
51,0,0.9880,0.0310
49,0,1.0640,0.0760
80,0,1.0880,0.0240
347,0,1.0940,0.0060
80,0,1.2030,0.1090
80,0,1.3320,0.1290
15,0,1.3430,0.0110
76,0,1.3760,0.0330
416,0,1.3910,0.0150
453,0,1.4210,0.0300
453,0,1.4530,0.0320
453,0,1.4700,0.0170
18,0,1.5940,0.1240
23,0,1.6100,0.0160
453,0,1.6270,0.0170
453,0,1.6560,0.0290
24,0,1.6720,0.0160
24,0,1.7500,0.0780
80,0,1.7840,0.0340
453,0,1.8000,0.0160
453,0,1.8160,0.0160
18,0,1.8340,0.0180
51,0,1.9690,0.1350
15,0,1.9850,0.0160
51,0,2.0010,0.0160
51,0,2.0160,0.0150
24,0,2.0840,0.0680
85,0,2.0970,0.0130
17,0,2.1140,0.0170
54,0,2.1760,0.0620
340,0,2.1870,0.0110
356,0,2.2820,0.0950
453,0,2.4090,0.1270
15,0,2.4220,0.0130
38,0,2.4370,0.0150
297,0,2.4530,0.0160
15,0,2.4690,0.0160
85,0,2.4850,0.0160
33,0,2.5160,0.0310
15,0,2.5310,0.0150
15,0,2.5470,0.0160
15,0,2.5620,0.0150
293,0,2.6090,0.0470
24,0,2.7970,0.1880
15,0,2.8610,0.0640
37,0,2.9550,0.0940
354,0,2.9840,0.0290
144,0,3.0070,0.0230
417,0,3.0180,0.0110
80,0,3.0340,0.0160
40,0,3.0480,0.0140
55,0,3.0690,0.0210
49,0,3.0790,0.0100
369,0,3.1000,0.0210
15,0,3.1140,0.0140
67,2,3.1250,0.0110
1,2,3.1420,0.0170
80,2,3.2030,0.0610
469,2,3.2340,0.0310
49,0,3.2510,0.0170
40,0,3.2660,0.0150
80,0,3.2810,0.0150
24,0,3.2970,0.0160
18,0,3.3130,0.0160
24,0,3.3300,0.0170
369,0,3.3440,0.0140
80,2,3.3670,0.0230
67,3,3.3750,0.0080
15,0,3.3920,0.0170
466,0,3.4220,0.0300
469,3,3.4370,0.0150
466,0,3.4530,0.0160
112,2,3.4700,0.0170
40,0,3.5010,0.0310
49,0,3.5150,0.0140
80,0,3.5320,0.0170
14,2,3.5470,0.0150
49,0,3.5640,0.0170
49,0,3.5780,0.0140
49,0,3.5980,0.0200
80,2,3.6100,0.0120
112,4,3.6230,0.0130
469,4,3.6250,0.0020
55,0,3.6410,0.0160
24,0,3.6580,0.0170
469,3,3.6710,0.0130
369,0,3.6720,0.0010
51,0,3.7520,0.0800
76,0,3.7720,0.0200
76,0,3.7820,0.0100
76,0,3.8040,0.0220
416,0,3.8160,0.0120
35,0,3.9100,0.0940
35,0,3.9290,0.0190
35,0,3.9400,0.0110
35,0,3.9700,0.0300
35,0,3.9930,0.0230
35,0,4.0020,0.0090
24,0,4.0340,0.0320
73,0,4.0680,0.0340
35,0,4.1420,0.0740
18,0,4.1630,0.0210
23,0,4.1760,0.0130
23,0,4.1940,0.0180
24,0,4.3150,0.1210
340,0,4.3650,0.0500
416,0,4.4100,0.0450
24,0,4.4300,0.0200
30,0,4.4430,0.0130
73,0,4.5940,0.1510
24,0,4.7150,0.1210
24,0,4.7200,0.0050
35,0,4.7440,0.0240
416,0,4.7810,0.0370
453,0,4.8320,0.0510
416,0,4.8450,0.0130
35,0,4.9090,0.0640
35,0,4.9260,0.0170
35,0,4.9400,0.0140
416,0,5.3300,0.3900
416,0,5.3780,0.0480
25,0,5.3950,0.0170
416,0,5.4080,0.0130
140,0,5.4410,0.0330
25,0,5.4560,0.0150
453,0,5.4730,0.0170
18,0,5.4880,0.0150
18,0,5.5190,0.0310
18,0,5.5320,0.0130
23,0,5.5500,0.0180
24,0,5.5670,0.0170
80,0,5.5810,0.0140
247,0,5.6740,0.0930
33,0,5.7230,0.0490
18,0,5.7380,0.0150
18,0,5.7520,0.0140
19,0,5.8160,0.0640
18,0,5.8320,0.0160
18,0,5.8410,0.0090
18,0,5.8440,0.0030
15,0,5.8600,0.0160
18,0,5.8750,0.0150
35,0,6.1440,0.2690
4101,0,6.1580,0.0140
5169,0,6.1760,0.0180
0,0,6.2220,0.0460
25,0,6.2380,0.0160
289,0,6.2530,0.0150
22,0,6.2690,0.0160
23,0,6.3000,0.0310
28,0,6.3160,0.0160
18,0,6.3310,0.0150
5349,0,6.3470,0.0160
416,0,6.3630,0.0160
453,0,6.3790,0.0160
453,0,6.3930,0.0140
72,0,6.4100,0.0170
51,0,6.4250,0.0150
35,0,6.4420,0.0170
453,0,6.5230,0.0810
24,0,6.5940,0.0710
24,0,6.6760,0.0820
453,0,6.7210,0.0450
14,0,6.7390,0.0180
417,0,6.7530,0.0140
7,0,6.7840,0.0310
7,0,6.7980,0.0140
7,0,6.8160,0.0180
15,0,6.8950,0.0790
15,0,6.9420,0.0470
15,0,6.9590,0.0170
15,0,6.9870,0.0280
13,0,7.0090,0.0220
13,0,7.0180,0.0090
15,0,7.1300,0.1120
15,0,7.1460,0.0160
13,0,7.2250,0.0790
15,0,7.2560,0.0310
15,0,7.2810,0.0250
