SysID,Thread ID,time,inetrval
14,0,0.2370,0.2370
80,0,0.5310,0.2940
80,0,0.5470,0.0160
18,0,0.5620,0.0150
18,0,0.6090,0.0470
18,0,0.7030,0.0940
37,0,0.8900,0.1870
55,0,0.9060,0.0160
61,0,0.9370,0.0310
51,0,0.9690,0.0320
49,0,1.0320,0.0630
80,0,1.0520,0.0200
80,0,1.0640,0.0120
347,0,1.0820,0.0180
80,0,1.1740,0.0920
80,0,1.2970,0.1230
15,0,1.3140,0.0170
76,0,1.3640,0.0500
416,0,1.3750,0.0110
453,0,1.4060,0.0310
453,0,1.4380,0.0320
453,0,1.4530,0.0150
18,0,1.5630,0.1100
23,0,1.5790,0.0160
453,0,1.5930,0.0140
453,0,1.6250,0.0320
24,0,1.6410,0.0160
24,0,1.7190,0.0780
80,0,1.7510,0.0320
453,0,1.7670,0.0160
453,0,1.7830,0.0160
18,0,1.7970,0.0140
51,0,1.9370,0.1400
15,0,1.9530,0.0160
51,0,1.9700,0.0170
51,0,1.9840,0.0140
24,0,2.0470,0.0630
85,0,2.0620,0.0150
74,0,2.0780,0.0160
54,0,2.1410,0.0630
340,0,2.1570,0.0160
356,0,2.2350,0.0780
453,0,2.3590,0.1240
38,0,2.3910,0.0320
33,0,2.4070,0.0160
15,0,2.4230,0.0160
85,0,2.4390,0.0160
33,0,2.4540,0.0150
23,0,2.4690,0.0150
76,0,2.4850,0.0160
15,0,2.5010,0.0160
293,0,2.5320,0.0310
24,0,2.7200,0.1880
15,0,2.7810,0.0610
37,0,2.8950,0.1140
354,0,2.9060,0.0110
196,0,2.9280,0.0220
417,0,2.9400,0.0120
80,0,2.9560,0.0160
55,0,2.9660,0.0100
40,0,2.9680,0.0020
80,0,2.9890,0.0210
49,0,3.0020,0.0130
15,0,3.0190,0.0170
55,0,3.0340,0.0150
55,0,3.0500,0.0160
49,0,3.0650,0.0150
18,0,3.0960,0.0310
55,0,3.1280,0.0320
49,0,3.1440,0.0160
80,0,3.1540,0.0100
24,0,3.1750,0.0210
40,0,3.2360,0.0610
49,0,3.2540,0.0180
369,0,3.2850,0.0310
15,0,3.2970,0.0120
1,2,3.3120,0.0150
24,2,3.3280,0.0160
369,2,3.3760,0.0480
80,2,3.3910,0.0150
40,0,3.4070,0.0160
80,0,3.4240,0.0170
49,0,3.4380,0.0140
40,0,3.4560,0.0180
28,3,3.4690,0.0130
49,0,3.4850,0.0160
369,0,3.5050,0.0200
24,0,3.5150,0.0100
49,0,3.5330,0.0180
18,0,3.5780,0.0450
24,0,3.5940,0.0160
51,0,3.6090,0.0150
80,4,3.6410,0.0320
469,4,3.6570,0.0160
24,0,3.6730,0.0160
51,4,3.6900,0.0170
80,4,3.7010,0.0110
55,4,3.7030,0.0020
55,4,3.7190,0.0160
112,2,3.7340,0.0150
40,4,3.7650,0.0310
55,0,3.7810,0.0160
356,3,3.7970,0.0160
18,3,3.8120,0.0150
80,2,3.8430,0.0310
28,2,3.8760,0.0330
61,3,3.8900,0.0140
74,3,3.9060,0.0160
49,0,3.9060,0.0160
112,0,3.9220,0.0160
112,4,3.9370,0.0150
80,0,3.9550,0.0180
80,3,3.9700,0.0150
28,2,3.9840,0.0140
24,0,4.0350,0.0510
51,0,4.0670,0.0320
76,0,4.0800,0.0130
76,0,4.0990,0.0190
76,0,4.1110,0.0120
76,0,4.1290,0.0180
76,0,4.1430,0.0140
76,0,4.1610,0.0180
416,0,4.1750,0.0140
35,0,4.2690,0.0940
35,0,4.2980,0.0290
35,0,4.3170,0.0190
35,0,4.3590,0.0420
35,0,4.3750,0.0160
35,0,4.3910,0.0160
35,0,4.4060,0.0150
24,0,4.4370,0.0310
73,0,4.4690,0.0320
35,0,4.5480,0.0790
18,0,4.5640,0.0160
23,0,4.5940,0.0300
416,0,4.7070,0.1130
35,0,4.7820,0.0750
35,0,4.8010,0.0190
35,0,4.8140,0.0130
24,0,4.8940,0.0800
24,0,5.1580,0.2640
416,0,5.1920,0.0340
416,0,5.2540,0.0620
35,0,5.2680,0.0140
54,0,5.2850,0.0170
140,0,5.3160,0.0310
25,0,5.3320,0.0160
18,0,5.3470,0.0150
18,0,5.3630,0.0160
18,0,5.3900,0.0270
18,0,5.4060,0.0160
37,0,5.4210,0.0150
80,0,5.4530,0.0320
247,0,5.5470,0.0940
33,0,5.5930,0.0460
18,0,5.6090,0.0160
19,0,5.6720,0.0630
18,0,5.6870,0.0150
18,0,5.7030,0.0160
15,0,5.7180,0.0150
18,0,5.7350,0.0170
24,0,5.7660,0.0310
24,0,5.8750,0.1090
21,0,5.9530,0.0780
35,0,6.0000,0.0470
4101,0,6.0150,0.0150
4224,0,6.0310,0.0160
0,0,6.0780,0.0470
25,0,6.0940,0.0160
289,0,6.1090,0.0150
22,0,6.1250,0.0160
23,0,6.1560,0.0310
28,0,6.1870,0.0310
5349,0,6.2030,0.0160
416,0,6.2190,0.0160
24,0,6.2500,0.0310
73,0,6.3440,0.0940
24,0,6.4530,0.1090
24,0,6.4690,0.0160
35,0,6.4840,0.0150
416,0,6.5310,0.0470
416,0,6.5470,0.0160
35,0,6.5780,0.0310
22,0,6.6400,0.0620
22,0,6.6560,0.0160
35,0,6.7030,0.0470
35,0,6.7180,0.0150
444,0,6.7500,0.0320
35,0,6.7660,0.0160
35,0,6.7810,0.0150
356,0,6.7970,0.0160
33,0,6.8280,0.0310
22,0,6.8440,0.0160
410,0,6.8600,0.0160
18,0,6.8750,0.0150
22,0,6.8900,0.0150
282,0,6.9060,0.0160
36,0,6.9220,0.0160
35,0,6.9690,0.0470
22,0,6.9840,0.0150
453,0,7.0000,0.0160
72,0,7.0150,0.0150
453,0,7.0310,0.0160
453,0,7.0470,0.0160
453,0,7.0930,0.0460
416,0,7.1090,0.0160
453,0,7.1410,0.0320
416,0,7.1560,0.0150
453,0,7.1710,0.0150
72,0,7.1870,0.0160
51,0,7.2030,0.0160
35,0,7.2180,0.0150
453,0,7.2810,0.0630
24,0,7.4060,0.1250
453,0,7.4370,0.0310
453,0,7.4760,0.0390
453,0,7.4860,0.0100
24,0,7.5040,0.0180
73,0,7.5500,0.0460
24,0,7.6760,0.1260
24,0,7.6870,0.0110
35,0,7.7180,0.0310
5125,0,7.7540,0.0360
33,0,7.7700,0.0160
0,0,7.7840,0.0140
23,0,7.8010,0.0170
4162,0,7.8320,0.0310
25,0,7.8460,0.0140
35,0,7.8770,0.0310
192,0,7.9720,0.0950
35,0,7.9870,0.0150
453,0,8.0040,0.0170
453,0,8.0160,0.0120
35,0,8.0350,0.0190
453,0,8.0500,0.0150
24,0,8.0810,0.0310
453,0,8.0990,0.0180
4151,0,8.1130,0.0140
416,0,8.1420,0.0290
453,0,8.2070,0.0650
35,0,8.2220,0.0150
35,0,8.2370,0.0150
35,0,8.2530,0.0160
35,0,8.2700,0.0170
35,0,8.2830,0.0130
35,0,8.2990,0.0160
35,0,8.3160,0.0170
35,0,8.3310,0.0150
416,0,8.3950,0.0640
35,0,8.4240,0.0290
22,0,8.4570,0.0330
453,0,8.4730,0.0160
4151,0,8.5980,0.1250
80,0,8.6110,0.0130
54,0,8.6290,0.0180
416,0,8.6600,0.0310
4151,0,8.7070,0.0470
4158,0,8.7230,0.0160
4264,0,8.7530,0.0300
4264,0,8.7680,0.0150
33,0,8.7850,0.0170
289,0,8.8000,0.0150
22,0,8.8320,0.0320
283,0,8.8460,0.0140
24,0,8.8630,0.0170
416,0,8.8770,0.0140
35,0,8.8930,0.0160
80,0,8.9250,0.0320
22,0,8.9560,0.0310
14,0,8.9720,0.0160
417,0,8.9880,0.0160
14,0,9.0030,0.0150
360,0,9.0510,0.0480
