SysID,Thread ID,time,inetrval
14,0,0.2200,0.2200
80,0,0.5620,0.3420
80,0,0.5780,0.0160
18,0,0.5970,0.0190
18,0,0.6590,0.0620
18,0,0.7760,0.1170
15,0,0.7810,0.0050
37,0,0.9580,0.1770
55,0,0.9980,0.0400
61,0,1.0310,0.0330
51,0,1.0470,0.0160
40,0,1.0620,0.0150
49,0,1.1250,0.0630
80,0,1.1400,0.0150
80,0,1.1570,0.0170
347,0,1.1890,0.0320
80,0,1.3160,0.1270
80,0,1.5010,0.1850
15,0,1.5270,0.0260
76,0,1.5660,0.0390
416,0,1.5980,0.0320
453,0,1.6130,0.0150
453,0,1.6880,0.0750
453,0,1.7040,0.0160
18,0,1.8360,0.1320
23,0,1.8630,0.0270
453,0,1.9060,0.0430
24,0,1.9220,0.0160
24,0,2.0490,0.1270
80,0,2.0800,0.0310
453,0,2.1150,0.0350
453,0,2.1270,0.0120
453,0,2.1450,0.0180
18,0,2.1760,0.0310
15,0,2.1850,0.0090
51,0,2.3640,0.1790
15,0,2.3750,0.0110
51,0,2.3930,0.0180
51,0,2.4070,0.0140
24,0,2.4840,0.0770
85,0,2.5010,0.0170
74,0,2.5160,0.0150
54,0,2.5630,0.0470
356,0,2.6730,0.1100
453,0,2.8140,0.1410
15,0,2.8340,0.0200
38,0,2.8750,0.0410
33,0,2.8910,0.0160
15,0,2.9370,0.0460
85,0,2.9540,0.0170
33,0,2.9840,0.0300
76,0,3.0090,0.0250
293,0,3.0780,0.0690
24,0,3.2660,0.1880
15,0,3.3300,0.0640
37,0,3.4560,0.1260
354,0,3.4730,0.0170
205,0,3.4870,0.0140
196,0,3.5050,0.0180
80,0,3.5170,0.0120
55,0,3.5340,0.0170
49,0,3.5470,0.0130
49,0,3.5830,0.0360
15,0,3.5910,0.0080
55,0,3.5940,0.0030
49,0,3.6090,0.0150
49,0,3.6420,0.0330
18,0,3.6880,0.0460
55,0,3.7390,0.0510
49,0,3.7500,0.0110
24,0,3.7970,0.0470
55,0,3.8440,0.0470
49,0,3.8830,0.0390
369,0,3.9080,0.0250
67,2,3.9220,0.0140
15,0,3.9380,0.0160
24,2,3.9530,0.0150
369,2,4.0000,0.0470
67,3,4.0160,0.0160
80,4,4.0320,0.0160
469,4,4.0470,0.0150
80,4,4.0620,0.0150
49,0,4.0790,0.0170
80,4,4.0950,0.0160
80,0,4.1150,0.0200
28,4,4.1250,0.0100
49,0,4.1410,0.0160
49,0,4.1560,0.0150
55,0,4.1730,0.0170
15,0,4.1920,0.0190
80,2,4.2030,0.0110
51,0,4.2370,0.0340
51,0,4.2660,0.0290
76,0,4.2890,0.0230
76,0,4.2980,0.0090
51,0,4.3180,0.0200
76,0,4.3300,0.0120
76,0,4.3480,0.0180
416,0,4.3650,0.0170
35,0,4.4700,0.1050
35,0,4.5050,0.0350
35,0,4.5210,0.0160
35,0,4.5370,0.0160
35,0,4.5530,0.0160
35,0,4.5640,0.0110
24,0,4.6050,0.0410
73,0,4.6250,0.0200
35,0,4.7190,0.0940
18,0,4.7380,0.0190
23,0,4.7540,0.0160
24,0,4.8480,0.0940
24,0,4.8940,0.0460
35,0,5.0160,0.1220
35,0,5.0600,0.0440
35,0,5.0670,0.0070
35,0,5.0770,0.0100
35,0,5.0780,0.0010
24,0,5.3600,0.2820
24,0,5.5180,0.1580
416,0,5.6470,0.1290
416,0,5.7250,0.0780
35,0,5.7430,0.0180
54,0,5.7540,0.0110
140,0,5.7870,0.0330
25,0,5.8050,0.0180
18,0,5.8140,0.0090
18,0,5.8380,0.0240
18,0,5.8450,0.0070
18,0,5.8640,0.0190
18,0,5.8830,0.0190
18,0,5.8930,0.0100
37,0,5.9160,0.0230
80,0,5.9460,0.0300
247,0,6.0330,0.0870
247,0,6.0570,0.0240
33,0,6.0960,0.0390
18,0,6.1220,0.0260
18,0,6.1250,0.0030
19,0,6.1890,0.0640
18,0,6.2200,0.0310
23,0,6.2370,0.0170
15,0,6.2520,0.0150
18,0,6.2670,0.0150
35,0,6.5340,0.2670
35,0,6.5560,0.0220
4101,0,6.5650,0.0090
5169,0,6.5840,0.0190
0,0,6.6290,0.0450
15,0,6.6590,0.0300
289,0,6.6790,0.0200
22,0,6.6900,0.0110
23,0,6.7210,0.0310
28,0,6.7510,0.0300
18,0,6.7880,0.0370
5349,0,6.8030,0.0150
24,0,6.8590,0.0560
73,0,6.9860,0.1270
24,0,7.1100,0.1240
24,0,7.1380,0.0280
35,0,7.1400,0.0020
416,0,7.1880,0.0480
416,0,7.2220,0.0340
453,0,7.2420,0.0200
25,0,7.2450,0.0030
453,0,7.2500,0.0050
72,0,7.2670,0.0170
51,0,7.2820,0.0150
35,0,7.2980,0.0160
453,0,7.3750,0.0770
24,0,7.5000,0.1250
453,0,7.5470,0.0470
453,0,7.5940,0.0470
453,0,7.6090,0.0150
35,0,7.6420,0.0330
192,0,7.7350,0.0930
35,0,7.7510,0.0160
453,0,7.7730,0.0220
453,0,7.7850,0.0120
35,0,7.8000,0.0150
453,0,7.8150,0.0150
14,0,7.8310,0.0160
417,0,7.8460,0.0150
24,0,7.8630,0.0170
73,0,7.9070,0.0440
24,0,8.0610,0.1540
24,0,8.0780,0.0170
5125,0,8.1090,0.0310
4158,0,8.1250,0.0160
23,0,8.1560,0.0310
85,0,8.2040,0.0480
74,0,8.2190,0.0150
40,0,8.2340,0.0150
18,0,8.2500,0.0160
85,0,8.3130,0.0630
39,0,8.3460,0.0330
39,0,8.3620,0.0160
51,0,8.4380,0.0760
51,0,8.4550,0.0170
85,0,8.4690,0.0140
51,0,8.4860,0.0170
15,0,8.5010,0.0150
51,0,8.5170,0.0160
51,0,8.5330,0.0160
39,0,8.5480,0.0150
30,0,8.5640,0.0160
52,0,8.5790,0.0150
51,0,8.6060,0.0270
51,0,8.6100,0.0040
4353,0,8.6450,0.0350
4188,0,8.6740,0.0290
80,0,8.7050,0.0310
4211,0,8.7350,0.0300
33,0,8.7520,0.0170
33,0,8.7730,0.0210
18,0,8.7860,0.0130
341,0,8.8040,0.0180
23,0,8.8180,0.0140
18,0,8.8340,0.0160
18,0,8.8640,0.0300
4,0,8.8970,0.0330
24,0,8.9120,0.0150
4,0,8.9280,0.0160
4,0,8.9420,0.0140
4,0,8.9600,0.0180
4819,0,9.0040,0.0440
4200,0,9.0360,0.0320
80,0,9.0660,0.0300
4156,0,9.1010,0.0350
4819,0,9.1130,0.0120
4819,0,9.1300,0.0170
80,0,9.1570,0.0270
4173,0,9.1780,0.0210
4225,0,9.1950,0.0170
80,0,9.2060,0.0110
4128,0,9.2380,0.0320
4483,0,9.2580,0.0200
37,0,9.3130,0.0550
356,0,9.3670,0.0540
356,0,9.3790,0.0120
18,0,9.4100,0.0310
61,0,9.4580,0.0480
61,0,9.4850,0.0270
49,0,9.5010,0.0160
14,0,9.5370,0.0360
80,0,9.5520,0.0150
80,0,9.6130,0.0610
4159,0,9.6340,0.0210
4149,0,9.6720,0.0380
4267,0,9.7000,0.0280
4819,0,9.7030,0.0030
4298,0,9.7340,0.0310
4769,0,9.7510,0.0170
22,0,9.7830,0.0320
19,0,9.8130,0.0300
4188,0,9.8440,0.0310
4131,0,9.8690,0.0250
19,0,9.8710,0.0020
4131,0,9.8770,0.0060
5292,0,9.8950,0.0180
4298,0,9.9450,0.0500
24,0,9.9560,0.0110
4,0,10.0360,0.0800
23,0,10.0490,0.0130
15,0,10.0860,0.0370
85,0,10.0950,0.0090
4298,0,10.1490,0.0540
4298,0,10.1580,0.0090
4298,0,10.1700,0.0120
356,0,10.2520,0.0820
444,0,10.2830,0.0310
356,0,10.3120,0.0290
180,0,10.4530,0.1410
4,0,10.4690,0.0160
4,0,10.4840,0.0150
15,0,10.5000,0.0160
30,0,10.8760,0.3760
4787,0,10.9240,0.0480
4781,0,10.9390,0.0150
4328,0,11.0000,0.0610
22,0,11.0160,0.0160
23,0,11.0620,0.0460
23,0,11.0780,0.0160
23,0,11.0940,0.0160
50,0,11.1090,0.0150
50,0,11.1250,0.0160
4131,0,11.1410,0.0160
15,0,11.1560,0.0150
356,0,11.3910,0.2350
444,0,11.4060,0.0150
180,0,11.5150,0.1090
300,0,11.5310,0.0160
4,0,11.5470,0.0160
4781,0,11.7340,0.1870
4781,0,11.7500,0.0160
4159,0,11.8780,0.1280
4159,0,11.9280,0.0500
4159,0,11.9440,0.0160
4142,0,11.9570,0.0130
4173,0,11.9790,0.0220
4139,0,11.9840,0.0050
4131,0,12.0000,0.0160
4158,0,12.0470,0.0470
4156,0,12.0620,0.0150
4188,0,12.0860,0.0240
4819,0,12.0970,0.0110
4258,0,12.1420,0.0450
4212,0,12.1630,0.0210
4158,0,12.1760,0.0130
4264,0,12.1930,0.0170
4212,0,12.2050,0.0120
4242,0,12.2240,0.0190
4251,0,12.2470,0.0230
4103,0,12.2510,0.0040
4103,0,12.2750,0.0240
4129,0,12.2850,0.0100
18,0,12.3750,0.0900
15,0,12.3910,0.0160
51,0,12.4060,0.0150
35,0,12.4220,0.0160
35,0,12.4380,0.0160
35,0,12.4530,0.0150
35,0,12.4690,0.0160
4245,0,12.4840,0.0150
4258,0,12.5320,0.0480
4212,0,12.5500,0.0180
18,0,12.5820,0.0320
51,0,12.6090,0.0270
37,0,12.6400,0.0310
61,0,12.6560,0.0160
4151,0,12.6900,0.0340
4151,0,12.7080,0.0180
51,0,12.8000,0.0920
33,0,12.8280,0.0280
18,0,12.8440,0.0160
17,0,12.8590,0.0150
140,0,12.8910,0.0320
105,0,12.9380,0.0470
4162,0,12.9530,0.0150
25,0,12.9690,0.0160
4,0,12.9840,0.0150
23,0,13.0000,0.0160
4,0,13.0160,0.0160
4158,0,13.0310,0.0150
4264,0,13.0630,0.0320
5230,0,13.0790,0.0160
5412,0,13.1260,0.0470
4103,0,13.1420,0.0160
37,0,13.1570,0.0150
49,0,13.1730,0.0160
369,0,13.1880,0.0150
22,0,13.2830,0.0950
15,0,13.3020,0.0190
356,0,13.3630,0.0610
356,0,13.3770,0.0140
356,0,13.4100,0.0330
33,0,13.4540,0.0440
22,0,13.4710,0.0170
22,0,13.4860,0.0150
72,0,13.5040,0.0180
36,0,13.5190,0.0150
22,0,13.5320,0.0130
22,0,13.5820,0.0500
453,0,13.5970,0.0150
72,0,13.6130,0.0160
453,0,13.6270,0.0140
453,0,13.6420,0.0150
453,0,13.7060,0.0640
14,0,13.7660,0.0600
4162,0,13.7830,0.0170
4162,0,13.7970,0.0140
5230,0,13.8210,0.0240
5382,0,13.8300,0.0090
5292,0,13.8460,0.0160
4103,0,13.8770,0.0310
4258,0,13.8960,0.0190
4258,0,13.9110,0.0150
4,0,13.9250,0.0140
5412,0,13.9430,0.0180
4158,0,13.9710,0.0280
51,0,13.9890,0.0180
4158,0,14.0050,0.0160
61,0,14.0800,0.0750
15,0,14.0960,0.0160
4158,0,14.1270,0.0310
35,0,14.1420,0.0150
35,0,14.1570,0.0150
35,0,14.1790,0.0220
4180,0,14.2370,0.0580
4107,0,14.2600,0.0230
80,0,14.2690,0.0090
4252,0,14.2980,0.0290
4107,0,14.3220,0.0240
4248,0,14.3310,0.0090
4125,0,14.3500,0.0190
4137,0,14.3620,0.0120
4154,0,14.3860,0.0240
4107,0,14.3910,0.0050
4107,0,14.4220,0.0310
5052,0,14.4530,0.0310
4178,0,14.4850,0.0320
4132,0,14.5160,0.0310
5,0,14.5400,0.0240
5412,0,14.5510,0.0110
4177,0,14.5710,0.0200
5,0,14.5790,0.0080
4097,0,14.6100,0.0310
