SysID,Thread ID,time,inetrval
14,0,0.2350,0.2350
80,0,0.5310,0.2960
80,0,0.5470,0.0160
80,0,0.5630,0.0160
15,0,0.5770,0.0140
33,0,0.5780,0.0010
18,0,0.6100,0.0320
18,0,0.7190,0.1090
37,0,0.9080,0.1890
55,0,0.9380,0.0300
61,0,0.9730,0.0350
51,0,1.0030,0.0300
40,0,1.0150,0.0120
49,0,1.0780,0.0630
80,0,1.1090,0.0310
347,0,1.1280,0.0190
80,0,1.2210,0.0930
80,0,1.3760,0.1550
15,0,1.3910,0.0150
76,0,1.4380,0.0470
416,0,1.4540,0.0160
453,0,1.4850,0.0310
453,0,1.5160,0.0310
453,0,1.5310,0.0150
18,0,1.6570,0.1260
23,0,1.6740,0.0170
453,0,1.6910,0.0170
453,0,1.7200,0.0290
24,0,1.7350,0.0150
24,0,1.8280,0.0930
80,0,1.8600,0.0320
453,0,1.8850,0.0250
18,0,1.9070,0.0220
51,0,2.0550,0.1480
15,0,2.0660,0.0110
51,0,2.0870,0.0210
51,0,2.0960,0.0090
24,0,2.1760,0.0800
85,0,2.2030,0.0270
17,0,2.2220,0.0190
54,0,2.3130,0.0910
356,0,2.4220,0.1090
453,0,2.5470,0.1250
15,0,2.5640,0.0170
38,0,2.5820,0.0180
297,0,2.5940,0.0120
15,0,2.6150,0.0210
85,0,2.6410,0.0260
33,0,2.6690,0.0280
18,0,2.6720,0.0030
76,0,2.6900,0.0180
76,0,2.7030,0.0130
293,0,2.7510,0.0480
24,0,2.9390,0.1880
15,0,3.0160,0.0770
37,0,3.1140,0.0980
354,0,3.1270,0.0130
173,0,3.1440,0.0170
196,0,3.1580,0.0140
80,0,3.1750,0.0170
55,0,3.1940,0.0190
49,0,3.2040,0.0100
49,0,3.2230,0.0190
80,0,3.2370,0.0140
369,0,3.2550,0.0180
55,0,3.2820,0.0270
1,2,3.2970,0.0150
80,0,3.3120,0.0150
80,0,3.3600,0.0480
80,2,3.3910,0.0310
49,0,3.4090,0.0180
80,0,3.4200,0.0110
18,2,3.4220,0.0020
23,2,3.4380,0.0160
24,2,3.4540,0.0160
112,2,3.4870,0.0330
28,2,3.5170,0.0300
469,2,3.5470,0.0300
55,0,3.5650,0.0180
24,0,3.5780,0.0130
40,0,3.6250,0.0470
466,2,3.6410,0.0160
112,0,3.6560,0.0150
24,3,3.6710,0.0150
80,2,3.6900,0.0190
49,0,3.7040,0.0140
49,0,3.7230,0.0190
24,0,3.7370,0.0140
49,0,3.7510,0.0140
49,0,3.7680,0.0170
80,2,3.7850,0.0170
49,0,3.7970,0.0120
369,0,3.8150,0.0180
18,0,3.8440,0.0290
80,3,3.8600,0.0160
469,4,3.8760,0.0160
24,0,3.9090,0.0330
369,0,3.9250,0.0160
61,3,3.9370,0.0120
74,3,3.9550,0.0180
469,2,3.9680,0.0130
49,3,3.9840,0.0160
80,3,4.0000,0.0160
80,3,4.0160,0.0160
24,3,4.0460,0.0300
466,0,4.0620,0.0160
61,0,4.0940,0.0320
61,0,4.1090,0.0150
51,0,4.1250,0.0160
80,0,4.1410,0.0160
4,0,4.1550,0.0140
14,2,4.1560,0.0010
51,0,4.1900,0.0340
76,0,4.2120,0.0220
348,0,4.2210,0.0090
51,0,4.2390,0.0180
76,0,4.2560,0.0170
76,0,4.2650,0.0090
76,0,4.2890,0.0240
76,0,4.2990,0.0100
416,0,4.3230,0.0240
24,0,4.3630,0.0400
73,0,4.5000,0.1370
73,0,4.5150,0.0150
18,0,4.7200,0.2050
23,0,4.7350,0.0150
24,0,4.7970,0.0620
35,0,4.8290,0.0320
416,0,4.8930,0.0640
416,0,4.9060,0.0130
453,0,4.9240,0.0180
25,0,4.9390,0.0150
192,0,4.9540,0.0150
51,0,4.9850,0.0310
453,0,5.0640,0.0790
24,0,5.1610,0.0970
453,0,5.2380,0.0770
453,0,5.2690,0.0310
453,0,5.2850,0.0160
453,0,5.3000,0.0150
35,0,5.3930,0.0930
35,0,5.4100,0.0170
35,0,5.4250,0.0150
35,0,5.4550,0.0300
35,0,5.4740,0.0190
73,0,5.5170,0.0430
24,0,5.5350,0.0180
35,0,5.5640,0.0290
24,0,5.6400,0.0760
416,0,5.6720,0.0320
35,0,5.7660,0.0940
35,0,5.7900,0.0240
35,0,5.8000,0.0100
24,0,6.1740,0.3740
416,0,6.2100,0.0360
54,0,6.2190,0.0090
140,0,6.2500,0.0310
25,0,6.2710,0.0210
453,0,6.2870,0.0160
18,0,6.3020,0.0150
18,0,6.3310,0.0290
18,0,6.3490,0.0180
18,0,6.3650,0.0160
37,0,6.3750,0.0100
80,0,6.3920,0.0170
247,0,6.5050,0.1130
33,0,6.5700,0.0650
18,0,6.5820,0.0120
19,0,6.6430,0.0610
18,0,6.6650,0.0220
33,0,6.6740,0.0090
18,0,6.6810,0.0070
23,0,6.6880,0.0070
15,0,6.7090,0.0210
24,0,6.7570,0.0480
24,0,6.8460,0.0890
35,0,6.9880,0.1420
35,0,7.0030,0.0150
37,0,7.0180,0.0150
297,0,7.0350,0.0170
0,0,7.0820,0.0470
289,0,7.1120,0.0300
22,0,7.1300,0.0180
23,0,7.1610,0.0310
28,0,7.1750,0.0140
18,0,7.1910,0.0160
5349,0,7.2050,0.0140
416,0,7.2670,0.0620
35,0,7.2860,0.0190
4151,0,7.3170,0.0310
4151,0,7.3300,0.0130
51,0,7.4230,0.0930
74,0,7.4390,0.0160
33,0,7.4550,0.0160
18,0,7.4730,0.0180
17,0,7.4860,0.0130
140,0,7.5190,0.0330
105,0,7.5660,0.0470
4162,0,7.5810,0.0150
35,0,7.5960,0.0150
416,0,7.6130,0.0170
14,0,7.6250,0.0120
417,0,7.6480,0.0230
14,0,7.6610,0.0130
35,0,7.6880,0.0270
72,0,7.7840,0.0960
14,0,7.7980,0.0140
51,0,7.8480,0.0500
340,0,7.8800,0.0320
33,0,7.8930,0.0130
33,0,7.9170,0.0240
33,0,7.9240,0.0070
341,0,7.9460,0.0220
23,0,7.9570,0.0110
18,0,7.9760,0.0190
15,0,7.9880,0.0120
18,0,8.0160,0.0280
23,0,8.0500,0.0340
85,0,8.1000,0.0500
74,0,8.1150,0.0150
18,0,8.1280,0.0130
23,0,8.1460,0.0180
4,0,8.1900,0.0440
4,0,8.2530,0.0630
80,0,8.2990,0.0460
51,0,8.3160,0.0170
61,0,8.3310,0.0150
85,0,8.3450,0.0140
85,0,8.3600,0.0150
61,0,8.3780,0.0180
51,0,8.4080,0.0300
51,0,8.4540,0.0460
51,0,8.4690,0.0150
73,0,8.4880,0.0190
51,0,8.5030,0.0150
37,0,8.5330,0.0300
61,0,8.5470,0.0140
55,0,8.5610,0.0140
49,0,8.5620,0.0010
80,2,8.5800,0.0180
55,0,8.5940,0.0140
55,4,8.6090,0.0150
80,4,8.6240,0.0150
80,3,8.6250,0.0010
80,2,8.6410,0.0160
22,0,8.7500,0.1090
356,0,8.8120,0.0620
444,0,8.8460,0.0340
356,0,8.8680,0.0220
356,0,8.9070,0.0390
33,0,8.9430,0.0360
33,0,8.9560,0.0130
22,0,8.9710,0.0150
22,0,8.9850,0.0140
22,0,9.0050,0.0200
36,0,9.0330,0.0280
22,0,9.0970,0.0640
453,0,9.1110,0.0140
72,0,9.1290,0.0180
64,0,9.1420,0.0130
453,0,9.1580,0.0160
453,0,9.1720,0.0140
61,0,9.2200,0.0480
51,0,9.2370,0.0170
22,0,9.2820,0.0450
416,0,9.2970,0.0150
192,0,9.3290,0.0320
192,0,9.3470,0.0180
416,0,9.3620,0.0150
416,0,9.3910,0.0290
453,0,9.4380,0.0470
453,0,9.5030,0.0650
453,0,9.5200,0.0170
453,0,9.5530,0.0330
61,0,9.5680,0.0150
51,0,9.5840,0.0160
24,0,9.5980,0.0140
4,0,9.6290,0.0310
61,0,9.7040,0.0750
24,0,9.7290,0.0250
24,0,9.7360,0.0070
5254,0,9.9740,0.2380
8,0,9.9850,0.0110
5254,0,10.0490,0.0640
5254,0,10.0710,0.0220
5254,0,10.0800,0.0090
5254,0,10.1090,0.0290
5254,0,10.1330,0.0240
5254,0,10.1440,0.0110
5254,0,10.1730,0.0290
5254,0,10.1990,0.0260
5254,0,10.2050,0.0060
5254,0,10.2340,0.0290
39,0,10.2860,0.0520
39,0,10.2990,0.0130
5254,0,10.3180,0.0190
5254,0,10.3480,0.0300
5254,0,10.3680,0.0200
5254,0,10.3980,0.0300
5254,0,10.4080,0.0100
5254,0,10.4400,0.0320
5254,0,10.4730,0.0330
5254,0,10.5020,0.0290
5254,0,10.5170,0.0150
5254,0,10.5490,0.0320
5254,0,10.5800,0.0310
5254,0,10.5950,0.0150
5254,0,10.6320,0.0370
5254,0,10.6410,0.0090
5254,0,10.6720,0.0310
5254,0,10.7030,0.0310
5254,0,10.7250,0.0220
5254,0,10.7510,0.0260
5254,0,10.7670,0.0160
5254,0,10.7850,0.0180
5254,0,10.8150,0.0300
30,0,10.8290,0.0140
30,0,10.8470,0.0180
30,0,10.8600,0.0130
22,0,10.8780,0.0180
23,0,10.8930,0.0150
61,0,10.9850,0.0920
22,0,11.0230,0.0380
23,0,11.0350,0.0120
37,0,11.0530,0.0180
49,0,11.0570,0.0040
49,0,11.0620,0.0050
49,0,11.0800,0.0180
369,0,11.0950,0.0150
369,0,11.1080,0.0130
15,0,11.1120,0.0040
22,0,11.1870,0.0750
453,0,11.2070,0.0200
4151,0,11.3290,0.1220
80,0,11.3590,0.0300
416,0,11.3900,0.0310
340,0,11.4210,0.0310
416,0,11.4540,0.0330
453,0,11.5070,0.0530
453,0,11.5190,0.0120
72,0,11.6100,0.0910
416,0,11.6410,0.0310
453,0,11.6730,0.0320
416,0,11.6910,0.0180
22,0,11.7070,0.0160
23,0,11.7180,0.0110
80,0,11.8750,0.1570
15,0,11.8920,0.0170
80,0,11.9870,0.0950
13,0,12.0000,0.0130
91,0,12.0220,0.0220
91,0,12.0330,0.0110
15,0,12.0530,0.0200
15,0,12.0670,0.0140
15,0,12.1260,0.0590
80,0,12.1420,0.0160
4275,0,12.1570,0.0150
4275,0,12.1730,0.0160
80,0,12.2040,0.0310
96,0,12.2340,0.0300
61,0,12.3440,0.1100
61,0,12.3590,0.0150
80,0,12.3750,0.0160
18,0,12.4530,0.0780
18,0,12.4700,0.0170
18,0,12.4950,0.0250
15,0,12.4990,0.0040
18,0,12.5010,0.0020
33,0,12.5810,0.0800
33,0,12.5980,0.0170
15,0,12.6140,0.0160
25,0,12.6560,0.0420
140,0,12.7030,0.0470
33,0,12.7190,0.0160
85,0,12.7350,0.0160
61,0,12.7500,0.0150
85,0,12.7650,0.0150
35,0,12.7970,0.0320
51,0,12.8120,0.0150
17,0,12.8440,0.0320
42,0,12.8750,0.0310
340,0,12.9380,0.0630
85,0,12.9700,0.0320
15,0,13.0480,0.0780
58,0,13.0630,0.0150
15,0,13.0780,0.0150
4,0,13.0940,0.0160
25,0,13.1870,0.0930
61,0,13.2050,0.0180
25,0,13.2190,0.0140
39,0,13.2350,0.0160
17,0,13.2500,0.0150
15,0,13.2830,0.0330
