SysID,Thread ID,time,inetrval
14,0,0.2370,0.2370
80,0,0.5780,0.3410
80,0,0.5960,0.0180
80,0,0.6120,0.0160
80,0,0.6290,0.0170
18,0,0.6990,0.0700
18,0,0.8170,0.1180
15,0,0.8270,0.0100
37,0,1.0330,0.2060
55,0,1.0650,0.0320
61,0,1.1120,0.0470
51,0,1.1410,0.0290
49,0,1.2350,0.0940
80,0,1.2500,0.0150
347,0,1.2810,0.0310
80,0,1.4060,0.1250
80,0,1.5630,0.1570
15,0,1.5790,0.0160
76,0,1.6260,0.0470
416,0,1.6440,0.0180
453,0,1.6720,0.0280
453,0,1.7070,0.0350
453,0,1.7360,0.0290
18,0,1.8600,0.1240
15,0,1.8760,0.0160
453,0,1.9230,0.0470
24,0,1.9550,0.0320
80,0,2.0630,0.1080
453,0,2.0790,0.0160
18,0,2.1110,0.0320
24,0,2.1410,0.0300
51,0,2.2820,0.1410
15,0,2.2970,0.0150
51,0,2.3170,0.0200
51,0,2.3290,0.0120
24,0,2.4230,0.0940
85,0,2.4400,0.0170
17,0,2.4530,0.0130
54,0,2.5200,0.0670
340,0,2.5350,0.0150
356,0,2.6110,0.0760
453,0,2.7350,0.1240
15,0,2.7500,0.0150
38,0,2.7660,0.0160
297,0,2.7810,0.0150
15,0,2.7970,0.0160
85,0,2.8290,0.0320
33,0,2.8450,0.0160
15,0,2.8600,0.0150
76,0,2.8760,0.0160
453,0,2.8920,0.0160
293,0,2.9380,0.0460
15,0,3.2080,0.2700
15,0,3.2150,0.0070
42,0,3.2190,0.0040
37,0,3.3450,0.1260
354,0,3.3610,0.0160
196,0,3.3780,0.0170
417,0,3.3930,0.0150
247,0,3.4880,0.0950
33,0,3.5370,0.0490
18,0,3.5530,0.0160
19,0,3.6300,0.0770
18,0,3.6430,0.0130
23,0,3.6600,0.0170
15,0,3.6780,0.0180
18,0,3.6910,0.0130
24,0,3.7050,0.0140
18,0,3.7200,0.0150
24,0,3.7390,0.0190
15,0,3.7530,0.0140
24,0,3.8470,0.0940
33,0,4.0500,0.2030
18,0,4.0660,0.0160
322,0,4.0820,0.0160
94,0,4.3460,0.2640
361,0,4.3630,0.0170
