SysID,Thread ID,time,inetrval
14,0,0.2190,0.2190
80,0,0.5470,0.3280
80,0,0.5630,0.0160
18,0,0.5780,0.0150
18,0,0.6410,0.0630
18,0,0.7340,0.0930
37,0,0.9220,0.1880
55,0,0.9540,0.0320
61,0,0.9860,0.0320
51,0,1.0170,0.0310
49,0,1.0960,0.0790
80,0,1.1160,0.0200
80,0,1.1260,0.0100
347,0,1.1480,0.0220
80,0,1.2370,0.0890
80,0,1.3910,0.1540
76,0,1.4380,0.0470
416,0,1.4690,0.0310
453,0,1.5010,0.0320
453,0,1.5340,0.0330
453,0,1.5470,0.0130
18,0,1.6740,0.1270
453,0,1.6880,0.0140
453,0,1.7220,0.0340
24,0,1.7350,0.0130
24,0,1.8440,0.1090
80,0,1.8750,0.0310
80,0,1.8920,0.0170
453,0,1.9070,0.0150
18,0,1.9540,0.0470
51,0,2.1160,0.1620
348,0,2.1220,0.0060
15,0,2.1250,0.0030
51,0,2.1770,0.0520
15,0,2.1880,0.0110
24,0,2.3280,0.1400
17,0,2.3490,0.0210
17,0,2.3590,0.0100
54,0,2.4270,0.0680
340,0,2.4380,0.0110
356,0,2.5180,0.0800
453,0,2.6410,0.1230
15,0,2.6570,0.0160
38,0,2.6950,0.0380
297,0,2.7010,0.0060
33,0,2.7040,0.0030
15,0,2.7340,0.0300
85,0,2.7540,0.0200
33,0,2.7810,0.0270
15,0,2.7970,0.0160
85,0,2.8130,0.0160
15,0,2.8280,0.0150
293,0,2.8750,0.0470
24,0,3.1100,0.2350
15,0,3.1580,0.0480
37,0,3.3130,0.1550
354,0,3.3300,0.0170
205,0,3.3480,0.0180
144,0,3.3620,0.0140
417,0,3.3770,0.0150
80,0,3.3920,0.0150
40,0,3.4090,0.0170
80,0,3.4260,0.0170
49,0,3.4380,0.0120
369,0,3.4750,0.0370
67,2,3.4860,0.0110
1,2,3.5160,0.0300
469,2,3.5320,0.0160
40,0,3.5790,0.0470
80,2,3.5940,0.0150
80,0,3.6260,0.0320
24,2,3.6410,0.0150
18,2,3.6580,0.0170
24,2,3.6720,0.0140
466,0,3.6880,0.0160
112,2,3.7350,0.0470
28,2,3.7500,0.0150
14,2,3.7650,0.0150
469,2,3.7810,0.0160
49,0,3.7970,0.0160
24,0,3.8280,0.0310
24,2,3.8600,0.0320
40,0,3.8900,0.0300
80,2,3.9230,0.0330
369,0,3.9390,0.0160
80,2,3.9540,0.0150
466,2,3.9690,0.0150
112,0,3.9900,0.0210
369,0,3.9970,0.0070
4,0,4.0020,0.0050
51,0,4.0200,0.0180
51,0,4.0370,0.0170
76,0,4.0840,0.0470
24,0,4.1470,0.0630
24,0,4.1610,0.0140
73,0,4.3260,0.1650
73,0,4.3290,0.0030
18,0,4.4870,0.1580
23,0,4.5200,0.0330
24,0,4.6770,0.1570
35,0,4.7190,0.0420
416,0,4.8280,0.1090
416,0,4.8750,0.0470
453,0,4.9100,0.0350
25,0,4.9220,0.0120
192,0,4.9380,0.0160
72,0,4.9700,0.0320
51,0,4.9840,0.0140
35,0,5.0040,0.0200
416,0,5.0150,0.0110
453,0,5.1100,0.0950
24,0,5.2240,0.1140
453,0,5.2970,0.0730
416,0,5.3130,0.0160
453,0,5.3610,0.0480
453,0,5.3750,0.0140
417,0,5.4060,0.0310
24,0,5.4530,0.0470
51,0,5.5160,0.0630
289,0,5.7030,0.1870
22,0,5.7340,0.0310
23,0,5.7510,0.0170
28,0,5.8150,0.0640
51,0,5.8320,0.0170
15,0,5.8470,0.0150
215,0,5.8640,0.0170
51,0,5.8940,0.0300
85,0,5.9300,0.0360
8,0,5.9380,0.0080
80,0,6.0530,0.1150
24,0,6.1150,0.0620
18,0,6.1490,0.0340
201,0,6.1610,0.0120
18,0,6.1740,0.0130
15,0,6.2000,0.0260
18,0,6.2030,0.0030
24,0,6.2400,0.0370
33,0,6.3010,0.0610
33,0,6.3280,0.0270
25,0,6.3600,0.0320
18,0,6.3860,0.0260
73,0,6.3900,0.0040
33,0,6.4710,0.0810
18,0,6.4890,0.0180
19,0,6.5490,0.0600
18,0,6.5670,0.0180
18,0,6.5800,0.0130
15,0,6.5980,0.0180
18,0,6.6130,0.0150
140,0,6.8320,0.2190
340,0,6.8760,0.0440
24,0,6.9250,0.0490
15,0,6.9370,0.0120
4,0,6.9550,0.0180
25,0,7.3600,0.4050
15,0,7.4270,0.0670
15,0,7.4390,0.0120
15,0,7.4750,0.0360
15,0,7.4860,0.0110
15,0,7.5500,0.0640
15,0,7.5940,0.0440
