SysID,Thread ID,time,inetrval
14,0,0.2250,0.2250
80,0,0.5650,0.3400
18,0,0.6030,0.0380
15,0,0.6070,0.0040
18,0,0.6600,0.0530
18,0,0.7510,0.0910
23,0,0.7670,0.0160
37,0,0.9550,0.1880
55,0,0.9860,0.0310
61,0,1.0220,0.0360
51,0,1.0470,0.0250
49,0,1.1540,0.1070
80,0,1.1560,0.0020
80,0,1.1720,0.0160
347,0,1.2040,0.0320
80,0,1.3450,0.1410
80,0,1.5010,0.1560
76,0,1.5470,0.0460
416,0,1.5630,0.0160
453,0,1.6110,0.0480
453,0,1.6600,0.0490
18,0,1.8150,0.1550
23,0,1.8310,0.0160
453,0,1.8460,0.0150
453,0,1.8780,0.0320
24,0,1.8920,0.0140
24,0,2.0020,0.1100
80,0,2.0510,0.0490
80,0,2.0590,0.0080
453,0,2.0630,0.0040
453,0,2.0940,0.0310
18,0,2.1100,0.0160
51,0,2.2520,0.1420
348,0,2.2720,0.0200
15,0,2.2810,0.0090
51,0,2.2970,0.0160
24,0,2.4220,0.1250
17,0,2.4550,0.0330
74,0,2.4760,0.0210
54,0,2.6250,0.1490
356,0,2.7420,0.1170
453,0,2.8600,0.1180
15,0,2.8790,0.0190
38,0,2.9070,0.0280
15,0,2.9390,0.0320
85,0,2.9560,0.0170
33,0,2.9850,0.0290
15,0,3.0000,0.0150
85,0,3.0160,0.0160
293,0,3.0840,0.0680
24,0,3.3130,0.2290
15,0,3.3760,0.0630
37,0,3.5950,0.2190
354,0,3.6140,0.0190
205,0,3.6270,0.0130
196,0,3.6420,0.0150
80,0,3.6570,0.0150
55,0,3.6890,0.0320
49,0,3.7060,0.0170
49,0,3.7200,0.0140
369,0,3.7530,0.0330
67,2,3.7900,0.0370
15,0,3.8030,0.0130
1,2,3.8130,0.0100
55,0,3.8440,0.0310
80,0,3.8920,0.0480
80,0,3.9070,0.0150
24,0,3.9850,0.0780
18,0,4.0070,0.0220
24,0,4.0210,0.0140
112,0,4.0540,0.0330
28,2,4.0640,0.0100
14,2,4.0780,0.0140
469,2,4.1090,0.0310
24,2,4.1260,0.0170
466,2,4.1610,0.0350
112,0,4.1720,0.0110
40,0,4.2190,0.0470
369,0,4.2350,0.0160
466,3,4.2500,0.0150
55,0,4.2660,0.0160

4,3,4.2890,0.0230
469,2,4.2890,0.0230
49,0,4.3150,0.0260
49,0,4.3290,0.0140
49,0,4.3480,0.0190
49,0,4.3630,0.0150
49,0,4.3760,0.0130
15,0,4.3980,0.0220
80,3,4.4040,0.0060
369,0,4.4070,0.0030
80,3,4.4250,0.0180
49,0,4.4380,0.0130
49,0,4.4540,0.0160
80,0,4.4700,0.0160
80,2,4.4840,0.0140
51,0,4.5160,0.0320
76,0,4.5450,0.0290
51,0,4.5470,0.0020
51,0,4.5790,0.0320
76,0,4.5940,0.0150
76,0,4.6090,0.0150
76,0,4.6250,0.0160
416,0,4.6410,0.0160
24,0,4.6880,0.0470
24,0,4.7820,0.0940
73,0,4.8280,0.0460
73,0,4.8440,0.0160
18,0,5.0310,0.1870
23,0,5.0490,0.0180
23,0,5.0630,0.0140
24,0,5.1100,0.0470
24,0,5.1260,0.0160
35,0,5.1450,0.0190
416,0,5.2080,0.0630
416,0,5.2210,0.0130
453,0,5.2370,0.0160
25,0,5.2540,0.0170
192,0,5.2670,0.0130
51,0,5.2990,0.0320
416,0,5.3130,0.0140
453,0,5.3930,0.0800
24,0,5.4870,0.0940
453,0,5.5630,0.0760
453,0,5.5960,0.0330
453,0,5.6140,0.0180
416,0,5.6270,0.0130
35,0,5.7040,0.0770
35,0,5.7270,0.0230
35,0,5.7530,0.0260
35,0,5.7660,0.0130
35,0,5.7830,0.0170
35,0,5.7980,0.0150
24,0,5.8310,0.0330
73,0,5.8450,0.0140
35,0,5.9070,0.0620
24,0,5.9540,0.0470
416,0,6.0020,0.0480
35,0,6.0880,0.0860
35,0,6.0970,0.0090
35,0,6.1170,0.0200
24,0,6.1940,0.0770
416,0,6.5160,0.3220
416,0,6.5780,0.0620
25,0,6.5940,0.0160
54,0,6.6100,0.0160
80,0,6.6250,0.0150
140,0,6.6410,0.0160
25,0,6.6570,0.0160
18,0,6.6720,0.0150
18,0,6.6880,0.0160
18,0,6.7030,0.0150
18,0,6.7350,0.0320
18,0,6.7500,0.0150
37,0,6.7660,0.0160
80,0,6.7970,0.0310
247,0,6.8910,0.0940
33,0,6.9690,0.0780
18,0,6.9850,0.0160
19,0,7.0630,0.0780
18,0,7.0780,0.0150
23,0,7.0950,0.0170
15,0,7.1100,0.0150
18,0,7.1250,0.0150
24,0,7.2190,0.0940
35,0,7.4130,0.1940
4101,0,7.4270,0.0140
5169,0,7.4470,0.0200
66,0,7.4550,0.0080
0,0,7.4860,0.0310
15,0,7.5030,0.0170
289,0,7.5320,0.0290
22,0,7.5480,0.0160
23,0,7.5800,0.0320
28,0,7.5970,0.0170
18,0,7.6090,0.0120
5349,0,7.6260,0.0170
35,0,7.6580,0.0320
35,0,7.6740,0.0160
192,0,7.7670,0.0930
35,0,7.7830,0.0160
453,0,7.7980,0.0150
453,0,7.8140,0.0160
35,0,7.8290,0.0150
453,0,7.8450,0.0160
35,0,7.8930,0.0480
22,0,7.9540,0.0610
23,0,7.9690,0.0150
35,0,8.0350,0.0660
35,0,8.0560,0.0210
444,0,8.0860,0.0300
35,0,8.0980,0.0120
35,0,8.1160,0.0180
35,0,8.1300,0.0140
33,0,8.1560,0.0260
22,0,8.1890,0.0330
22,0,8.2390,0.0500
22,0,8.2510,0.0120
72,0,8.2710,0.0200
36,0,8.2820,0.0110
22,0,8.3080,0.0260
35,0,8.3450,0.0370
22,0,8.3610,0.0160
453,0,8.3770,0.0160
72,0,8.3920,0.0150
64,0,8.4080,0.0160
453,0,8.4230,0.0150
416,0,8.4390,0.0160
35,0,8.4690,0.0300
22,0,8.5170,0.0480
453,0,8.5330,0.0160
61,0,8.5810,0.0480
51,0,8.5940,0.0130
4151,0,8.6920,0.0980
80,0,8.7110,0.0190
54,0,8.7240,0.0130
14,0,8.7560,0.0320
417,0,8.7660,0.0100
35,0,8.8640,0.0980
25,0,8.8830,0.0190
331,0,8.8960,0.0130
428,0,8.9060,0.0100
40,0,8.9330,0.0270
60,0,8.9400,0.0070
94,0,8.9590,0.0190
64,0,8.9670,0.0080
4,0,8.9690,0.0020
121,0,8.9880,0.0190
25,0,9.0020,0.0140
25,0,9.0210,0.0190
24,0,9.0330,0.0120
80,0,9.1600,0.1270
18,0,9.2520,0.0920
322,0,9.2890,0.0370
30,0,9.3000,0.0110
297,0,9.3200,0.0200
23,0,9.3330,0.0130
453,0,9.3510,0.0180
33,0,9.4270,0.0760
15,0,9.4470,0.0200
33,0,9.4560,0.0090
25,0,9.4870,0.0310
18,0,9.5090,0.0220
140,0,9.5800,0.0710
340,0,9.6320,0.0520
24,0,9.6610,0.0290
15,0,9.6750,0.0140
15,0,9.6830,0.0080
30,0,9.6880,0.0050
15,0,10.3430,0.6550
15,0,10.3440,0.0010
44,0,10.4230,0.0790
