SysID,Thread ID,time,inetrval
14,0,0.2380,0.2380
80,0,0.5660,0.3280
80,0,0.5750,0.0090
80,0,0.5780,0.0030
80,0,0.5940,0.0160
18,0,0.6560,0.0620
18,0,0.7620,0.1060
15,0,0.7680,0.0060
37,0,0.9420,0.1740
55,0,0.9740,0.0320
61,0,1.0040,0.0300
51,0,1.0180,0.0140
40,0,1.0430,0.0250
49,0,1.1140,0.0710
80,0,1.1300,0.0160
347,0,1.1570,0.0270
80,0,1.2650,0.1080
80,0,1.4070,0.1420
15,0,1.4250,0.0180
76,0,1.4690,0.0440
416,0,1.4860,0.0170
453,0,1.5150,0.0290
453,0,1.5620,0.0470
453,0,1.5790,0.0170
18,0,1.7350,0.1560
453,0,1.7510,0.0160
453,0,1.7820,0.0310
24,0,1.8750,0.0930
80,0,1.9060,0.0310
453,0,1.9230,0.0170
453,0,1.9430,0.0200
18,0,1.9540,0.0110
51,0,2.1110,0.1570
51,0,2.1420,0.0310
24,0,2.2190,0.0770
85,0,2.2500,0.0310
17,0,2.2660,0.0160
17,0,2.2820,0.0160
54,0,2.3440,0.0620
340,0,2.3590,0.0150
356,0,2.4370,0.0780
453,0,2.5640,0.1270
38,0,2.5950,0.0310
33,0,2.6100,0.0150
15,0,2.6280,0.0180
85,0,2.6440,0.0160
33,0,2.6600,0.0160
23,0,2.6770,0.0170
76,0,2.6910,0.0140
85,0,2.7060,0.0150
293,0,2.7660,0.0600
24,0,2.9540,0.1880
15,0,3.0170,0.0630
37,0,3.1100,0.0930
354,0,3.1420,0.0320
196,0,3.1570,0.0150
417,0,3.1730,0.0160
80,0,3.1880,0.0150
42,0,3.2040,0.0160
55,0,3.2250,0.0210
42,0,3.2340,0.0090
42,0,3.2540,0.0200
55,0,3.2640,0.0100
40,0,3.2660,0.0020
24,0,3.2820,0.0160
18,0,3.3130,0.0310
24,0,3.3340,0.0210
55,0,3.3600,0.0260
369,0,3.3790,0.0190
55,0,3.3950,0.0160
67,2,3.4060,0.0110
24,0,3.4230,0.0170
1,2,3.4380,0.0150
40,0,3.5000,0.0620
42,0,3.5460,0.0460
356,2,3.5640,0.0180
15,0,3.5780,0.0140
356,2,3.5940,0.0160
18,2,3.6100,0.0160
369,0,3.6720,0.0620
466,3,3.6880,0.0160
112,0,3.7030,0.0150
51,2,3.7350,0.0320
40,2,3.7500,0.0150

inetrval
       

40,2,3.7500,0.0150

inetrval
       

55,0,3.7650,0.0150
24,3,3.7810,0.0160
42,0,3.7970,0.0160
51,3,3.8120,0.0150
4,0,3.8280,0.0160
80,3,3.8440,0.0160
42,3,3.8590,0.0150
49,0,3.8770,0.0180
42,0,3.8930,0.0160
49,0,3.9060,0.0130
51,3,3.9230,0.0170
51,3,3.9230,0.0170
49,0,3.9370,0.0140

inetrval
       
49,0,3.9370,0.0140

inetrval
       
42,3,3.9540,0.0170
42,0,3.9690,0.0150
15,0,3.9860,0.0170
15,3,4.0000,0.0140
42,0,4.0000,0.0140
15,0,4.0200,0.0200
42,0,4.0330,0.0130
55,0,4.0470,0.0140
42,0,4.0620,0.0150
42,0,4.0800,0.0180
49,0,4.0930,0.0130
24,0,4.1140,0.0210
42,0,4.1290,0.0150
15,0,4.1450,0.0160
42,0,4.1580,0.0130
42,0,4.1730,0.0150
15,0,4.1940,0.0210
55,0,4.2040,0.0100
15,0,4.2190,0.0150
15,0,4.2190,0.0150
80,3,4.2340,0.0150
80,0,4.2500,0.0160
42,3,4.2650,0.0150
40,3,4.2840,0.0190
42,3,4.2970,0.0130
42,3,4.3280,0.0310
42,3,4.3440,0.0160
49,0,4.3590,0.0150
42,3,4.3910,0.0320
15,0,4.4060,0.0150
15,0,4.4060,0.0150
49,2,4.4230,0.0170

inetrval
       

49,2,4.4230,0.0170

inetrval
       

369,3,4.4380,0.0150
469,4,4.4540,0.0160
15,0,4.4690,0.0150
42,2,4.4850,0.0160
42,2,4.5010,0.0160
42,2,4.5160,0.0150
42,0,4.5320,0.0160
42,2,4.5480,0.0160
55,2,4.5630,0.0150
15,2,4.5790,0.0160
55,2,4.5940,0.0150
42,2,4.6100,0.0160
49,0,4.6260,0.0160
15,0,4.6410,0.0150
49,3,4.6570,0.0160
15,2,4.6760,0.0190

15,2,4.6760,0.0190

112,2,4.6870,0.0110
469,2,4.7030,0.0160
15,0,4.7210,0.0180

15,0,4.7210,0.0180
369,0,4.7390,0.0180
40,3,4.7450,0.0060
55,0,4.7500,0.0050
80,0,4.7680,0.0180
80,0,4.7930,0.0250
80,0,4.7990,0.0060
80,0,4.8160,0.0170
80,0,4.8310,0.0150
61,3,4.8450,0.0140
80,0,4.8580,0.0130
51,0,4.8910,0.0330
51,0,4.9230,0.0320
76,0,4.9460,0.0230
76,0,4.9550,0.0090
51,0,4.9780,0.0230
76,0,4.9850,0.0070
76,0,5.0010,0.0160
416,0,5.0500,0.0490
453,0,5.0870,0.0370
453,0,5.0950,0.0080
24,0,5.1590,0.0640
73,0,5.2860,0.1270
18,0,5.4220,0.1360
23,0,5.4420,0.0200
23,0,5.4560,0.0140
24,0,5.5060,0.0500
24,0,5.5180,0.0120
35,0,5.5340,0.0160
416,0,5.5800,0.0460
35,0,5.6740,0.0940
35,0,5.7080,0.0340
35,0,5.7210,0.0130
35,0,5.7380,0.0170
24,0,5.7700,0.0320
73,0,5.7810,0.0110
35,0,5.8440,0.0630
24,0,5.8940,0.0500
416,0,5.9490,0.0550
35,0,6.0340,0.0850
35,0,6.0580,0.0240
35,0,6.0630,0.0050
24,0,6.3280,0.2650
24,0,6.3750,0.0470
416,0,6.4530,0.0780
416,0,6.5150,0.0620
25,0,6.5310,0.0160
54,0,6.5470,0.0160
80,0,6.5620,0.0150
140,0,6.5780,0.0160
25,0,6.5950,0.0170
18,0,6.6090,0.0140
18,0,6.6250,0.0160
18,0,6.6410,0.0160
18,0,6.6720,0.0310
18,0,6.6870,0.0150
15,0,6.7030,0.0160
80,0,6.7350,0.0320
35,0,6.8610,0.1260
4101,0,6.8760,0.0150
4224,0,6.8910,0.0150
66,0,6.9070,0.0160
0,0,6.9380,0.0310
15,0,6.9540,0.0160
289,0,6.9700,0.0160
22,0,6.9850,0.0150
23,0,7.0160,0.0310
28,0,7.0320,0.0160
15,0,7.0480,0.0160
5349,0,7.0630,0.0150
416,0,7.0790,0.0160
35,0,7.0950,0.0160
35,0,7.1160,0.0210
22,0,7.1890,0.0730
35,0,7.2500,0.0610
35,0,7.2700,0.0200
444,0,7.2990,0.0290
35,0,7.3120,0.0130
35,0,7.3460,0.0340
33,0,7.3920,0.0460
22,0,7.4070,0.0150
22,0,7.4230,0.0160
22,0,7.4410,0.0180
22,0,7.4530,0.0120
282,0,7.4730,0.0200
36,0,7.4880,0.0150
22,0,7.5000,0.0120
35,0,7.5310,0.0310
22,0,7.5620,0.0310
72,0,7.5790,0.0170
64,0,7.5950,0.0160
453,0,7.6100,0.0150
453,0,7.6260,0.0160
35,0,7.6570,0.0310
22,0,7.7040,0.0470
453,0,7.7200,0.0160
4151,0,7.8450,0.1250
80,0,7.8750,0.0300
54,0,7.8980,0.0230
416,0,7.9080,0.0100
35,0,7.9400,0.0320
80,0,7.9730,0.0330
22,0,8.0010,0.0280
453,0,8.0330,0.0320
72,0,8.0590,0.0260
51,0,8.0630,0.0040
35,0,8.0900,0.0270
453,0,8.1570,0.0670
24,0,8.2400,0.0830
453,0,8.3130,0.0730
453,0,8.3600,0.0470
453,0,8.3750,0.0150
453,0,8.4690,0.0940
80,0,8.4840,0.0150
340,0,8.5000,0.0160
54,0,8.5160,0.0160
416,0,8.5470,0.0310
54,0,8.5670,0.0200
24,0,8.7460,0.1790
340,0,8.9110,0.1650
24,0,8.9220,0.0110
35,0,8.9540,0.0320
24,0,9.0500,0.0960
35,0,9.0700,0.0200
453,0,9.0800,0.0100
453,0,9.1040,0.0240
453,0,9.1120,0.0080
453,0,9.1410,0.0290
24,0,9.1720,0.0310
14,0,9.2030,0.0310
417,0,9.2350,0.0320
35,0,9.2560,0.0210
35,0,9.2700,0.0140
340,0,9.4230,0.1530
24,0,9.4570,0.0340
72,0,9.6590,0.2020
72,0,9.6810,0.0220
354,0,9.7040,0.0230
25,0,9.7260,0.0220
61,0,9.7560,0.0300
25,0,9.7690,0.0130
247,0,9.8000,0.0310
33,0,9.8630,0.0630
15,0,9.8720,0.0090
18,0,9.8760,0.0040
19,0,9.9380,0.0620
15,0,9.9610,0.0230
18,0,9.9690,0.0080
15,0,10.0000,0.0310
21,0,10.2600,0.2600
21,0,10.2660,0.0060
24,0,10.2870,0.0210
23,0,10.3330,0.0460
85,0,10.3770,0.0440
74,0,10.4000,0.0230
40,0,10.4080,0.0080
25,0,10.5470,0.1390
340,0,10.5780,0.0310
72,0,10.6720,0.0940
72,0,10.8280,0.1560
24,0,10.9060,0.0780
340,0,10.9220,0.0160
8,0,11.0160,0.0940
35,0,11.0340,0.0180
35,0,11.0470,0.0130
354,0,11.0630,0.0160
37,0,11.0940,0.0310
61,0,11.1090,0.0150
61,0,11.1250,0.0160
14,0,11.1410,0.0160
22,0,11.5000,0.3590
22,0,11.5470,0.0470
15,0,11.5780,0.0310
37,0,11.5940,0.0160
8,0,11.6720,0.0780
8,0,11.6870,0.0150
13,0,11.7340,0.0470
15,0,11.7500,0.0160
15,0,11.7850,0.0350
13,0,11.8300,0.0450
13,0,11.8610,0.0310
44,0,11.8940,0.0330
13,0,11.9410,0.0470
15,0,11.9570,0.0160
15,0,11.9710,0.0140
13,0,12.0020,0.0310
15,0,12.0180,0.0160
15,0,12.0320,0.0140
15,0,12.0500,0.0180
15,0,12.0780,0.0280
15,0,12.0980,0.0200
13,0,12.1730,0.0750
15,0,12.2340,0.0610
15,0,12.2980,0.0640
15,0,12.3290,0.0310
80,0,12.3790,0.0500
15,0,12.4240,0.0450
15,0,12.4430,0.0190
15,0,12.4580,0.0150
15,0,12.4740,0.0160
15,0,12.4860,0.0120
15,0,12.5500,0.0640
15,0,12.5690,0.0190
13,0,12.5850,0.0160
15,0,12.7110,0.1260
15,0,12.7470,0.0360
15,0,12.7740,0.0270
15,0,12.7830,0.0090
