SysID,Thread ID,time,inetrval
14,0,0.2390,0.2390
80,0,0.5350,0.2960
80,0,0.5490,0.0140
23,0,0.5700,0.0210
18,0,0.6130,0.0430
18,0,0.7040,0.0910
23,0,0.7230,0.0190
37,0,0.8950,0.1720
55,0,0.9250,0.0300
61,0,0.9570,0.0320
51,0,0.9720,0.0150
40,0,0.9900,0.0180
49,0,1.0500,0.0600
80,0,1.0660,0.0160
80,0,1.0820,0.0160
347,0,1.0980,0.0160
80,0,1.1920,0.0940
80,0,1.3160,0.1240
15,0,1.3290,0.0130
76,0,1.3760,0.0470
416,0,1.3920,0.0160
453,0,1.4220,0.0300
453,0,1.4540,0.0320
453,0,1.4700,0.0160
18,0,1.5950,0.1250
23,0,1.6110,0.0160
453,0,1.6260,0.0150
453,0,1.6570,0.0310
24,0,1.6730,0.0160
24,0,1.7510,0.0780
80,0,1.7870,0.0360
453,0,1.7990,0.0120
453,0,1.8170,0.0180
18,0,1.8440,0.0270
51,0,1.9700,0.1260
15,0,2.0000,0.0300
15,0,2.0220,0.0220
51,0,2.0290,0.0070
24,0,2.0950,0.0660
85,0,2.1110,0.0160
17,0,2.1260,0.0150
54,0,2.1880,0.0620
356,0,2.2820,0.0940
453,0,2.4070,0.1250
38,0,2.4380,0.0310
297,0,2.4540,0.0160
15,0,2.4700,0.0160
85,0,2.4850,0.0150
33,0,2.5160,0.0310
76,0,2.5370,0.0210
85,0,2.5490,0.0120
293,0,2.5970,0.0480
24,0,2.7930,0.1960
15,0,2.8540,0.0610
37,0,2.9550,0.1010
354,0,2.9720,0.0170
205,0,2.9820,0.0100
417,0,2.9850,0.0030
417,0,3.0080,0.0230
80,0,3.0190,0.0110
49,0,3.0500,0.0310
49,0,3.0650,0.0150
80,0,3.0750,0.0100
369,0,3.0790,0.0040
15,0,3.0960,0.0170
67,2,3.1100,0.0140
55,0,3.1250,0.0150
40,0,3.1410,0.0160
80,2,3.1890,0.0480
80,0,3.2040,0.0150
80,0,3.2190,0.0150
80,0,3.2360,0.0170
466,0,3.2500,0.0140
18,2,3.2660,0.0160
24,2,3.2820,0.0160
112,2,3.3290,0.0470
55,0,3.3450,0.0160
14,2,3.3610,0.0160
80,0,3.3750,0.0140
469,2,3.3910,0.0160
24,0,3.4080,0.0170
112,0,3.4220,0.0140
40,0,3.4550,0.0330
112,2,3.4680,0.0130
24,0,3.4690,0.0010
15,0,3.4840,0.0150
1,3,3.4850,0.0010
469,2,3.5010,0.0160
369,0,3.5170,0.0160
466,2,3.5320,0.0150
80,2,3.5470,0.0150
80,2,3.5690,0.0220
80,2,3.5780,0.0090
40,0,3.5950,0.0170
49,0,3.6100,0.0150
80,0,3.6280,0.0180
80,0,3.6580,0.0300
55,0,3.6720,0.0140
49,0,3.7060,0.0340
80,0,3.7360,0.0300
15,0,3.7500,0.0140
51,3,3.7660,0.0160
112,3,3.7810,0.0150
49,0,3.7990,0.0180
49,0,3.8170,0.0180
80,2,3.8260,0.0090
369,0,3.8290,0.0030
18,0,3.8610,0.0320
80,3,3.8740,0.0130
24,0,3.8760,0.0020
369,0,3.9250,0.0490
80,0,3.9360,0.0110
49,2,3.9380,0.0020
80,4,3.9540,0.0160
74,4,3.9720,0.0180
61,2,3.9840,0.0120
49,0,4.0010,0.0170
55,2,4.0160,0.0150
15,4,4.0330,0.0170
61,3,4.0450,0.0120
112,3,4.0470,0.0020
112,3,4.0470,0.0020
466,2,4.0630,0.0160
inetrval
         
466,0,4.0790,0.0160
inetrval
         
80,4,4.0950,0.0160
466,3,4.1120,0.0170
112,4,4.1240,0.0120
28,3,4.1250,0.0010
51,0,4.1750,0.0500
51,0,4.1920,0.0170
51,0,4.2070,0.0150
76,0,4.2230,0.0160
76,0,4.2380,0.0150
76,0,4.2550,0.0170
76,0,4.2680,0.0130
76,0,4.2850,0.0170
76,0,4.2980,0.0130
416,0,4.3170,0.0190
24,0,4.3630,0.0460
73,0,4.5510,0.1880
73,0,4.5630,0.0120
18,0,4.6910,0.1280
23,0,4.7050,0.0140
23,0,4.7350,0.0300
24,0,4.7660,0.0310
24,0,4.7900,0.0240
35,0,4.7980,0.0080
416,0,4.8480,0.0500
416,0,4.8790,0.0310
453,0,4.8950,0.0160
453,0,4.9100,0.0150
72,0,4.9260,0.0160
51,0,4.9410,0.0150
35,0,4.9570,0.0160
453,0,5.0360,0.0790
24,0,5.1280,0.0920
24,0,5.1750,0.0470
453,0,5.1910,0.0160
453,0,5.2220,0.0310
453,0,5.2380,0.0160
416,0,5.2520,0.0140
35,0,5.3310,0.0790
35,0,5.3630,0.0320
35,0,5.3800,0.0170
35,0,5.3940,0.0140
24,0,5.4250,0.0310
73,0,5.4420,0.0170
35,0,5.5060,0.0640
416,0,5.6030,0.0970
453,0,5.6740,0.0710
416,0,5.8450,0.1710
416,0,5.8650,0.0200
24,0,5.9000,0.0350
35,0,5.9070,0.0070
35,0,5.9310,0.0240
35,0,5.9420,0.0110
24,0,6.2390,0.2970
416,0,6.3200,0.0810
416,0,6.3820,0.0620
35,0,6.3980,0.0160
54,0,6.4110,0.0130
140,0,6.4410,0.0300
25,0,6.4600,0.0190
453,0,6.4750,0.0150
18,0,6.4900,0.0150
18,0,6.4950,0.0050
18,0,6.5220,0.0270
18,0,6.5330,0.0110
37,0,6.5520,0.0190
80,0,6.5830,0.0310
247,0,6.6760,0.0930
33,0,6.7240,0.0480
18,0,6.7370,0.0130
19,0,6.7540,0.0170
19,0,6.8170,0.0630
18,0,6.8300,0.0130
23,0,6.8460,0.0160
15,0,6.8660,0.0200
18,0,6.8780,0.0120
24,0,6.9110,0.0330
35,0,7.1410,0.2300
37,0,7.1630,0.0220
5169,0,7.1760,0.0130
0,0,7.2220,0.0460
25,0,7.2380,0.0160
289,0,7.2540,0.0160
22,0,7.2710,0.0170
23,0,7.3020,0.0310
28,0,7.3160,0.0140
18,0,7.3320,0.0160
5349,0,7.3480,0.0160
24,0,7.3630,0.0150
24,0,7.3940,0.0310
73,0,7.4100,0.0160
24,0,7.5350,0.1250
24,0,7.5490,0.0140
35,0,7.5810,0.0320
4162,0,7.5970,0.0160
5125,0,7.6140,0.0170
33,0,7.6280,0.0140
0,0,7.6450,0.0170
22,0,7.6610,0.0160
4162,0,7.6920,0.0310
25,0,7.7210,0.0290
453,0,7.7540,0.0330
180,0,7.7970,0.0430
80,0,7.8130,0.0160
61,0,7.8280,0.0150
22,0,7.8490,0.0210
416,0,7.8770,0.0280
453,0,7.9570,0.0800
80,0,7.9730,0.0160
66,0,7.9850,0.0120
54,0,8.0040,0.0190
416,0,8.0360,0.0320
35,0,8.0680,0.0320
24,0,8.1140,0.0460
22,0,8.1300,0.0160
23,0,8.1450,0.0150
35,0,8.1900,0.0450
35,0,8.2080,0.0180
35,0,8.2220,0.0140
444,0,8.2380,0.0160
35,0,8.2550,0.0170
35,0,8.2850,0.0300
33,0,8.3310,0.0460
22,0,8.3460,0.0150
22,0,8.3620,0.0160
72,0,8.3790,0.0170
36,0,8.3940,0.0150
35,0,8.4410,0.0470
22,0,8.4570,0.0160
453,0,8.4730,0.0160
72,0,8.4870,0.0140
453,0,8.5040,0.0170
453,0,8.5200,0.0160
192,0,8.5480,0.0280
192,0,8.5680,0.0200
416,0,8.5810,0.0130
416,0,8.6130,0.0320
453,0,8.6440,0.0310
416,0,8.6600,0.0160
35,0,8.6750,0.0150
453,0,8.7220,0.0470
35,0,8.8010,0.0790
35,0,8.8160,0.0150
80,0,8.8300,0.0140
453,0,8.8620,0.0320
416,0,8.8810,0.0190
35,0,8.9110,0.0300
24,0,8.9880,0.0770
192,0,9.0030,0.0150
453,0,9.0180,0.0150
453,0,9.0360,0.0180
453,0,9.0510,0.0150
453,0,9.0650,0.0140
416,0,9.0830,0.0180
35,0,9.0980,0.0150
35,0,9.1130,0.0150
22,0,9.1430,0.0300
453,0,9.1610,0.0180
4151,0,9.2850,0.1240
54,0,9.3010,0.0160
416,0,9.3160,0.0150
35,0,9.3480,0.0320
80,0,9.3780,0.0300
22,0,9.4110,0.0330
14,0,9.4250,0.0140
417,0,9.4420,0.0170
360,0,9.5010,0.0590
