SysID,Thread ID,time,inetrval
14,0,0.2490,0.2490
80,0,0.6250,0.3760
80,0,0.6560,0.0310
18,0,0.7190,0.0630
18,0,0.8110,0.0920
37,0,1.0010,0.1900
55,0,1.0370,0.0360
61,0,1.0620,0.0250
51,0,1.0930,0.0310
40,0,1.1090,0.0160
49,0,1.1860,0.0770
80,0,1.2020,0.0160
347,0,1.2370,0.0350
80,0,1.3460,0.1090
80,0,1.5020,0.1560
15,0,1.5150,0.0130
76,0,1.5480,0.0330
416,0,1.5640,0.0160
453,0,1.5930,0.0290
453,0,1.6400,0.0470
453,0,1.6720,0.0320
18,0,1.7850,0.1130
453,0,1.8120,0.0270
453,0,1.8450,0.0330
24,0,1.8610,0.0160
24,0,1.9520,0.0910
80,0,1.9870,0.0350
453,0,1.9990,0.0120
453,0,2.0150,0.0160
18,0,2.0310,0.0160
51,0,2.2180,0.1870
15,0,2.2340,0.0160
51,0,2.2500,0.0160
51,0,2.2660,0.0160
24,0,2.3430,0.0770
85,0,2.3600,0.0170
17,0,2.3790,0.0190
54,0,2.4360,0.0570
340,0,2.4630,0.0270
356,0,2.5170,0.0540
453,0,2.6400,0.1230
15,0,2.6580,0.0180
38,0,2.6730,0.0150
297,0,2.6880,0.0150
15,0,2.7030,0.0150
85,0,2.7190,0.0160
33,0,2.7530,0.0340
15,0,2.7660,0.0130
15,0,2.7820,0.0160
15,0,2.7960,0.0140
293,0,2.8440,0.0480
24,0,3.0470,0.2030
15,0,3.1080,0.0610
42,0,3.1240,0.0160
37,0,3.2350,0.1110
354,0,3.2520,0.0170
173,0,3.2660,0.0140
196,0,3.2820,0.0160
417,0,3.2980,0.0160
80,0,3.3120,0.0140
40,0,3.3280,0.0160
80,0,3.3450,0.0170
49,0,3.3600,0.0150
369,0,3.3760,0.0160
67,2,3.4050,0.0290
1,2,3.4210,0.0160
55,0,3.4360,0.0150
49,0,3.4520,0.0160
80,0,3.4680,0.0160
80,0,3.4990,0.0310
80,2,3.5150,0.0160
24,0,3.5610,0.0460
466,2,3.5770,0.0160
18,0,3.5950,0.0180
24,0,3.6110,0.0160
112,0,3.6410,0.0300
40,0,3.6570,0.0160
28,2,3.6710,0.0140
49,0,3.6860,0.0150
80,0,3.7030,0.0170
469,2,3.7180,0.0150
80,2,3.7360,0.0180
40,0,3.7990,0.0630
80,2,3.8090,0.0100
369,0,3.8120,0.0030
24,2,3.8600,0.0480
369,0,3.8750,0.0150
80,0,3.8900,0.0150
4,0,3.9050,0.0150
348,0,3.9250,0.0200
76,0,3.9380,0.0130
76,0,3.9680,0.0300
416,0,3.9850,0.0170
24,0,4.0310,0.0460
73,0,4.1870,0.1560
24,0,4.2030,0.0160
18,0,4.3450,0.1420
23,0,4.3940,0.0490
24,0,4.4840,0.0900
24,0,4.4990,0.0150
35,0,4.5310,0.0320
416,0,4.5930,0.0620
416,0,4.6090,0.0160
453,0,4.6250,0.0160
25,0,4.6410,0.0160
192,0,4.6560,0.0150
51,0,4.6870,0.0310
35,0,4.7030,0.0160
453,0,4.7970,0.0940
24,0,4.8750,0.0780
453,0,4.9690,0.0940
453,0,5.0150,0.0460
453,0,5.0320,0.0170
417,0,5.0470,0.0150
14,0,5.0620,0.0150
24,0,5.1090,0.0470
51,0,5.2020,0.0930
289,0,5.4060,0.2040
22,0,5.4220,0.0160
23,0,5.4530,0.0310
28,0,5.5140,0.0610
51,0,5.5350,0.0210
15,0,5.5490,0.0140
15,0,5.5680,0.0190
51,0,5.6020,0.0340
85,0,5.6250,0.0230
8,0,5.6400,0.0150
51,0,5.6580,0.0180
80,0,5.7650,0.1070
24,0,5.8120,0.0470
18,0,5.8430,0.0310
18,0,5.8600,0.0170
18,0,5.8750,0.0150
297,0,5.8920,0.0170
23,0,5.9090,0.0170
453,0,5.9210,0.0120
33,0,6.0160,0.0950
33,0,6.0330,0.0170
23,0,6.0470,0.0140
25,0,6.0820,0.0350
18,0,6.0940,0.0120
247,0,6.1100,0.0160
247,0,6.1250,0.0150
33,0,6.1730,0.0480
18,0,6.1890,0.0160
19,0,6.2640,0.0750
18,0,6.2850,0.0210
23,0,6.2960,0.0110
15,0,6.3130,0.0170
18,0,6.3280,0.0150
140,0,6.5480,0.2200
340,0,6.5810,0.0330
24,0,6.6140,0.0330
58,0,6.6320,0.0180
15,0,6.6400,0.0080
4,0,6.6680,0.0280
25,0,7.0620,0.3940
15,0,7.1250,0.0630
15,0,7.1400,0.0150
15,0,7.1720,0.0320
15,0,7.1870,0.0150
15,0,7.2500,0.0630
15,0,7.2660,0.0160
15,0,7.2980,0.0320
