SysID,Thread ID,time,inetrval
14,0,0.2200,0.2200
80,0,0.5310,0.3110
80,0,0.5470,0.0160
80,0,0.5620,0.0150
33,0,0.5780,0.0160
18,0,0.6290,0.0510
18,0,0.7190,0.0900
37,0,0.9090,0.1900
55,0,0.9390,0.0300
61,0,0.9710,0.0320
51,0,1.0020,0.0310
49,0,1.0810,0.0790
80,0,1.0950,0.0140
347,0,1.1270,0.0320
80,0,1.2230,0.0960
80,0,1.3750,0.1520
15,0,1.3910,0.0160
76,0,1.4270,0.0360
416,0,1.4550,0.0280
453,0,1.4850,0.0300
453,0,1.5170,0.0320
453,0,1.5360,0.0190
18,0,1.6560,0.1200
453,0,1.6730,0.0170
453,0,1.7040,0.0310
24,0,1.7200,0.0160
24,0,1.8130,0.0930
80,0,1.8280,0.0150
80,0,1.8490,0.0210
453,0,1.8570,0.0080
453,0,1.8590,0.0020
18,0,1.8900,0.0310
51,0,2.0310,0.1410
51,0,2.0650,0.0340
348,0,2.0830,0.0180
24,0,2.1400,0.0570
85,0,2.1750,0.0350
17,0,2.1880,0.0130
54,0,2.2690,0.0810
340,0,2.3130,0.0440
356,0,2.3910,0.0780
453,0,2.5150,0.1240
15,0,2.5320,0.0170
38,0,2.5510,0.0190
297,0,2.5630,0.0120
15,0,2.5780,0.0150
85,0,2.5950,0.0170
33,0,2.6260,0.0310
15,0,2.6420,0.0160
85,0,2.6570,0.0150
15,0,2.6730,0.0160
293,0,2.7190,0.0460
24,0,2.9250,0.2060
15,0,2.9700,0.0450
42,0,2.9970,0.0270
37,0,3.1320,0.1350
354,0,3.1570,0.0250
196,0,3.1740,0.0170
417,0,3.1900,0.0160
80,0,3.2030,0.0130
40,0,3.2220,0.0190
49,0,3.2360,0.0140
80,0,3.2470,0.0110
55,0,3.2500,0.0030
49,0,3.2810,0.0310
55,0,3.3290,0.0480
55,0,3.3460,0.0170
49,0,3.3640,0.0180
24,0,3.3790,0.0150
18,0,3.3920,0.0130
23,0,3.4060,0.0140
55,0,3.4390,0.0330
49,0,3.4530,0.0140
24,0,3.4720,0.0190
40,0,3.5180,0.0460
49,0,3.5490,0.0310
369,0,3.5790,0.0300
67,2,3.5940,0.0150
1,2,3.6090,0.0150
24,2,3.6250,0.0160
369,2,3.6730,0.0480
1,3,3.6870,0.0140
40,0,3.7040,0.0170
80,4,3.7200,0.0160
14,3,3.7360,0.0160
80,0,3.7540,0.0180
80,0,3.7640,0.0100
80,0,3.7660,0.0020
80,0,3.7840,0.0180
28,3,3.7970,0.0130
49,0,3.8120,0.0150
369,0,3.8280,0.0160
80,3,3.8460,0.0180
51,0,3.8770,0.0310
76,0,3.8940,0.0170
51,0,3.9110,0.0170
51,0,3.9230,0.0120
76,0,3.9410,0.0180
51,0,3.9560,0.0150
416,0,3.9710,0.0150
35,0,4.0650,0.0940
35,0,4.0820,0.0170
35,0,4.1120,0.0300
35,0,4.1280,0.0160
35,0,4.1770,0.0490
35,0,4.1880,0.0110
35,0,4.2060,0.0180
24,0,4.2360,0.0300
73,0,4.2530,0.0170
73,0,4.2670,0.0140
35,0,4.3460,0.0790
18,0,4.3630,0.0170
23,0,4.3770,0.0140
23,0,4.3940,0.0170
24,0,4.4720,0.0780
416,0,4.5340,0.0620
24,0,4.6770,0.1430
35,0,4.7040,0.0270
35,0,4.7390,0.0350
35,0,4.7520,0.0130
24,0,5.0940,0.3420
416,0,5.2050,0.1110
416,0,5.2670,0.0620
35,0,5.2980,0.0310
54,0,5.3180,0.0200
80,0,5.3320,0.0140
140,0,5.3460,0.0140
25,0,5.3610,0.0150
18,0,5.3770,0.0160
18,0,5.3920,0.0150
18,0,5.4080,0.0160
18,0,5.4380,0.0300
18,0,5.4550,0.0170
37,0,5.4680,0.0130
80,0,5.5020,0.0340
247,0,5.5960,0.0940
247,0,5.6110,0.0150
33,0,5.6590,0.0480
18,0,5.6750,0.0160
19,0,5.7500,0.0750
18,0,5.7660,0.0160
23,0,5.7820,0.0160
15,0,5.8160,0.0340
24,0,5.8940,0.0780
35,0,6.0970,0.2030
4101,0,6.1100,0.0130
4224,0,6.1280,0.0180
0,0,6.1900,0.0620
289,0,6.2220,0.0320
22,0,6.2360,0.0140
23,0,6.2520,0.0160
28,0,6.3040,0.0520
18,0,6.3130,0.0090
5349,0,6.3330,0.0200
24,0,6.3770,0.0440
30,0,6.3910,0.0140
73,0,6.4840,0.0930
24,0,6.6090,0.1250
24,0,6.6250,0.0160
35,0,6.6410,0.0160
416,0,6.6870,0.0460
416,0,6.7030,0.0160
453,0,6.7190,0.0160
453,0,6.7340,0.0150
192,0,6.7500,0.0160
72,0,6.7660,0.0160
51,0,6.7810,0.0150
35,0,6.7970,0.0160
453,0,6.8750,0.0780
24,0,6.9840,0.1090
453,0,7.0620,0.0780
416,0,7.0790,0.0170
453,0,7.1250,0.0460
453,0,7.1430,0.0180
453,0,7.1560,0.0130
14,0,7.1730,0.0170
417,0,7.2190,0.0460
24,0,7.2360,0.0170
73,0,7.3140,0.0780
73,0,7.3300,0.0160
24,0,7.6100,0.2800
35,0,7.6290,0.0190
35,0,7.7380,0.1090
25,0,7.7650,0.0270
428,0,7.8190,0.0540
72,0,7.8300,0.0110
74,0,7.8440,0.0140
40,0,7.8640,0.0200
357,0,7.8760,0.0120
94,0,7.8930,0.0170
64,0,7.9070,0.0140
15,0,7.9230,0.0160
322,0,7.9430,0.0200
25,0,7.9530,0.0100
25,0,7.9720,0.0190
24,0,7.9850,0.0130
80,0,8.1130,0.1280
61,0,8.1260,0.0130
24,0,8.1740,0.0480
18,0,8.2050,0.0310
201,0,8.2200,0.0150
322,0,8.2500,0.0300
18,0,8.2660,0.0160
18,0,8.2850,0.0190
453,0,8.2980,0.0130
33,0,8.3940,0.0960
33,0,8.4080,0.0140
23,0,8.4230,0.0150
25,0,8.4540,0.0310
73,0,8.4720,0.0180
140,0,8.5330,0.0610
340,0,8.5800,0.0470
24,0,8.6100,0.0300
82,0,8.6280,0.0180
15,0,8.6410,0.0130
91,0,8.6570,0.0160
15,0,9.2950,0.6380
15,0,9.2980,0.0030
