SysID,Thread ID,time,inetrval
14,0,0.2180,0.2180
80,0,0.5620,0.3440
18,0,0.5930,0.0310
18,0,0.6410,0.0480
18,0,0.7350,0.0940
37,0,0.9250,0.1900
55,0,0.9540,0.0290
61,0,0.9990,0.0450
51,0,1.0140,0.0150
40,0,1.0350,0.0210
49,0,1.0940,0.0590
80,0,1.1200,0.0260
80,0,1.1250,0.0050
347,0,1.1630,0.0380
80,0,1.2650,0.1020
80,0,1.4360,0.1710
15,0,1.4580,0.0220
76,0,1.4990,0.0410
416,0,1.5150,0.0160
453,0,1.5470,0.0320
453,0,1.5900,0.0430
453,0,1.5920,0.0020
18,0,1.7190,0.1270
23,0,1.7360,0.0170
453,0,1.7500,0.0140
453,0,1.7840,0.0340
24,0,1.7990,0.0150
24,0,1.8930,0.0940
80,0,1.9250,0.0320
453,0,1.9380,0.0130
18,0,1.9680,0.0300
51,0,2.1400,0.1720
15,0,2.1580,0.0180
51,0,2.1730,0.0150
51,0,2.1890,0.0160
24,0,2.2650,0.0760
85,0,2.2840,0.0190
17,0,2.2960,0.0120
54,0,2.3740,0.0780
356,0,2.4520,0.0780
453,0,2.5620,0.1100
15,0,2.5770,0.0150
38,0,2.5920,0.0150
33,0,2.6080,0.0160
15,0,2.6240,0.0160
85,0,2.6430,0.0190
33,0,2.6720,0.0290
15,0,2.6870,0.0150
85,0,2.7050,0.0180
453,0,2.7170,0.0120
293,0,2.7650,0.0480
24,0,2.9530,0.1880
15,0,3.0310,0.0780
37,0,3.1550,0.1240
354,0,3.1880,0.0330
173,0,3.2030,0.0150
196,0,3.2180,0.0150
196,0,3.2330,0.0150
80,0,3.2510,0.0180
55,0,3.2700,0.0190
49,0,3.2800,0.0100
49,0,3.3000,0.0200
80,0,3.3130,0.0130
15,0,3.3350,0.0220
67,2,3.3440,0.0090
55,0,3.3740,0.0300
49,0,3.3890,0.0150
80,0,3.4210,0.0320
80,0,3.4360,0.0150
80,0,3.4520,0.0160
466,2,3.4830,0.0310
24,0,3.4990,0.0160
18,0,3.5260,0.0270
24,0,3.5300,0.0040
112,0,3.5610,0.0310
55,0,3.5770,0.0160
14,2,3.5930,0.0160
469,2,3.6230,0.0300
24,0,3.6550,0.0320
24,2,3.6720,0.0170
40,0,3.7020,0.0300
80,0,3.7170,0.0150
15,0,3.7330,0.0160
469,3,3.7500,0.0170
369,0,3.7640,0.0140
80,0,3.7800,0.0160
14,3,3.8040,0.0240
49,0,3.8110,0.0070
49,0,3.8280,0.0170
49,0,3.8430,0.0150
49,0,3.8600,0.0170
15,0,3.8840,0.0240
80,3,3.8850,0.0010

80,3,3.8850,0.0010
80,2,3.8910,0.0060
80,2,3.9040,0.0130
469,4,3.9050,0.0010
49,0,3.9050,0.0010
40,0,3.9210,0.0160
40,0,3.9380,0.0170
369,0,3.9530,0.0150
80,2,3.9670,0.0140
51,0,4.0210,0.0540
76,0,4.0350,0.0140
51,0,4.0530,0.0180
51,0,4.0670,0.0140
76,0,4.0830,0.0160
76,0,4.0980,0.0150
76,0,4.1140,0.0160
416,0,4.1310,0.0170
24,0,4.1780,0.0470
24,0,4.1930,0.0150
24,0,4.2640,0.0710
73,0,4.3110,0.0470
73,0,4.3270,0.0160
18,0,4.5310,0.2040
23,0,4.5480,0.0170
24,0,4.5950,0.0470
24,0,4.6090,0.0140
35,0,4.6390,0.0300
416,0,4.6860,0.0470
416,0,4.7180,0.0320
453,0,4.7360,0.0180
453,0,4.7450,0.0090
25,0,4.7490,0.0040
192,0,4.7640,0.0150
51,0,4.7960,0.0320
453,0,4.8740,0.0780
453,0,4.8890,0.0150
24,0,4.9830,0.0940
453,0,5.0460,0.0630
416,0,5.0610,0.0150
453,0,5.0930,0.0320
453,0,5.1110,0.0180
35,0,5.2060,0.0950
35,0,5.2250,0.0190
35,0,5.2390,0.0140
35,0,5.2570,0.0180
35,0,5.2700,0.0130
35,0,5.2900,0.0200
35,0,5.2960,0.0060
24,0,5.3250,0.0290
73,0,5.3270,0.0020
35,0,5.3900,0.0630
416,0,5.5300,0.1400
35,0,5.6090,0.0790
35,0,5.6250,0.0160
35,0,5.6400,0.0150
24,0,5.7340,0.0940
416,0,6.0470,0.3130
416,0,6.1090,0.0620
35,0,6.1250,0.0160
54,0,6.1400,0.0150
140,0,6.1550,0.0150
25,0,6.1860,0.0310
18,0,6.2020,0.0160
18,0,6.2180,0.0160
18,0,6.2330,0.0150
18,0,6.2490,0.0160
18,0,6.2640,0.0150
37,0,6.2800,0.0160
80,0,6.3110,0.0310
247,0,6.4050,0.0940
33,0,6.4680,0.0630
18,0,6.4830,0.0150
19,0,6.5460,0.0630
15,0,6.5610,0.0150
18,0,6.5770,0.0160
23,0,6.5920,0.0150
15,0,6.6080,0.0160
15,0,6.6240,0.0160
24,0,6.7020,0.0780
35,0,6.8890,0.1870
35,0,6.9050,0.0160
37,0,6.9210,0.0160
297,0,6.9360,0.0150
0,0,6.9840,0.0480
25,0,6.9990,0.0150
289,0,7.0140,0.0150
22,0,7.0300,0.0160
23,0,7.0610,0.0310
28,0,7.0770,0.0160
18,0,7.0920,0.0150
5349,0,7.1080,0.0160
35,0,7.1390,0.0310
35,0,7.1550,0.0160
24,0,7.1860,0.0310
192,0,7.2490,0.0630
35,0,7.2640,0.0150
453,0,7.2950,0.0310
453,0,7.3110,0.0160
35,0,7.3270,0.0160
416,0,7.3470,0.0200
35,0,7.3770,0.0300
22,0,7.4530,0.0760
35,0,7.5210,0.0680
35,0,7.5300,0.0090
444,0,7.5610,0.0310
35,0,7.5840,0.0230
35,0,7.6080,0.0240
33,0,7.6590,0.0510
22,0,7.6740,0.0150
22,0,7.6900,0.0160
22,0,7.7060,0.0160
72,0,7.7210,0.0150
36,0,7.7340,0.0130
35,0,7.7970,0.0630
72,0,7.8280,0.0310
453,0,7.8490,0.0210
453,0,7.8580,0.0090
35,0,7.8890,0.0310
22,0,7.9480,0.0590
453,0,7.9530,0.0050
61,0,8.0030,0.0500
15,0,8.0180,0.0150
4151,0,8.0970,0.0790
80,0,8.1160,0.0190
54,0,8.1290,0.0130
54,0,8.1440,0.0150
14,0,8.1610,0.0170
417,0,8.1750,0.0140
14,0,8.1910,0.0160
360,0,8.2430,0.0520
