SysID,Thread ID,time,inetrval
14,0,0.2660,0.2660
80,0,0.5780,0.3120
80,0,0.5950,0.0170
18,0,0.6120,0.0170
18,0,0.6790,0.0670
18,0,0.7810,0.1020
37,0,0.9560,0.1750
55,0,0.9870,0.0310
61,0,1.0180,0.0310
51,0,1.0490,0.0310
49,0,1.1260,0.0770
80,0,1.1430,0.0170
347,0,1.1760,0.0330
347,0,1.1840,0.0080
80,0,1.2860,0.1020
80,0,1.4880,0.2020
76,0,1.5320,0.0440
416,0,1.5650,0.0330
453,0,1.5820,0.0170
453,0,1.6250,0.0430
453,0,1.6570,0.0320
18,0,1.7660,0.1090
15,0,1.7970,0.0310
453,0,1.8130,0.0160
453,0,1.8450,0.0320
24,0,1.8610,0.0160
24,0,1.9390,0.0780
80,0,1.9690,0.0300
453,0,1.9920,0.0230
453,0,2.0170,0.0250
453,0,2.0320,0.0150
18,0,2.0510,0.0190
51,0,2.2030,0.1520
15,0,2.2350,0.0320
51,0,2.2660,0.0310
15,0,2.2820,0.0160
24,0,2.3760,0.0940
85,0,2.3920,0.0160
74,0,2.4060,0.0140
54,0,2.4700,0.0640
340,0,2.4850,0.0150
356,0,2.5630,0.0780
453,0,2.6570,0.0940
15,0,2.6870,0.0300
297,0,2.7190,0.0320
15,0,2.7500,0.0310
85,0,2.7670,0.0170
33,0,2.7880,0.0210
15,0,2.8000,0.0120
76,0,2.8280,0.0280
15,0,2.8590,0.0310
293,0,2.8920,0.0330
24,0,3.1300,0.2380
15,0,3.1890,0.0590
37,0,3.3320,0.1430
354,0,3.3450,0.0130
205,0,3.3620,0.0170
144,0,3.3750,0.0130
80,0,3.3930,0.0180
55,0,3.4060,0.0130
49,0,3.4220,0.0160
49,0,3.4410,0.0190
80,0,3.4560,0.0150
369,0,3.4710,0.0150
15,0,3.4820,0.0110
67,2,3.4840,0.0020
55,0,3.5000,0.0160
40,0,3.5160,0.0160
49,0,3.5320,0.0160
80,0,3.5780,0.0460
80,0,3.5940,0.0160
466,0,3.6090,0.0150
112,2,3.6250,0.0160
24,0,3.6560,0.0310
466,2,3.6720,0.0160
18,0,3.6920,0.0200
112,0,3.7230,0.0310
28,2,3.7340,0.0110
469,2,3.7660,0.0320
24,0,3.8000,0.0340
369,0,3.8480,0.0480
40,0,3.8600,0.0120
369,0,3.8750,0.0150
14,2,3.8910,0.0160
469,3,3.8910,0.0160
55,0,3.9120,0.0210
49,0,3.9230,0.0110
49,0,3.9400,0.0170
49,0,3.9560,0.0160
80,2,3.9710,0.0150
49,0,3.9860,0.0150
369,0,4.0000,0.0140
18,0,4.0320,0.0320
14,3,4.0480,0.0160
51,0,4.0630,0.0150
24,0,4.0990,0.0360
369,0,4.1120,0.0130
356,2,4.1410,0.0290
4,0,4.1580,0.0170
74,3,4.1720,0.0140
18,2,4.2030,0.0310
24,3,4.2510,0.0480
369,3,4.2670,0.0160
61,2,4.2820,0.0150
469,4,4.2970,0.0150
51,0,4.3460,0.0490
76,0,4.3640,0.0180
51,0,4.3930,0.0290
76,0,4.4090,0.0160
76,0,4.4340,0.0250
76,0,4.4380,0.0040
76,0,4.4530,0.0150
14,0,4.4690,0.0160
416,0,4.4850,0.0160
24,0,4.5470,0.0620
24,0,4.5630,0.0160
24,0,4.6600,0.0970
73,0,4.6910,0.0310
73,0,4.7050,0.0140
18,0,4.8320,0.1270
23,0,4.8470,0.0150
23,0,4.8640,0.0170
24,0,4.9060,0.0420
24,0,4.9270,0.0210
24,0,4.9390,0.0120
35,0,4.9560,0.0170
416,0,5.0030,0.0470
416,0,5.0340,0.0310
453,0,5.0510,0.0170
453,0,5.0650,0.0140
72,0,5.0780,0.0130
51,0,5.1090,0.0310
453,0,5.2030,0.0940
24,0,5.2970,0.0940
453,0,5.3600,0.0630
416,0,5.3760,0.0160
453,0,5.4070,0.0310
453,0,5.4230,0.0160
35,0,5.5160,0.0930
35,0,5.5480,0.0320
35,0,5.5650,0.0170
35,0,5.5810,0.0160
35,0,5.5950,0.0140
24,0,5.6130,0.0180
73,0,5.6270,0.0140
35,0,5.7050,0.0780
24,0,5.7840,0.0790
416,0,5.8130,0.0290
35,0,5.8930,0.0800
35,0,5.9100,0.0170
35,0,5.9240,0.0140
24,0,6.3020,0.3780
416,0,6.3320,0.0300
80,0,6.3480,0.0160
140,0,6.3620,0.0140
25,0,6.3780,0.0160
18,0,6.3940,0.0160
18,0,6.4080,0.0140
18,0,6.4250,0.0170
18,0,6.4380,0.0130
18,0,6.4610,0.0230
18,0,6.4710,0.0100
37,0,6.4870,0.0160
80,0,6.5190,0.0320
247,0,6.6100,0.0910
33,0,6.6780,0.0680
18,0,6.6910,0.0130
19,0,6.7530,0.0620
15,0,6.7670,0.0140
18,0,6.7880,0.0210
15,0,6.8190,0.0310
18,0,6.8300,0.0110
24,0,6.8940,0.0640
35,0,7.1270,0.2330
37,0,7.1460,0.0190
297,0,7.1620,0.0160
0,0,7.1920,0.0300
15,0,7.2130,0.0210
25,0,7.2210,0.0080
289,0,7.2420,0.0210
22,0,7.2520,0.0100
23,0,7.2820,0.0300
28,0,7.3010,0.0190
5,0,7.3130,0.0120
5349,0,7.3300,0.0170
416,0,7.3450,0.0150
416,0,7.3920,0.0470
25,0,7.4090,0.0170
416,0,7.4230,0.0140
4151,0,7.4530,0.0300
453,0,7.4710,0.0180
51,0,7.5630,0.0920
33,0,7.5790,0.0160
18,0,7.5970,0.0180
17,0,7.6120,0.0150
140,0,7.6410,0.0290
15,0,7.6560,0.0150
105,0,7.6880,0.0320
4162,0,7.7190,0.0310
35,0,7.7340,0.0150
14,0,7.7550,0.0210
417,0,7.7820,0.0270
35,0,7.8160,0.0340
72,0,7.9250,0.1090
51,0,7.9870,0.0620
340,0,8.0040,0.0170
33,0,8.0350,0.0310
33,0,8.0510,0.0160
72,0,8.0660,0.0150
24,0,8.0790,0.0130
23,0,8.0960,0.0170
18,0,8.1130,0.0170
18,0,8.1440,0.0310
23,0,8.1750,0.0310
85,0,8.2230,0.0480
74,0,8.2360,0.0130
40,0,8.2540,0.0180
23,0,8.2690,0.0150
4,0,8.3130,0.0440
4,0,8.3900,0.0770
80,0,8.4380,0.0480
61,0,8.4530,0.0150
85,0,8.4690,0.0160
85,0,8.4840,0.0150
51,0,8.5320,0.0480
51,0,8.5620,0.0300
51,0,8.5780,0.0160
17,0,8.5940,0.0160
15,0,8.6100,0.0160
37,0,8.6410,0.0310
61,0,8.6560,0.0150
49,0,8.6730,0.0170
80,4,8.6910,0.0180
369,0,8.7050,0.0140
55,2,8.7180,0.0130
369,2,8.7190,0.0010
49,2,8.7350,0.0160
112,4,8.7510,0.0160
80,4,8.7660,0.0150
22,0,8.8630,0.0970
24,0,8.9250,0.0620
356,0,8.9450,0.0200
444,0,8.9730,0.0280
356,0,9.0190,0.0460
33,0,9.0500,0.0310
33,0,9.0640,0.0140
289,0,9.0820,0.0180
22,0,9.0940,0.0120
22,0,9.1160,0.0220
282,0,9.1270,0.0110
33,0,9.1440,0.0170
22,0,9.1910,0.0470
453,0,9.2070,0.0160
72,0,9.2220,0.0150
64,0,9.2380,0.0160
453,0,9.2540,0.0160
416,0,9.2690,0.0150
61,0,9.3170,0.0480
42,0,9.3290,0.0120
22,0,9.3620,0.0330
416,0,9.3790,0.0170
192,0,9.4080,0.0290
192,0,9.4250,0.0170
416,0,9.4420,0.0170
416,0,9.4720,0.0300
453,0,9.5170,0.0450
453,0,9.5810,0.0640
453,0,9.5980,0.0170
453,0,9.6290,0.0310
14,0,9.6430,0.0140
51,0,9.6600,0.0170
4,0,9.6770,0.0170
4,0,9.7040,0.0270
61,0,9.7670,0.0630
24,0,9.8010,0.0340
24,0,9.8130,0.0120
5254,0,10.0490,0.2360
5254,0,10.0790,0.0300
5254,0,10.1110,0.0320
5254,0,10.1260,0.0150
5254,0,10.1560,0.0300
5254,0,10.1880,0.0320
5254,0,10.2040,0.0160
5254,0,10.2200,0.0160
5254,0,10.2360,0.0160
5254,0,10.2510,0.0150
5254,0,10.2670,0.0160
5254,0,10.2980,0.0310
5254,0,10.3140,0.0160
5254,0,10.3300,0.0160
5254,0,10.3610,0.0310
5254,0,10.3790,0.0180
5254,0,10.4100,0.0310
5254,0,10.4250,0.0150
5254,0,10.4390,0.0140
5254,0,10.4710,0.0320
5254,0,10.4860,0.0150
5254,0,10.5160,0.0300
5254,0,10.5440,0.0280
5254,0,10.5630,0.0190
5254,0,10.5780,0.0150
5254,0,10.6090,0.0310
5254,0,10.6250,0.0160
5254,0,10.6560,0.0310
5254,0,10.6720,0.0160
5254,0,10.7030,0.0310
5254,0,10.7190,0.0160
5254,0,10.7340,0.0150
5254,0,10.7500,0.0160
5254,0,10.7660,0.0160
5254,0,10.7810,0.0150
5254,0,10.7970,0.0160
5254,0,10.8130,0.0160
5254,0,10.8280,0.0150
5254,0,10.8440,0.0160
5254,0,10.8750,0.0310
5254,0,10.9060,0.0310
5254,0,10.9370,0.0310
39,0,10.9690,0.0320
61,0,10.9860,0.0170
5254,0,11.0020,0.0160
30,0,11.0170,0.0150
30,0,11.0310,0.0140
22,0,11.0500,0.0190
23,0,11.0640,0.0140
24,0,11.1410,0.0770
22,0,11.1880,0.0470
23,0,11.2060,0.0180
49,0,11.2160,0.0100
80,0,11.2190,0.0030
80,2,11.2340,0.0150
369,0,11.2510,0.0170
80,0,11.2680,0.0170
80,2,11.2810,0.0130
22,0,11.3440,0.0630
4151,0,11.4870,0.1430
80,0,11.5010,0.0140
25,0,11.5200,0.0190
416,0,11.5480,0.0280
85,0,11.5630,0.0150
416,0,11.6120,0.0490
453,0,11.6450,0.0330
453,0,11.6580,0.0130
72,0,11.7500,0.0920
72,0,11.7660,0.0160
416,0,11.7810,0.0150
453,0,11.7970,0.0160
453,0,11.8160,0.0190
416,0,11.8280,0.0120
22,0,11.8470,0.0190
23,0,11.8560,0.0090
14,0,11.8590,0.0030
80,0,12.0160,0.1570
15,0,12.0310,0.0150
80,0,12.1100,0.0790
80,0,12.1280,0.0180
91,0,12.1470,0.0190
15,0,12.1590,0.0120
15,0,12.1750,0.0160
15,0,12.1910,0.0160
15,0,12.2530,0.0620
80,0,12.2690,0.0160
4275,0,12.2840,0.0150
4275,0,12.3000,0.0160
80,0,12.3170,0.0170
14,0,12.3300,0.0130
96,0,12.3450,0.0150
15,0,12.3630,0.0180
61,0,12.4570,0.0940
61,0,12.4720,0.0150
80,0,12.4870,0.0150
18,0,12.5750,0.0880
18,0,12.5780,0.0030
18,0,12.5990,0.0210
18,0,12.6110,0.0120
453,0,12.6270,0.0160
25,0,12.6900,0.0630
51,0,12.7080,0.0180
15,0,12.7210,0.0130
51,0,12.7390,0.0180
33,0,12.7520,0.0130
33,0,12.7690,0.0170
15,0,12.7820,0.0130
25,0,12.8130,0.0310
73,0,12.8310,0.0180
140,0,12.8630,0.0320
340,0,12.9230,0.0600
85,0,12.9730,0.0500
15,0,13.0330,0.0600
24,0,13.0570,0.0240
82,0,13.0640,0.0070
15,0,13.0780,0.0140
4,0,13.0970,0.0190
61,0,13.1110,0.0140
23,0,13.1260,0.0150
85,0,13.1430,0.0170
61,0,13.1740,0.0310
15,0,13.1890,0.0150
35,0,13.2070,0.0180
51,0,13.2340,0.0270
53,0,13.2500,0.0160
17,0,13.2990,0.0490
42,0,13.3130,0.0140
33,0,13.3370,0.0240
85,0,13.3430,0.0060
17,0,13.3440,0.0010
25,0,14.2810,0.9370
51,0,14.2980,0.0170
51,0,14.3130,0.0150
51,0,14.3290,0.0160
323,0,14.3520,0.0230
4,0,14.3620,0.0100
323,0,14.3760,0.0140
15,0,14.3960,0.0200
44,0,14.4240,0.0280
15,0,14.5000,0.0760
15,0,14.5310,0.0310
15,0,14.5960,0.0650
13,0,14.6730,0.0770
15,0,14.6900,0.0170
15,0,14.7050,0.0150
15,0,14.7230,0.0180
15,0,14.7360,0.0130
13,0,14.8130,0.0770
4275,0,14.8280,0.0150
42,0,14.8440,0.0160
13,0,14.8750,0.0310
15,0,14.9250,0.0500
13,0,14.9420,0.0170
15,0,15.0320,0.0900
15,0,15.0640,0.0320
15,0,15.0850,0.0210
15,0,15.0930,0.0080
15,0,15.1280,0.0350
15,0,15.1560,0.0280
