SysID,Thread ID,time,inetrval
14,0,0.2320,0.2320
80,0,0.5280,0.2960
80,0,0.5450,0.0170
80,0,0.5600,0.0150
18,0,0.5760,0.0160
18,0,0.6210,0.0450
18,0,0.7180,0.0970
15,0,0.7340,0.0160
37,0,0.9110,0.1770
55,0,0.9480,0.0370
61,0,0.9690,0.0210
51,0,0.9980,0.0290
40,0,1.0140,0.0160
49,0,1.0760,0.0620
80,0,1.0920,0.0160
347,0,1.1230,0.0310
80,0,1.2310,0.1080
80,0,1.3800,0.1490
15,0,1.4060,0.0260
76,0,1.4650,0.0590
416,0,1.4860,0.0210
453,0,1.5120,0.0260
453,0,1.5430,0.0310
453,0,1.5590,0.0160
18,0,1.6860,0.1270
23,0,1.6960,0.0100
15,0,1.7010,0.0050
453,0,1.7470,0.0460
24,0,1.7680,0.0210
24,0,1.8560,0.0880
80,0,1.8880,0.0320
453,0,1.9050,0.0170
453,0,1.9190,0.0140
18,0,1.9340,0.0150
51,0,2.0780,0.1440
348,0,2.0900,0.0120
51,0,2.1380,0.0480
51,0,2.1540,0.0160
24,0,2.2330,0.0790
85,0,2.2430,0.0100
17,0,2.2470,0.0040
17,0,2.2630,0.0160
54,0,2.3100,0.0470
340,0,2.3560,0.0460
356,0,2.4360,0.0800
453,0,2.5460,0.1100
15,0,2.5590,0.0130
38,0,2.5930,0.0340
33,0,2.6090,0.0160
15,0,2.6230,0.0140
85,0,2.6530,0.0300
23,0,2.6810,0.0280
15,0,2.6850,0.0040
453,0,2.7150,0.0300
293,0,2.7630,0.0480
24,0,2.9700,0.2070
15,0,3.0320,0.0620
37,0,3.1390,0.1070
354,0,3.1690,0.0300
205,0,3.1850,0.0160
196,0,3.2010,0.0160
196,0,3.2180,0.0170
80,0,3.2320,0.0140
369,0,3.2630,0.0310
55,0,3.2790,0.0160
67,2,3.3090,0.0300
80,0,3.3250,0.0160
80,0,3.3410,0.0160
80,0,3.3570,0.0160
80,0,3.4040,0.0470
55,0,3.4210,0.0170
356,2,3.4340,0.0130
49,0,3.4650,0.0310
18,2,3.4810,0.0160
15,0,3.4970,0.0160
49,0,3.5280,0.0310
24,0,3.5750,0.0470
24,0,3.5910,0.0160
466,2,3.6070,0.0160
18,0,3.6260,0.0190
24,0,3.6370,0.0110
112,0,3.6550,0.0180
55,0,3.6690,0.0140
40,0,3.7000,0.0310
80,0,3.7170,0.0170
112,2,3.7330,0.0160
466,2,3.7470,0.0140
24,0,3.7630,0.0160
40,0,3.7930,0.0300
61,2,3.8220,0.0290
80,0,3.8250,0.0030
80,0,3.8410,0.0160
80,0,3.8560,0.0150
61,2,3.8730,0.0170
49,0,3.9040,0.0310
1,3,3.9340,0.0300
361,2,3.9500,0.0160
469,4,3.9650,0.0150
469,2,3.9810,0.0160
15,0,4.0000,0.0190
80,0,4.0140,0.0140
94,0,4.0310,0.0170
