SysID,Thread ID,time,inetrval
14,0,0.2340,0.2340
80,0,0.5470,0.3130
80,0,0.5640,0.0170
18,0,0.5860,0.0220
33,0,0.5970,0.0110
18,0,0.6410,0.0440
18,0,0.7370,0.0960
15,0,0.7640,0.0270
37,0,0.9380,0.1740
55,0,0.9690,0.0310
61,0,1.0000,0.0310
51,0,1.0310,0.0310
49,0,1.1090,0.0780
80,0,1.1330,0.0240
347,0,1.1440,0.0110
347,0,1.1640,0.0200
80,0,1.2660,0.1020
80,0,1.4060,0.1400
15,0,1.4380,0.0320
76,0,1.5000,0.0620
416,0,1.5170,0.0170
453,0,1.5480,0.0310
453,0,1.5790,0.0310
453,0,1.5980,0.0190
18,0,1.7200,0.1220
23,0,1.7460,0.0260
15,0,1.7550,0.0090
453,0,1.7650,0.0100
453,0,1.7970,0.0320
24,0,1.8290,0.0320
24,0,1.9220,0.0930
80,0,1.9720,0.0500
453,0,1.9870,0.0150
453,0,2.0010,0.0140
18,0,2.0160,0.0150
51,0,2.1920,0.1760
348,0,2.2030,0.0110
51,0,2.2350,0.0320
51,0,2.2510,0.0160
24,0,2.3280,0.0770
85,0,2.3590,0.0310
74,0,2.3760,0.0170
54,0,2.4390,0.0630
340,0,2.4530,0.0140
356,0,2.5180,0.0650
453,0,2.6250,0.1070
15,0,2.6430,0.0180
38,0,2.6730,0.0300
15,0,2.7050,0.0320
85,0,2.7230,0.0180
33,0,2.7500,0.0270
15,0,2.7650,0.0150
453,0,2.7870,0.0220
293,0,2.8300,0.0430
24,0,3.0380,0.2080
15,0,3.1140,0.0760
37,0,3.2210,0.1070
173,0,3.2450,0.0240
205,0,3.2500,0.0050
196,0,3.2650,0.0150
417,0,3.2820,0.0170
80,0,3.3130,0.0310
369,0,3.3450,0.0320
67,2,3.3600,0.0150
1,2,3.3760,0.0160
40,0,3.3910,0.0150
469,2,3.4080,0.0170
49,0,3.4550,0.0470
356,2,3.4840,0.0290
356,2,3.5010,0.0170
18,2,3.5320,0.0310
80,0,3.5620,0.0300
55,0,3.5940,0.0320
61,2,3.6090,0.0150
466,2,3.6400,0.0310
51,2,3.6560,0.0160
80,2,3.6720,0.0160
466,0,3.7030,0.0310
18,2,3.7240,0.0210
24,2,3.7370,0.0130
112,2,3.7670,0.0300
40,2,3.7810,0.0140
49,2,3.8000,0.0190
24,0,3.8120,0.0120
80,2,3.8280,0.0160
40,0,3.8600,0.0320
67,3,3.8750,0.0150
24,3,3.8910,0.0160
55,2,3.9070,0.0160
80,2,3.9210,0.0140
28,3,3.9370,0.0160
40,0,3.9530,0.0160
112,0,3.9710,0.0180
469,3,3.9840,0.0130
40,2,4.0020,0.0180
49,2,4.0160,0.0140
49,0,4.0340,0.0180
369,2,4.0470,0.0130
15,0,4.0630,0.0160
80,3,4.0780,0.0150
80,2,4.0780,0.0150
80,0,4.0950,0.0170
51,0,4.1460,0.0510
51,0,4.1760,0.0300
76,0,4.1920,0.0160
76,0,4.2050,0.0130
24,0,4.2540,0.0490
24,0,4.2730,0.0190
73,0,4.4080,0.1350
73,0,4.4250,0.0170
18,0,4.6250,0.2000
23,0,4.6410,0.0160
23,0,4.6570,0.0160
24,0,4.7050,0.0480
24,0,4.7220,0.0170
35,0,4.7360,0.0140
416,0,4.7860,0.0500
416,0,4.8150,0.0290
453,0,4.8440,0.0290
453,0,4.8600,0.0160
416,0,4.8900,0.0300
35,0,4.9760,0.0860
35,0,5.0050,0.0290
35,0,5.0220,0.0170
35,0,5.0360,0.0140
35,0,5.0530,0.0170
24,0,5.0820,0.0290
73,0,5.0960,0.0140
35,0,5.1600,0.0640
416,0,5.2500,0.0900
35,0,5.3280,0.0780
35,0,5.3510,0.0230
35,0,5.3600,0.0090
24,0,5.4080,0.0480
24,0,5.6400,0.2320
416,0,5.7820,0.1420
416,0,5.8450,0.0630
25,0,5.8600,0.0150
54,0,5.8760,0.0160
80,0,5.8920,0.0160
140,0,5.9070,0.0150
25,0,5.9220,0.0150
18,0,5.9380,0.0160
18,0,5.9540,0.0160
18,0,5.9690,0.0150
18,0,6.0010,0.0320
18,0,6.0170,0.0160
37,0,6.0320,0.0150
80,0,6.0630,0.0310
35,0,6.1260,0.0630
35,0,6.1410,0.0150
37,0,6.1570,0.0160
297,0,6.1730,0.0160
0,0,6.2200,0.0470
289,0,6.2510,0.0310
22,0,6.2670,0.0160
23,0,6.2970,0.0300
28,0,6.3130,0.0160
18,0,6.3290,0.0160
5349,0,6.3440,0.0150
14,0,6.3590,0.0150
417,0,6.3750,0.0160
35,0,6.4730,0.0980
28,0,6.4890,0.0160
428,0,6.5020,0.0130
74,0,6.5190,0.0170
40,0,6.5360,0.0170
357,0,6.5530,0.0170
94,0,6.5630,0.0100
15,0,6.5780,0.0150
322,0,6.6000,0.0220
25,0,6.6090,0.0090
25,0,6.6300,0.0210
24,0,6.6460,0.0160
37,0,6.7660,0.1200
80,0,6.7810,0.0150
369,0,6.7980,0.0170
24,0,6.8150,0.0170
14,2,6.8280,0.0130
453,0,6.8490,0.0210
192,0,6.8640,0.0150
51,0,6.8900,0.0260
453,0,6.9700,0.0800
24,0,7.0500,0.0800
453,0,7.1300,0.0800
14,0,7.1450,0.0150
24,0,7.2060,0.0610
18,0,7.2260,0.0200
18,0,7.2380,0.0120
322,0,7.2740,0.0360
61,0,7.2840,0.0100
297,0,7.3010,0.0170
33,0,7.3190,0.0180
453,0,7.3310,0.0120
33,0,7.4060,0.0750
18,0,7.4220,0.0160
33,0,7.4370,0.0150
76,0,7.4530,0.0160
25,0,7.4840,0.0310
247,0,7.5160,0.0320
33,0,7.5810,0.0650
18,0,7.5990,0.0180
19,0,7.6050,0.0060
19,0,7.6720,0.0670
18,0,7.6870,0.0150
18,0,7.7030,0.0160
15,0,7.7350,0.0320
140,0,7.9530,0.2180
340,0,8.0000,0.0470
24,0,8.0310,0.0310
82,0,8.0470,0.0160
91,0,8.0620,0.0150
15,0,8.6880,0.6260
44,0,8.7820,0.0940
