SysID,Thread ID,time,inetrval
14,0,0.2340,0.2340
80,0,0.5630,0.3290
80,0,0.5800,0.0170
80,0,0.5900,0.0100
18,0,0.5940,0.0040
18,0,0.6410,0.0470
18,0,0.7500,0.1090
37,0,0.9220,0.1720
55,0,0.9530,0.0310
61,0,1.0010,0.0480
51,0,1.0160,0.0150
40,0,1.0360,0.0200
49,0,1.0930,0.0570
80,0,1.1240,0.0310
80,0,1.1250,0.0010
347,0,1.1570,0.0320
80,0,1.2510,0.0940
80,0,1.4220,0.1710
15,0,1.4400,0.0180
76,0,1.4840,0.0440
453,0,1.5160,0.0320
453,0,1.5640,0.0480
453,0,1.5820,0.0180
18,0,1.7200,0.1380
453,0,1.7350,0.0150
453,0,1.7700,0.0350
24,0,1.7860,0.0160
24,0,1.8600,0.0740
80,0,1.8910,0.0310
80,0,1.9070,0.0160
453,0,1.9330,0.0260
18,0,1.9530,0.0200
51,0,2.1450,0.1920
15,0,2.1860,0.0410
51,0,2.2030,0.0170
51,0,2.2200,0.0170
24,0,2.2980,0.0780
85,0,2.3130,0.0150
54,0,2.3900,0.0770
340,0,2.4080,0.0180
356,0,2.4690,0.0610
453,0,2.5940,0.1250
38,0,2.6250,0.0310
24,0,2.6410,0.0160
15,0,2.6560,0.0150
85,0,2.6720,0.0160
33,0,2.6870,0.0150
23,0,2.7030,0.0160
76,0,2.7190,0.0160
453,0,2.7340,0.0150
293,0,2.7810,0.0470
24,0,2.9690,0.1880
15,0,3.0630,0.0940
37,0,3.1730,0.1100
354,0,3.1880,0.0150
205,0,3.2040,0.0160
196,0,3.2190,0.0150
80,0,3.2350,0.0160
55,0,3.2510,0.0160
49,0,3.2700,0.0190
49,0,3.2950,0.0250
80,0,3.2970,0.0020
369,0,3.3160,0.0190
67,2,3.3440,0.0280
1,2,3.3600,0.0160
55,0,3.3750,0.0150
40,0,3.4230,0.0480
80,2,3.4380,0.0150
80,0,3.4530,0.0150
80,0,3.4700,0.0170
24,2,3.4840,0.0140
18,2,3.5000,0.0160
24,2,3.5310,0.0310
112,2,3.5640,0.0330
14,2,3.5780,0.0140
55,0,3.5940,0.0160
469,2,3.6090,0.0150
49,0,3.6260,0.0170
24,0,3.6560,0.0300
40,0,3.7200,0.0640
80,0,3.7340,0.0140
80,2,3.7500,0.0160
369,0,3.7660,0.0160
80,2,3.7810,0.0150
49,0,3.7990,0.0180
49,0,3.8150,0.0160
49,0,3.8280,0.0130
55,0,3.8480,0.0200
49,0,3.8650,0.0170
369,0,3.8760,0.0110
49,0,3.8900,0.0140
80,0,3.9060,0.0160
80,2,3.9250,0.0190
469,2,3.9390,0.0140
469,3,3.9540,0.0150
51,0,3.9800,0.0260
24,0,4.0110,0.0310
369,0,4.0190,0.0080
55,0,4.0340,0.0150
466,3,4.0620,0.0280
51,3,4.0780,0.0160
4,0,4.0940,0.0160
18,2,4.1250,0.0310
24,2,4.1410,0.0160
369,3,4.2030,0.0620
469,3,4.2210,0.0180
469,4,4.2340,0.0130
51,0,4.2990,0.0650
76,0,4.3120,0.0130
76,0,4.3290,0.0170
51,0,4.3760,0.0470
15,0,4.3910,0.0150
76,0,4.4530,0.0620
416,0,4.4760,0.0230
416,0,4.4850,0.0090
24,0,4.5470,0.0620
73,0,4.6760,0.1290
73,0,4.6900,0.0140
18,0,4.8290,0.1390
23,0,4.8620,0.0330
24,0,4.8910,0.0290
24,0,4.9210,0.0300
35,0,4.9540,0.0330
416,0,5.0050,0.0510
416,0,5.0210,0.0160
453,0,5.0370,0.0160
453,0,5.0490,0.0120
72,0,5.0780,0.0290
51,0,5.1000,0.0220
35,0,5.1140,0.0140
453,0,5.1960,0.0820
24,0,5.2870,0.0910
453,0,5.3610,0.0740
453,0,5.4060,0.0450
453,0,5.4220,0.0160
35,0,5.5010,0.0790
35,0,5.5270,0.0260
35,0,5.5310,0.0040
35,0,5.5630,0.0320
35,0,5.5850,0.0220
35,0,5.5940,0.0090
24,0,5.6140,0.0200
73,0,5.6260,0.0120
35,0,5.6900,0.0640
24,0,5.7370,0.0470
24,0,5.7540,0.0170
416,0,5.7980,0.0440
35,0,5.8780,0.0800
35,0,5.8950,0.0170
35,0,5.9090,0.0140
416,0,6.2810,0.3720
54,0,6.2970,0.0160
80,0,6.3130,0.0160
140,0,6.3280,0.0150
25,0,6.3590,0.0310
18,0,6.3750,0.0160
18,0,6.3910,0.0160
18,0,6.4060,0.0150
18,0,6.4210,0.0150
18,0,6.4370,0.0160
37,0,6.4530,0.0160
80,0,6.4840,0.0310
247,0,6.5780,0.0940
33,0,6.6410,0.0630
18,0,6.6560,0.0150
19,0,6.7190,0.0630
15,0,6.7340,0.0150
18,0,6.7500,0.0160
15,0,6.7660,0.0160
15,0,6.7810,0.0150
24,0,6.8750,0.0940
35,0,7.0470,0.1720
35,0,7.0620,0.0150
37,0,7.0780,0.0160
297,0,7.0940,0.0160
0,0,7.1400,0.0460
289,0,7.1560,0.0160
22,0,7.1720,0.0160
289,0,7.1870,0.0150
23,0,7.2110,0.0240
28,0,7.2210,0.0100
5,0,7.2380,0.0170
5349,0,7.2530,0.0150
416,0,7.3170,0.0640
35,0,7.3300,0.0130
4151,0,7.3650,0.0350
4151,0,7.3770,0.0120
51,0,7.4710,0.0940
33,0,7.4880,0.0170
18,0,7.5180,0.0300
73,0,7.5350,0.0170
140,0,7.5630,0.0280
42,0,7.5800,0.0170
105,0,7.6110,0.0310
4162,0,7.6270,0.0160
35,0,7.6460,0.0190
25,0,7.6600,0.0140
14,0,7.6870,0.0270
450,0,7.7150,0.0280
67,0,7.7180,0.0030
35,0,7.7190,0.0010
72,0,7.8440,0.1250
51,0,7.8920,0.0480
340,0,7.9210,0.0290
33,0,7.9540,0.0330
33,0,7.9700,0.0160
18,0,7.9860,0.0160
24,0,8.0050,0.0190
23,0,8.0150,0.0100
18,0,8.0310,0.0160
18,0,8.0620,0.0310
15,0,8.0780,0.0160
23,0,8.1090,0.0310
85,0,8.1560,0.0470
74,0,8.1720,0.0160
18,0,8.1870,0.0150
4,0,8.2500,0.0630
4,0,8.3130,0.0630
80,0,8.3600,0.0470
51,0,8.3750,0.0150
61,0,8.3910,0.0160
85,0,8.4090,0.0180
85,0,8.4220,0.0130
61,0,8.4380,0.0160
51,0,8.4690,0.0310
51,0,8.5000,0.0310
51,0,8.5310,0.0310
15,0,8.5470,0.0160
37,0,8.5780,0.0310
61,0,8.5940,0.0160
24,0,8.6110,0.0170
369,0,8.6250,0.0140
80,0,8.6420,0.0170
49,2,8.6570,0.0150
40,3,8.6710,0.0140
80,2,8.6710,0.0140
80,2,8.6710,0.0140
80,3,8.6870,0.0160
22,0,8.7850,0.0980
24,0,8.8440,0.0590
356,0,8.8750,0.0310
444,0,8.9020,0.0270
356,0,8.9060,0.0040
356,0,8.9370,0.0310
33,0,8.9840,0.0470
22,0,9.0000,0.0160
22,0,9.0150,0.0150
22,0,9.0310,0.0160
282,0,9.0470,0.0160
33,0,9.0620,0.0150
22,0,9.1250,0.0630
453,0,9.1410,0.0160
72,0,9.1560,0.0150
453,0,9.1710,0.0150
453,0,9.1880,0.0170
61,0,9.2500,0.0620
40,0,9.2660,0.0160
22,0,9.3120,0.0460
416,0,9.3280,0.0160
192,0,9.3590,0.0310
192,0,9.3750,0.0160
416,0,9.3910,0.0160
416,0,9.4220,0.0310
453,0,9.4690,0.0470
416,0,9.4840,0.0150
453,0,9.5480,0.0640
453,0,9.5630,0.0150
14,0,9.5940,0.0310
5125,0,9.6260,0.0320
4156,0,9.6570,0.0310
80,0,9.6870,0.0300
4188,0,9.7180,0.0310
4328,0,9.7500,0.0320
4211,0,9.7810,0.0310
4,0,9.8120,0.0310
24,0,9.8320,0.0200
4,0,9.8500,0.0180
4,0,9.8640,0.0140
4819,0,9.9080,0.0440
4200,0,9.9370,0.0290
4131,0,9.9730,0.0360
4258,0,10.0310,0.0580
4158,0,10.0630,0.0320
4212,0,10.0940,0.0310
4242,0,10.1140,0.0200
4251,0,10.1270,0.0130
5,0,10.1580,0.0310
4192,0,10.1780,0.0200
18,0,10.2180,0.0400
51,0,10.2530,0.0350
35,0,10.2680,0.0150
35,0,10.2810,0.0130
4101,0,10.2970,0.0160
4258,0,10.3590,0.0620
4258,0,10.3750,0.0160
4,0,10.3910,0.0160
4158,0,10.4060,0.0150
4264,0,10.4370,0.0310
4212,0,10.4530,0.0160
5225,0,10.4690,0.0160
5412,0,10.5150,0.0460
5,0,10.5310,0.0160
49,0,10.5470,0.0160
453,0,10.6090,0.0620
14,0,10.6590,0.0500
80,0,10.6720,0.0130
4172,0,10.6890,0.0170
4162,0,10.7040,0.0150
5382,0,10.7200,0.0160
4211,0,10.7360,0.0160
5292,0,10.7510,0.0150
4131,0,10.7660,0.0150
4103,0,10.8000,0.0340
4258,0,10.8280,0.0280
5230,0,10.8540,0.0260
5,0,10.8630,0.0090
4212,0,10.8830,0.0200
4,0,10.8850,0.0020
4162,0,10.8950,0.0100
5,0,10.9100,0.0150
5230,0,10.9250,0.0150
5,0,10.9400,0.0150
4106,0,10.9700,0.0300
5,0,10.9940,0.0240
4177,0,11.0010,0.0070
4123,0,11.0290,0.0280
4111,0,11.0310,0.0020
4106,0,11.0780,0.0470
4107,0,11.0970,0.0190
4171,0,11.1060,0.0090
4222,0,11.1290,0.0230
4897,0,11.1480,0.0190
80,0,11.1590,0.0110
5292,0,11.1890,0.0300
4111,0,11.2140,0.0250
4103,0,11.2190,0.0050
4177,0,11.2650,0.0460
4187,0,11.2970,0.0320
5,0,11.3150,0.0180
4100,0,11.3280,0.0130
14,5,11.3600,0.0320
4097,0,11.4060,0.0460
4,5,11.4380,0.0320
5292,0,11.4560,0.0180
4,5,11.4680,0.0120
5,0,11.4840,0.0160
5,0,11.5150,0.0310
4112,5,11.5320,0.0170
5,0,11.5500,0.0180
61,5,11.5630,0.0130
24,5,11.5820,0.0190
24,5,11.5940,0.0120
24,5,11.6100,0.0160
5254,5,11.7990,0.1890
8,5,11.8160,0.0170
4123,0,11.8280,0.0120
4115,0,11.8500,0.0220
5254,5,11.8790,0.0290
5254,5,11.9080,0.0290
5254,5,11.9410,0.0330
5254,5,12.0180,0.0770
5254,5,12.0490,0.0310
5254,5,12.0810,0.0320
5254,5,12.1120,0.0310
5254,5,12.1270,0.0150
4097,0,12.1430,0.0160
5254,5,12.1580,0.0150
5254,5,12.1920,0.0340
5254,5,12.2200,0.0280
5254,5,12.2380,0.0180
5254,5,12.2690,0.0310
5254,5,12.2990,0.0300
5254,5,12.3160,0.0170
5254,5,12.3480,0.0320
5254,5,12.3590,0.0110
5254,5,12.4060,0.0470
5254,5,12.4290,0.0230
5254,5,12.4560,0.0270
5254,5,12.4700,0.0140
5254,5,12.5040,0.0340
5254,5,12.5180,0.0140
5254,5,12.5500,0.0320
5254,5,12.5640,0.0140
4097,0,12.5830,0.0190
5254,5,12.5970,0.0140
5254,5,12.6290,0.0320
5254,5,12.6590,0.0300
5254,5,12.6750,0.0160
5254,5,12.7050,0.0300
39,5,12.7370,0.0320
39,5,12.7500,0.0130
30,5,12.7850,0.0350
24,5,12.7990,0.0140
60,0,12.8140,0.0150
4177,0,12.8350,0.0210
5,0,12.8420,0.0070
4101,0,12.8430,0.0010
5,0,12.8700,0.0270
4251,0,12.8770,0.0070
15,0,12.8980,0.0210
61,0,12.9390,0.0410
22,0,12.9850,0.0460
29,0,13.0000,0.0150
37,0,13.0200,0.0200
40,0,13.0310,0.0110
80,4,13.0480,0.0170
49,0,13.0620,0.0140
80,3,13.0780,0.0160
80,3,13.0960,0.0180
22,0,13.1560,0.0600
4151,0,13.3140,0.1580
54,0,13.3310,0.0170
54,0,13.3470,0.0160
416,0,13.3620,0.0150
85,0,13.3780,0.0160
340,0,13.3940,0.0160
416,0,13.4230,0.0290
453,0,13.4710,0.0480
453,0,13.4870,0.0160
72,0,13.5780,0.0910
180,0,13.5940,0.0160
416,0,13.6090,0.0150
453,0,13.6450,0.0360
416,0,13.6590,0.0140
22,0,13.6880,0.0290
80,0,13.8450,0.1570
80,0,13.9570,0.1120
13,0,13.9680,0.0110
15,0,13.9960,0.0280
15,0,14.0000,0.0040
15,0,14.0150,0.0150
15,0,14.0310,0.0160
15,0,14.0940,0.0630
80,0,14.1090,0.0150
15,0,14.1400,0.0310
15,0,14.1420,0.0020
14,0,14.1620,0.0200
96,0,14.1770,0.0150
15,0,14.1940,0.0170
61,0,14.2820,0.0880
61,0,14.2970,0.0150
80,0,14.3120,0.0150
18,0,14.3770,0.0650
201,0,14.4020,0.0250
18,0,14.4060,0.0040
18,0,14.4280,0.0220
453,0,14.4410,0.0130
33,0,14.5170,0.0760
18,0,14.5390,0.0220
76,0,14.5510,0.0120
25,0,14.5940,0.0430
140,0,14.6280,0.0340
33,0,14.6430,0.0150
18,0,14.6580,0.0150
85,0,14.6760,0.0180
61,0,14.6880,0.0120
15,0,14.7060,0.0180
35,0,14.7200,0.0140
51,0,14.7360,0.0160
17,0,14.7670,0.0310
39,0,14.7830,0.0160
17,0,14.7980,0.0150
42,0,14.8290,0.0310
340,0,14.8930,0.0640
85,0,14.9240,0.0310
15,0,15.0020,0.0780
24,0,15.0170,0.0150
15,0,15.0320,0.0150
4,0,15.0470,0.0150
