SysID,Thread ID,time,inetrval
14,0,0.2380,0.2380
80,0,0.5310,0.2930
80,0,0.5470,0.0160
18,0,0.5620,0.0150
18,0,0.6140,0.0520
18,0,0.7030,0.0890
37,0,0.8750,0.1720
55,0,0.9080,0.0330
61,0,0.9390,0.0310
51,0,0.9710,0.0320
49,0,1.0370,0.0660
80,0,1.0520,0.0150
80,0,1.0660,0.0140
347,0,1.0830,0.0170
80,0,1.1760,0.0930
80,0,1.3140,0.1380
15,0,1.3290,0.0150
76,0,1.3590,0.0300
416,0,1.3900,0.0310
453,0,1.4070,0.0170
453,0,1.4540,0.0470
453,0,1.4690,0.0150
18,0,1.5780,0.1090
23,0,1.5940,0.0160
453,0,1.6090,0.0150
453,0,1.6410,0.0320
24,0,1.7340,0.0930
80,0,1.7660,0.0320
453,0,1.7810,0.0150
18,0,1.8170,0.0360
51,0,1.9370,0.1200
15,0,1.9690,0.0320
51,0,1.9840,0.0150
24,0,2.0620,0.0780
85,0,2.0780,0.0160
17,0,2.0940,0.0160
54,0,2.1880,0.0940
356,0,2.2670,0.0790
453,0,2.3600,0.0930
15,0,2.3770,0.0170
38,0,2.4070,0.0300
15,0,2.4380,0.0310
33,0,2.4690,0.0310
15,0,2.4970,0.0280
76,0,2.5000,0.0030
453,0,2.5160,0.0160
293,0,2.5620,0.0460
24,0,2.7710,0.2090
15,0,2.8320,0.0610
37,0,2.9230,0.0910
354,0,2.9530,0.0300
196,0,2.9740,0.0210
80,0,2.9870,0.0130
55,0,3.0040,0.0170
49,0,3.0160,0.0120
49,0,3.0380,0.0220
80,0,3.0470,0.0090
369,0,3.0680,0.0210
67,2,3.0930,0.0250
1,2,3.1090,0.0160
469,2,3.1260,0.0170
80,0,3.1580,0.0320
80,2,3.1720,0.0140
80,0,3.1880,0.0160
24,0,3.2350,0.0470
466,2,3.2510,0.0160
18,0,3.2700,0.0190
112,0,3.2990,0.0290
40,0,3.3150,0.0160
28,2,3.3290,0.0140
469,2,3.3600,0.0310
24,0,3.3770,0.0170
112,0,3.3900,0.0130
40,0,3.4230,0.0330
49,0,3.4370,0.0140
15,0,3.4530,0.0160
369,0,3.4710,0.0180
80,2,3.4840,0.0130
15,0,3.5050,0.0210
49,0,3.5170,0.0120
49,0,3.5340,0.0170
49,0,3.5460,0.0120
369,0,3.5680,0.0220
49,0,3.5780,0.0100
369,0,3.5980,0.0200
469,2,3.6100,0.0120
469,4,3.6100,0.0120
18,0,3.6260,0.0160
80,3,3.6400,0.0140
51,0,3.6560,0.0160
24,0,3.6790,0.0230
369,0,3.6890,0.0100
369,0,3.7050,0.0160
356,4,3.7340,0.0290
356,4,3.7500,0.0160
18,4,3.7810,0.0310
80,3,3.7970,0.0160
80,3,3.8290,0.0320
80,3,3.8440,0.0150
24,3,3.8600,0.0160
24,3,3.8600,0.0160
80,4,3.8750,0.0150
51,0,3.9260,0.0510
76,0,3.9410,0.0150
76,0,3.9560,0.0150
51,0,3.9720,0.0160
76,0,3.9890,0.0170
76,0,4.0010,0.0120
76,0,4.0200,0.0190
416,0,4.0340,0.0140
24,0,4.0820,0.0480
73,0,4.2180,0.1360
18,0,4.3590,0.1410
23,0,4.4070,0.0480
24,0,4.4690,0.0620
24,0,4.4840,0.0150
35,0,4.5010,0.0170
416,0,4.5480,0.0470
416,0,4.5630,0.0150
453,0,4.5790,0.0160
25,0,4.5950,0.0160
72,0,4.6100,0.0150
51,0,4.6260,0.0160
7,0,4.6420,0.0160
453,0,4.7200,0.0780
24,0,4.8130,0.0930
453,0,4.8750,0.0620
453,0,4.9060,0.0310
453,0,4.9210,0.0150
35,0,5.0160,0.0950
35,0,5.0470,0.0310
35,0,5.0750,0.0280
35,0,5.0800,0.0050
24,0,5.1130,0.0330
73,0,5.1320,0.0190
35,0,5.1920,0.0600
24,0,5.2550,0.0630
416,0,5.2830,0.0280
35,0,5.3590,0.0760
35,0,5.3860,0.0270
35,0,5.3910,0.0050
24,0,5.7500,0.3590
416,0,5.7660,0.0160
54,0,5.7870,0.0210
80,0,5.7990,0.0120
140,0,5.8160,0.0170
25,0,5.8300,0.0140
18,0,5.8470,0.0170
18,0,5.8630,0.0160
18,0,5.8770,0.0140
18,0,5.8940,0.0170
18,0,5.9090,0.0150
15,0,5.9250,0.0160
80,0,5.9560,0.0310
247,0,6.0490,0.0930
247,0,6.0670,0.0180
33,0,6.1130,0.0460
33,0,6.1290,0.0160
19,0,6.1910,0.0620
18,0,6.2060,0.0150
18,0,6.2220,0.0160
15,0,6.2380,0.0160
18,0,6.2550,0.0170
24,0,6.2860,0.0310
35,0,6.5200,0.2340
4101,0,6.5350,0.0150
37,0,6.5470,0.0120
0,0,6.5980,0.0510
15,0,6.6120,0.0140
289,0,6.6280,0.0160
22,0,6.6440,0.0160
23,0,6.6760,0.0320
28,0,6.6910,0.0150
18,0,6.7070,0.0160
5349,0,6.7210,0.0140
416,0,6.7680,0.0470
25,0,6.7860,0.0180
4151,0,6.8150,0.0290
4151,0,6.8330,0.0180
453,0,6.8460,0.0130
51,0,6.9250,0.0790
33,0,6.9400,0.0150
18,0,6.9580,0.0180
17,0,6.9720,0.0140
140,0,7.0030,0.0310
105,0,7.0480,0.0450
4162,0,7.0670,0.0190
35,0,7.0820,0.0150
14,0,7.1130,0.0310
417,0,7.1290,0.0160
35,0,7.1600,0.0310
21,0,7.2380,0.0780
21,0,7.2530,0.0150
72,0,7.2690,0.0160
51,0,7.3160,0.0470
340,0,7.3470,0.0310
21,0,7.3640,0.0170
33,0,7.3770,0.0130
33,0,7.3940,0.0170
282,0,7.4090,0.0150
23,0,7.4250,0.0160
18,0,7.4410,0.0160
18,0,7.4700,0.0290
18,0,7.4880,0.0180
23,0,7.5040,0.0160
85,0,7.5620,0.0580
74,0,7.5630,0.0010
15,0,7.5840,0.0210
18,0,7.5950,0.0110
21,0,7.6440,0.0490
21,0,7.6600,0.0160
4,0,7.7030,0.0430
80,0,7.7500,0.0470
51,0,7.7650,0.0150
85,0,7.7810,0.0160
85,0,7.8120,0.0310
51,0,7.8280,0.0160
15,0,7.8520,0.0240
51,0,7.8790,0.0270
73,0,7.8880,0.0090
51,0,7.8920,0.0040
73,0,7.9140,0.0220
15,0,7.9240,0.0100
37,0,7.9570,0.0330
61,0,7.9720,0.0150
49,0,7.9840,0.0120
80,4,8.0030,0.0190
15,0,8.0160,0.0130
51,4,8.0310,0.0150
466,4,8.0460,0.0150
112,2,8.0470,0.0010
22,0,8.1430,0.0960
22,0,8.1610,0.0180
356,0,8.2220,0.0610
444,0,8.2540,0.0320
356,0,8.2990,0.0450
33,0,8.3320,0.0330
22,0,8.3470,0.0150
22,0,8.3630,0.0160
22,0,8.3790,0.0160
72,0,8.3940,0.0150
36,0,8.4100,0.0160
22,0,8.4240,0.0140
22,0,8.4720,0.0480
72,0,8.4880,0.0160
64,0,8.5030,0.0150
453,0,8.5200,0.0170
416,0,8.5350,0.0150
61,0,8.5800,0.0450
42,0,8.5960,0.0160
22,0,8.6260,0.0300
416,0,8.6480,0.0220
192,0,8.6760,0.0280
192,0,8.6910,0.0150
416,0,8.7220,0.0310
453,0,8.7700,0.0480
416,0,8.7860,0.0160
453,0,8.8480,0.0620
453,0,8.8790,0.0310
14,0,8.8950,0.0160
51,0,8.9090,0.0140
4,0,8.9260,0.0170
4,0,8.9560,0.0300
61,0,9.0190,0.0630
24,0,9.0330,0.0140
24,0,9.0520,0.0190
24,0,9.0630,0.0110
5254,0,9.2380,0.1750
5254,0,9.2690,0.0310
5254,0,9.2990,0.0300
5254,0,9.3160,0.0170
5254,0,9.3470,0.0310
5254,0,9.3780,0.0310
5254,0,9.3940,0.0160
5254,0,9.4230,0.0290
5254,0,9.4420,0.0190
5254,0,9.4720,0.0300
5254,0,9.5030,0.0310
5254,0,9.5200,0.0170
5254,0,9.5510,0.0310
5254,0,9.5660,0.0150
5254,0,9.5970,0.0310
5254,0,9.6280,0.0310
5254,0,9.6440,0.0160
5254,0,9.6760,0.0320
5254,0,9.6900,0.0140
5254,0,9.7220,0.0320
5254,0,9.7560,0.0340
5254,0,9.7680,0.0120
5254,0,9.8010,0.0330
39,0,9.8330,0.0320
61,0,9.8460,0.0130
5254,0,9.8610,0.0150
5254,0,9.8940,0.0330
5254,0,9.9100,0.0160
5254,0,9.9410,0.0310
5254,0,9.9550,0.0140
5254,0,9.9860,0.0310
5254,0,10.0040,0.0180
5254,0,10.0190,0.0150
5254,0,10.0510,0.0320
5254,0,10.0650,0.0140
5254,0,10.0960,0.0310
5254,0,10.1140,0.0180
5254,0,10.1270,0.0130
5254,0,10.1590,0.0320
5254,0,10.1750,0.0160
5254,0,10.2370,0.0620
5254,0,10.2540,0.0170
5254,0,10.2690,0.0150
5254,0,10.2970,0.0280
5254,0,10.3160,0.0190
5254,0,10.3470,0.0310
5254,0,10.3630,0.0160
5254,0,10.3940,0.0310
5254,0,10.4100,0.0160
5254,0,10.4250,0.0150
5254,0,10.4570,0.0320
5254,0,10.4730,0.0160
5254,0,10.5030,0.0300
5254,0,10.5190,0.0160
30,0,10.5350,0.0160
24,0,10.5510,0.0160
22,0,10.5660,0.0150
23,0,10.5820,0.0160
21,0,10.5910,0.0090
21,0,10.5940,0.0030
61,0,10.6410,0.0470
22,0,10.6720,0.0310
23,0,10.6870,0.0150
51,0,10.7040,0.0170
369,0,10.7220,0.0180
55,0,10.7320,0.0100
49,0,10.7350,0.0030
49,0,10.7520,0.0170
14,3,10.7660,0.0140
22,0,10.8310,0.0650
4151,0,10.9530,0.1220
80,0,10.9690,0.0160
54,0,10.9840,0.0150
54,0,11.0000,0.0160
416,0,11.0160,0.0160
340,0,11.0310,0.0150
416,0,11.0620,0.0310
453,0,11.1170,0.0550
453,0,11.1280,0.0110
72,0,11.2070,0.0790
180,0,11.2220,0.0150
416,0,11.2380,0.0160
453,0,11.2680,0.0300
416,0,11.2830,0.0150
22,0,11.3010,0.0180
14,0,11.3150,0.0140
80,0,11.4420,0.1270
15,0,11.4550,0.0130
80,0,11.5500,0.0950
13,0,11.5650,0.0150
91,0,11.5820,0.0170
15,0,11.6130,0.0310
15,0,11.6780,0.0650
80,0,11.6870,0.0090
4275,0,11.7080,0.0210
15,0,11.7210,0.0130
80,0,11.7350,0.0140
96,0,11.7690,0.0340
61,0,11.8610,0.0920
61,0,11.8800,0.0190
80,0,11.8940,0.0140
18,0,11.9710,0.0770
201,0,11.9880,0.0170
297,0,12.0030,0.0150
18,0,12.0210,0.0180
453,0,12.0330,0.0120
33,0,12.1190,0.0860
23,0,12.1260,0.0070
18,0,12.1420,0.0160
25,0,12.1890,0.0470
73,0,12.2040,0.0150
140,0,12.2380,0.0340
33,0,12.2530,0.0150
85,0,12.2690,0.0160
61,0,12.2850,0.0160
74,0,12.2980,0.0130
35,0,12.3180,0.0200
51,0,12.3300,0.0120
17,0,12.3610,0.0310
42,0,12.3930,0.0320
340,0,12.4560,0.0630
85,0,12.4870,0.0310
15,0,12.5510,0.0640
24,0,12.5660,0.0150
15,0,12.5800,0.0140
15,0,12.5920,0.0120
4,0,12.6110,0.0190
25,0,14.5940,1.9830
15,0,14.6110,0.0170
25,0,14.6730,0.0620
51,0,14.6910,0.0180
51,0,14.7070,0.0160
51,0,14.7220,0.0150
4,0,14.7400,0.0180
323,0,14.7520,0.0120
323,0,14.7710,0.0190
215,0,14.7830,0.0120
44,0,14.8150,0.0320
15,0,14.8940,0.0790
15,0,14.9220,0.0280
15,0,14.9690,0.0470
13,0,14.9840,0.0150
13,0,15.0470,0.0630
15,0,15.0710,0.0240
15,0,15.0780,0.0070
15,0,15.1110,0.0330
13,0,15.1880,0.0770
42,0,15.2030,0.0150
13,0,15.2350,0.0320
15,0,15.2840,0.0490
13,0,15.2990,0.0150
15,0,15.3790,0.0800
15,0,15.3910,0.0120
15,0,15.4240,0.0330
15,0,15.4720,0.0480
15,0,15.4880,0.0160
15,0,15.5030,0.0150
