SysID,Thread ID,time,inetrval
14,0,0.2350,0.2350
80,0,0.5470,0.3120
80,0,0.5620,0.0150
18,0,0.5780,0.0160
18,0,0.6400,0.0620
18,0,0.7190,0.0790
37,0,0.9090,0.1900
55,0,0.9390,0.0300
61,0,0.9710,0.0320
51,0,1.0020,0.0310
49,0,1.0790,0.0770
80,0,1.0970,0.0180
80,0,1.1110,0.0140
347,0,1.1250,0.0140
80,0,1.2210,0.0960
80,0,1.3580,0.1370
15,0,1.3750,0.0170
76,0,1.4220,0.0470
416,0,1.4380,0.0160
453,0,1.4680,0.0300
453,0,1.4990,0.0310
453,0,1.5310,0.0320
18,0,1.6400,0.1090
15,0,1.6560,0.0160
453,0,1.6910,0.0350
24,0,1.7040,0.0130
24,0,1.7960,0.0920
80,0,1.8270,0.0310
453,0,1.8590,0.0320
18,0,1.8910,0.0320
51,0,2.0300,0.1390
51,0,2.0620,0.0320
51,0,2.0780,0.0160
24,0,2.1410,0.0630
85,0,2.1710,0.0300
17,0,2.1870,0.0160
40,0,2.2020,0.0150
54,0,2.2830,0.0810
340,0,2.2960,0.0130
356,0,2.3580,0.0620
453,0,2.4990,0.1410
38,0,2.5320,0.0330
33,0,2.5470,0.0150
15,0,2.5670,0.0200
85,0,2.5790,0.0120
33,0,2.5940,0.0150
23,0,2.6100,0.0160
76,0,2.6260,0.0160
453,0,2.6440,0.0180
293,0,2.6870,0.0430
24,0,2.8900,0.2030
15,0,2.9520,0.0620
37,0,3.0640,0.1120
354,0,3.0790,0.0150
417,0,3.0970,0.0180
417,0,3.1110,0.0140
80,0,3.1270,0.0160
40,0,3.1430,0.0160
49,0,3.1550,0.0120
49,0,3.1760,0.0210
369,0,3.2050,0.0290
67,2,3.2180,0.0130
55,0,3.2340,0.0160
49,0,3.2490,0.0150
80,0,3.2650,0.0160
80,0,3.2810,0.0160
55,0,3.3120,0.0310
80,2,3.3280,0.0160
49,0,3.3430,0.0150
80,0,3.3580,0.0150
466,0,3.3740,0.0160
18,2,3.3940,0.0200
112,2,3.4390,0.0450
28,2,3.4680,0.0290
14,2,3.4840,0.0160
469,2,3.4990,0.0150
24,0,3.5150,0.0160
466,2,3.5340,0.0190
466,0,3.5460,0.0120
24,0,3.5620,0.0160
40,0,3.5930,0.0310
469,3,3.6100,0.0170
24,0,3.6250,0.0150
14,3,3.6400,0.0150
80,0,3.6570,0.0170
14,3,3.6730,0.0160
49,0,3.6880,0.0150
49,0,3.7070,0.0190
49,0,3.7180,0.0110
80,3,3.7400,0.0220

80,3,3.7400,0.0220
55,0,3.7460,0.0060
49,0,3.7490,0.0030
369,0,3.7680,0.0190
80,2,3.7780,0.0100
18,0,3.7960,0.0180
14,3,3.8270,0.0310
24,0,3.8490,0.0220
369,0,3.8610,0.0120
55,0,3.8750,0.0140
356,0,3.9050,0.0300
74,3,3.9220,0.0170

74,3,3.9220,0.0170
18,0,3.9530,0.0310
80,3,4.0150,0.0620
51,0,4.0300,0.0150
49,0,4.0470,0.0170
369,3,4.0620,0.0150
80,2,4.0770,0.0150
51,0,4.1280,0.0510
76,0,4.1440,0.0160
51,0,4.1590,0.0150
15,0,4.1750,0.0160
76,0,4.1910,0.0160
76,0,4.2050,0.0140
76,0,4.2220,0.0170
416,0,4.2360,0.0140
24,0,4.2840,0.0480
73,0,4.4210,0.1370
24,0,4.4360,0.0150
18,0,4.6590,0.2230
23,0,4.6750,0.0160
23,0,4.6870,0.0120
24,0,4.7340,0.0470
24,0,4.7500,0.0160
35,0,4.7810,0.0310
416,0,4.8280,0.0470
416,0,4.8430,0.0150
453,0,4.8590,0.0160
453,0,4.8750,0.0160
192,0,4.8910,0.0160
51,0,4.9210,0.0300
35,0,4.9370,0.0160
453,0,5.0140,0.0770
24,0,5.0930,0.0790
453,0,5.1730,0.0800
453,0,5.2210,0.0480
453,0,5.2370,0.0160
35,0,5.3280,0.0910
35,0,5.3610,0.0330
35,0,5.3790,0.0180
35,0,5.3930,0.0140
24,0,5.4240,0.0310
73,0,5.4390,0.0150
35,0,5.5000,0.0610
24,0,5.5500,0.0500
24,0,5.5650,0.0150
416,0,5.5970,0.0320
35,0,5.6730,0.0760
35,0,5.6900,0.0170
35,0,5.7050,0.0150
416,0,6.1080,0.4030
54,0,6.1260,0.0180
140,0,6.1570,0.0310
25,0,6.1720,0.0150
453,0,6.1870,0.0150
18,0,6.2040,0.0170
18,0,6.2340,0.0300
18,0,6.2510,0.0170
15,0,6.2650,0.0140
37,0,6.2820,0.0170
80,0,6.2980,0.0160
80,0,6.3140,0.0160
247,0,6.4090,0.0950
33,0,6.4690,0.0600
18,0,6.4870,0.0180
19,0,6.5800,0.0930
18,0,6.5940,0.0140
23,0,6.6090,0.0150
15,0,6.6270,0.0180
18,0,6.6430,0.0160
24,0,6.7360,0.0930
35,0,6.9250,0.1890
35,0,6.9380,0.0130
4224,0,6.9560,0.0180
297,0,6.9710,0.0150
0,0,7.0170,0.0460
289,0,7.0500,0.0330
22,0,7.0650,0.0150
23,0,7.0930,0.0280
28,0,7.1160,0.0230
5,0,7.1250,0.0090
5349,0,7.1440,0.0190
416,0,7.1580,0.0140
416,0,7.2060,0.0480
35,0,7.2210,0.0150
4151,0,7.2530,0.0320
4151,0,7.2670,0.0140
51,0,7.3610,0.0940
33,0,7.3760,0.0150
18,0,7.3940,0.0180
23,0,7.4090,0.0150
73,0,7.4240,0.0150
140,0,7.4410,0.0170
15,0,7.4550,0.0140
105,0,7.4870,0.0320
4162,0,7.5160,0.0290
35,0,7.5330,0.0170
14,0,7.5650,0.0320
417,0,7.5800,0.0150
14,0,7.5950,0.0150
35,0,7.6110,0.0160
72,0,7.7180,0.1070
340,0,7.7330,0.0150
80,0,7.7640,0.0310
25,0,7.7800,0.0160
61,0,7.8110,0.0310
85,0,7.8270,0.0160
61,0,7.8500,0.0230
25,0,7.8610,0.0110
33,0,7.8940,0.0330
33,0,7.9100,0.0160
18,0,7.9240,0.0140
24,0,7.9410,0.0170
23,0,7.9540,0.0130
18,0,7.9700,0.0160
18,0,8.0010,0.0310
23,0,8.0180,0.0170
23,0,8.0320,0.0140
85,0,8.0640,0.0320
74,0,8.0790,0.0150
40,0,8.0930,0.0140
23,0,8.1140,0.0210
4098,0,8.2180,0.1040
4353,0,8.2650,0.0470
4188,0,8.3030,0.0380
80,0,8.3160,0.0130
4328,0,8.3300,0.0140
4211,0,8.3620,0.0320
4,0,8.3780,0.0160
4,0,8.3930,0.0150
24,0,8.4080,0.0150
4,0,8.4260,0.0180
4,0,8.4380,0.0120
4,0,8.4550,0.0170
4819,0,8.4870,0.0320
4802,0,8.5000,0.0130
4200,0,8.5190,0.0190
80,0,8.5490,0.0300
4156,0,8.5820,0.0330
4819,0,8.5950,0.0130
4819,0,8.6270,0.0320
80,0,8.6410,0.0140
4173,0,8.6580,0.0170
4225,0,8.6750,0.0170
80,0,8.6900,0.0150
4128,0,8.7070,0.0170
4483,0,8.7390,0.0320
37,0,8.7980,0.0590
49,0,8.8140,0.0160
14,0,8.8460,0.0320
80,0,8.9100,0.0640
4159,0,8.9240,0.0140
4149,0,8.9540,0.0300
4178,0,8.9720,0.0180
4267,0,8.9870,0.0150
4819,0,9.0030,0.0160
4298,0,9.0180,0.0150
4769,0,9.0320,0.0140
410,0,9.0510,0.0190
22,0,9.0660,0.0150
4106,0,9.0810,0.0150
19,0,9.0930,0.0120
4188,0,9.1100,0.0170
4221,0,9.1270,0.0170
19,0,9.1420,0.0150
4221,0,9.1580,0.0160
15,0,9.1750,0.0170
4298,0,9.2200,0.0450
24,0,9.2350,0.0150
4,0,9.2990,0.0640
15,0,9.3460,0.0470
6,0,9.3600,0.0140
4298,0,9.3940,0.0340
4298,0,9.4080,0.0140
4298,0,9.4220,0.0140
356,0,9.5020,0.0800
444,0,9.5350,0.0330
356,0,9.5810,0.0460
180,0,9.7060,0.1250
4,0,9.7210,0.0150
300,0,9.7370,0.0160
300,0,9.7500,0.0130
30,0,10.1270,0.3770
30,0,10.1430,0.0160
4787,0,10.1740,0.0310
4781,0,10.1890,0.0150
4328,0,10.2530,0.0640
23,0,10.3140,0.0610
23,0,10.3320,0.0180
22,0,10.3460,0.0140
50,0,10.3610,0.0150
4188,0,10.3780,0.0170
18,0,10.3930,0.0150
4781,0,10.7020,0.3090
24,0,10.7180,0.0160
4159,0,10.8610,0.1430
4159,0,10.8910,0.0300
4159,0,10.9100,0.0190
356,0,10.9210,0.0110
180,0,11.0470,0.1260
10,0,11.0630,0.0160
4159,0,11.1560,0.0930
4159,0,11.1730,0.0170
4159,0,11.1880,0.0150
4159,0,11.2040,0.0160
4142,0,11.2190,0.0150
4173,0,11.2340,0.0150
4159,0,11.2500,0.0160
4131,0,11.2650,0.0150
4158,0,11.3270,0.0620
4156,0,11.3450,0.0180
80,0,11.3600,0.0150
4211,0,11.3760,0.0160
4258,0,11.4370,0.0610
4158,0,11.4540,0.0170
4264,0,11.4690,0.0150
4212,0,11.4850,0.0160
4242,0,11.5000,0.0150
4251,0,11.5160,0.0160
4103,0,11.5310,0.0150
5,0,11.5470,0.0160
4129,0,11.5690,0.0220
18,0,11.6430,0.0740
15,0,11.6570,0.0140
51,0,11.6710,0.0140
35,0,11.6860,0.0150
35,0,11.7030,0.0170
35,0,11.7180,0.0150
35,0,11.7340,0.0160
5,0,11.7490,0.0150
4258,0,11.7960,0.0470
4212,0,11.8110,0.0150
4,0,11.8270,0.0160
4158,0,11.8590,0.0320
4264,0,11.8770,0.0180
4212,0,11.8930,0.0160
5230,0,11.9060,0.0130
5412,0,11.9540,0.0480
37,0,11.9720,0.0180
49,0,11.9840,0.0120
369,0,12.0010,0.0170
80,3,12.0120,0.0110
80,3,12.0120,0.0110
28,2,12.0150,0.0030
22,0,12.1130,0.0980
356,0,12.1740,0.0610
444,0,12.1890,0.0150
356,0,12.2350,0.0460
33,0,12.2690,0.0340
22,0,12.2840,0.0150
22,0,12.3010,0.0170
22,0,12.3130,0.0120
36,0,12.3320,0.0190
22,0,12.3450,0.0130
22,0,12.3900,0.0450
453,0,12.4050,0.0150
72,0,12.4210,0.0160
64,0,12.4360,0.0150
453,0,12.4520,0.0160
453,0,12.4990,0.0470
24,0,12.5140,0.0150
14,0,12.5460,0.0320
80,0,12.5610,0.0150
4110,0,12.5770,0.0160
4166,0,12.5930,0.0160
5225,0,12.6080,0.0150
5292,0,12.6310,0.0230
4103,0,12.6580,0.0270
5,0,12.6710,0.0130
4258,0,12.6860,0.0150
4211,0,12.7020,0.0160
4,0,12.7180,0.0160
4103,0,12.7330,0.0150
4158,0,12.7640,0.0310
4158,0,12.7990,0.0350
61,0,12.8300,0.0310
85,0,12.8460,0.0160
4158,0,12.8780,0.0320
35,0,12.8940,0.0160
35,0,12.9210,0.0270
4180,0,12.9700,0.0490
80,0,12.9880,0.0180
4272,0,13.0020,0.0140
80,0,13.0180,0.0160
4252,0,13.0500,0.0320
4107,0,13.0640,0.0140
4155,0,13.0820,0.0180
4137,0,13.0930,0.0110
4154,0,13.1160,0.0230
4107,0,13.1260,0.0100
4252,0,13.1450,0.0190
4178,0,13.1580,0.0130
4107,0,13.1750,0.0170
4175,0,13.2050,0.0300
4132,0,13.2370,0.0320
5,0,13.2520,0.0150
4258,0,13.2680,0.0160
4351,0,13.2830,0.0150
4177,0,13.2990,0.0160
4129,0,13.3150,0.0160
4183,0,13.3300,0.0150
4108,0,13.3450,0.0150
