SysID,Thread ID,time,inetrval
14,0,0.2190,0.2190
80,0,0.5310,0.3120
80,0,0.5470,0.0160
18,0,0.5620,0.0150
18,0,0.6090,0.0470
18,0,0.7030,0.0940
37,0,0.8750,0.1720
55,0,0.8910,0.0160
61,0,0.9210,0.0300
51,0,0.9530,0.0320
49,0,1.0310,0.0780
80,0,1.0470,0.0160
347,0,1.0780,0.0310
80,0,1.1560,0.0780
80,0,1.2970,0.1410
76,0,1.3440,0.0470
416,0,1.3590,0.0150
453,0,1.3750,0.0160
453,0,1.4060,0.0310
453,0,1.4220,0.0160
18,0,1.5310,0.1090
23,0,1.5470,0.0160
453,0,1.5630,0.0160
453,0,1.5940,0.0310
24,0,1.6870,0.0930
80,0,1.7030,0.0160
80,0,1.7180,0.0150
453,0,1.7340,0.0160
18,0,1.7500,0.0160
15,0,1.7650,0.0150
51,0,1.8900,0.1250
15,0,1.9060,0.0160
51,0,1.9220,0.0160
51,0,1.9380,0.0160
24,0,2.0000,0.0620
85,0,2.0150,0.0150
17,0,2.0310,0.0160
54,0,2.0940,0.0630
356,0,2.1560,0.0620
453,0,2.2660,0.1100
15,0,2.2820,0.0160
38,0,2.2970,0.0150
33,0,2.3130,0.0160
15,0,2.3280,0.0150
85,0,2.3440,0.0160
33,0,2.3590,0.0150
18,0,2.3750,0.0160
76,0,2.3910,0.0160
453,0,2.4060,0.0150
293,0,2.4530,0.0470
24,0,2.6280,0.1750
15,0,2.6890,0.0610
37,0,2.8000,0.1110
354,0,2.8160,0.0160
196,0,2.8290,0.0130
417,0,2.8490,0.0200
80,0,2.8630,0.0140
40,0,2.8780,0.0150
49,0,2.8910,0.0130
49,0,2.9060,0.0150
369,0,2.9220,0.0160
15,0,2.9380,0.0160
1,2,2.9540,0.0160
469,2,2.9690,0.0150
80,2,3.0310,0.0620
40,0,3.0480,0.0170
14,2,3.0620,0.0140
469,2,3.0940,0.0320
24,0,3.1090,0.0150
18,0,3.1250,0.0160
55,0,3.1560,0.0310
49,0,3.1720,0.0160
24,0,3.1870,0.0150
466,2,3.2190,0.0320
40,0,3.2660,0.0470
49,0,3.2820,0.0160
369,0,3.2970,0.0150
469,4,3.3130,0.0160
80,4,3.3280,0.0150
49,0,3.3430,0.0150
49,0,3.3590,0.0160
49,0,3.3750,0.0160
49,0,3.3900,0.0150
369,0,3.4060,0.0160
49,0,3.4220,0.0160
369,0,3.4370,0.0150
469,4,3.4530,0.0160
18,0,3.4690,0.0160
14,2,3.4850,0.0160
24,0,3.5010,0.0160
24,0,3.5300,0.0290
369,0,3.5320,0.0020
61,2,3.5510,0.0190
356,3,3.5790,0.0280
356,3,3.5940,0.0150
18,3,3.6100,0.0160
61,3,3.6720,0.0620
49,2,3.6870,0.0150
74,3,3.7030,0.0160
80,2,3.7030,0.0160
80,4,3.7190,0.0160
15,3,3.7350,0.0160
469,2,3.7500,0.0150
51,0,3.7970,0.0470
76,0,3.8270,0.0300
76,0,3.8290,0.0020
51,0,3.8590,0.0300
76,0,3.8810,0.0220
76,0,3.8910,0.0100
416,0,3.9130,0.0220
24,0,3.9560,0.0430
24,0,3.9690,0.0130
73,0,4.0820,0.1130
73,0,4.0960,0.0140
18,0,4.2300,0.1340
23,0,4.2350,0.0050
23,0,4.2500,0.0150
24,0,4.2970,0.0470
24,0,4.3130,0.0160
35,0,4.3280,0.0150
416,0,4.3750,0.0470
416,0,4.3900,0.0150
453,0,4.4060,0.0160
453,0,4.4220,0.0160
192,0,4.4370,0.0150
51,0,4.4690,0.0320
453,0,4.5470,0.0780
24,0,4.6400,0.0930
453,0,4.7030,0.0630
453,0,4.7340,0.0310
453,0,4.7500,0.0160
416,0,4.7660,0.0160
35,0,4.8440,0.0780
35,0,4.8750,0.0310
35,0,4.8900,0.0150
35,0,4.9060,0.0160
24,0,4.9370,0.0310
73,0,4.9530,0.0160
35,0,5.0160,0.0630
24,0,5.0630,0.0470
24,0,5.0780,0.0150
416,0,5.0940,0.0160
35,0,5.1720,0.0780
35,0,5.1880,0.0160
35,0,5.2090,0.0210
24,0,5.5000,0.2910
416,0,5.5810,0.0810
54,0,5.5990,0.0180
140,0,5.6160,0.0170
25,0,5.6470,0.0310
453,0,5.6520,0.0050
453,0,5.6590,0.0070
18,0,5.6770,0.0180
18,0,5.6900,0.0130
18,0,5.7090,0.0190
18,0,5.7210,0.0120
37,0,5.7390,0.0180
80,0,5.7520,0.0130
247,0,5.8640,0.1120
33,0,5.9120,0.0480
18,0,5.9190,0.0070
18,0,5.9220,0.0030
19,0,5.9880,0.0660
15,0,6.0030,0.0150
18,0,6.0180,0.0150
15,0,6.0350,0.0170
18,0,6.0500,0.0150
24,0,6.1760,0.1260
35,0,6.3300,0.1540
37,0,6.3490,0.0190
297,0,6.3600,0.0110
0,0,6.3930,0.0330
15,0,6.4100,0.0170
289,0,6.4260,0.0160
22,0,6.4530,0.0270
23,0,6.4740,0.0210
28,0,6.4880,0.0140
5,0,6.5030,0.0150
5349,0,6.5190,0.0160
416,0,6.5330,0.0140
416,0,6.5780,0.0450
25,0,6.5930,0.0150
4151,0,6.6250,0.0320
4151,0,6.6400,0.0150
51,0,6.7340,0.0940
33,0,6.7500,0.0160
18,0,6.7660,0.0160
17,0,6.7810,0.0150
140,0,6.8120,0.0310
15,0,6.8280,0.0160
105,0,6.8600,0.0320
4162,0,6.8750,0.0150
35,0,6.8900,0.0150
416,0,6.9060,0.0160
14,0,6.9220,0.0160
417,0,6.9370,0.0150
14,0,6.9530,0.0160
35,0,6.9690,0.0160
72,0,7.0780,0.1090
51,0,7.1250,0.0470
340,0,7.1560,0.0310
33,0,7.1880,0.0320
33,0,7.2030,0.0150
341,0,7.2190,0.0160
23,0,7.2350,0.0160
23,0,7.2500,0.0150
18,0,7.2810,0.0310
23,0,7.3130,0.0320
85,0,7.3590,0.0460
74,0,7.3750,0.0160
18,0,7.3900,0.0150
23,0,7.4060,0.0160
4,0,7.4530,0.0470
4,0,7.5150,0.0620
80,0,7.5470,0.0320
51,0,7.5630,0.0160
61,0,7.5780,0.0150
85,0,7.5940,0.0160
85,0,7.6090,0.0150
51,0,7.6400,0.0310
15,0,7.6560,0.0160
51,0,7.6880,0.0320
51,0,7.7030,0.0150
73,0,7.7180,0.0150
51,0,7.7340,0.0160
37,0,7.7500,0.0160
61,0,7.7650,0.0150
49,0,7.7810,0.0160
369,0,7.7970,0.0160
469,4,7.8120,0.0150
80,3,7.8280,0.0160
466,2,7.8440,0.0160
49,4,7.8440,0.0160
80,4,7.8590,0.0150
22,0,7.9530,0.0940
15,0,7.9690,0.0160
356,0,8.0310,0.0620
444,0,8.0630,0.0320
356,0,8.1140,0.0510
33,0,8.1440,0.0300
22,0,8.1590,0.0150
22,0,8.1750,0.0160
22,0,8.1920,0.0170
22,0,8.2050,0.0130
36,0,8.2270,0.0220
22,0,8.2320,0.0050
22,0,8.2350,0.0030
22,0,8.2940,0.0590
453,0,8.2970,0.0030
72,0,8.3120,0.0150
64,0,8.3280,0.0160
453,0,8.3430,0.0150
61,0,8.4060,0.0630
22,0,8.4530,0.0470
192,0,8.5000,0.0470
192,0,8.5160,0.0160
416,0,8.5470,0.0310
453,0,8.5940,0.0470
453,0,8.6560,0.0620
453,0,8.6720,0.0160
453,0,8.7030,0.0310
61,0,8.7190,0.0160
51,0,8.7350,0.0160
5125,0,8.7500,0.0150
4156,0,8.7650,0.0150
80,0,8.7810,0.0160
80,0,8.7970,0.0160
4188,0,8.8280,0.0310
4328,0,8.8590,0.0310
24,0,8.8750,0.0160
4211,0,8.8900,0.0150
4,0,8.9060,0.0160
4,0,8.9220,0.0160
24,0,8.9380,0.0160
4,0,8.9530,0.0150
4,0,8.9680,0.0150
4819,0,9.0000,0.0320
4802,0,9.0150,0.0150
4200,0,9.0310,0.0160
4131,0,9.0620,0.0310
80,0,9.0780,0.0160
4258,0,9.1250,0.0470
4158,0,9.1560,0.0310
4264,0,9.1720,0.0160
4242,0,9.2030,0.0310
4251,0,9.2190,0.0160
5,0,9.2340,0.0150
4192,0,9.2500,0.0160
18,0,9.2980,0.0480
15,0,9.3120,0.0140
51,0,9.3280,0.0160
35,0,9.3430,0.0150
35,0,9.3590,0.0160
4101,0,9.3750,0.0160
4258,0,9.4220,0.0470
4212,0,9.4370,0.0150
4258,0,9.4530,0.0160
4,0,9.4690,0.0160
4158,0,9.4840,0.0150
4264,0,9.5000,0.0160
4212,0,9.5150,0.0150
5230,0,9.5310,0.0160
5412,0,9.5780,0.0470
37,0,9.5940,0.0160
49,0,9.6100,0.0160
453,0,9.6720,0.0620
14,0,9.7180,0.0460
4162,0,9.7340,0.0160
4162,0,9.7500,0.0160
4162,0,9.7660,0.0160
5382,0,9.7820,0.0160
5292,0,9.7970,0.0150
4131,0,9.8120,0.0150
4103,0,9.8440,0.0320
5,0,9.8590,0.0150
4258,0,9.8750,0.0160
4,0,9.8900,0.0150
5230,0,9.9060,0.0160
5,0,9.9220,0.0160
5412,0,9.9370,0.0150
5,0,9.9530,0.0160
4264,0,9.9690,0.0160
5,0,9.9840,0.0150
4106,0,10.0160,0.0320
5292,0,10.0310,0.0150
4177,0,10.0460,0.0150
4100,0,10.0470,0.0010
4123,0,10.0620,0.0150
4106,0,10.1090,0.0470
80,0,10.1250,0.0160
4171,0,10.1400,0.0150
4222,0,10.1560,0.0160
80,0,10.1720,0.0160
4131,0,10.1870,0.0150
4131,0,10.2030,0.0160
5292,0,10.2180,0.0150
4123,0,10.2340,0.0160
4103,0,10.2500,0.0160
4177,0,10.2820,0.0320
4187,0,10.3280,0.0460
5,0,10.3430,0.0150
4100,0,10.3590,0.0160
4097,0,10.3750,0.0160
4098,5,10.3910,0.0160
5,5,10.4070,0.0160
4106,0,10.4230,0.0160
4108,0,10.4390,0.0160
4,5,10.4690,0.0300
4112,5,10.5320,0.0630
5,0,10.5470,0.0150
24,5,10.5780,0.0310
30,5,10.6020,0.0240
5254,5,10.7970,0.1950
8,5,10.8120,0.0150
4162,0,10.8280,0.0160
5,0,10.8440,0.0160
5254,5,10.8640,0.0200
5254,5,10.8770,0.0130
5254,5,10.8950,0.0180
5254,5,10.9060,0.0110
5254,5,10.9230,0.0170
5254,5,10.9390,0.0160
5,0,10.9580,0.0190
5254,5,10.9700,0.0120
5254,5,10.9860,0.0160
5254,5,11.0330,0.0470
5254,5,11.0510,0.0180
39,5,11.0890,0.0380
15,5,11.0950,0.0060
4103,5,11.1120,0.0170
5254,5,11.1270,0.0150
5254,5,11.1410,0.0140
4097,0,11.1610,0.0200
5254,5,11.1750,0.0140
5254,5,11.1870,0.0120
4123,0,11.2080,0.0210
5254,5,11.2220,0.0140
5254,5,11.2370,0.0150
4123,0,11.2510,0.0140
30,5,11.2690,0.0180
30,5,11.2850,0.0160
24,5,11.3000,0.0150
37,0,11.3130,0.0130
4096,0,11.3280,0.0150
4111,0,11.3440,0.0160
5412,0,11.3590,0.0150
5,0,11.3750,0.0160
23,0,11.3900,0.0150
61,0,11.4370,0.0470
22,0,11.4680,0.0310
23,0,11.4840,0.0160
61,0,11.5000,0.0160
369,0,11.5150,0.0150
49,0,11.5320,0.0170
80,4,11.5470,0.0150
22,0,11.6250,0.0780
453,0,11.6400,0.0150
4151,0,11.7500,0.1100
80,0,11.7650,0.0150
54,0,11.7810,0.0160
54,0,11.7970,0.0160
416,0,11.8120,0.0150
340,0,11.8280,0.0160
416,0,11.8590,0.0310
453,0,11.9090,0.0500
453,0,11.9260,0.0170
72,0,12.0190,0.0930
416,0,12.0340,0.0150
453,0,12.0650,0.0310
416,0,12.0810,0.0160
22,0,12.1130,0.0320
80,0,12.2540,0.1410
15,0,12.2680,0.0140
80,0,12.3590,0.0910
13,0,12.3750,0.0160
91,0,12.3910,0.0160
91,0,12.4060,0.0150
15,0,12.4220,0.0160
15,0,12.4380,0.0160
15,0,12.5000,0.0620
80,0,12.5150,0.0150
15,0,12.5320,0.0170
80,0,12.5470,0.0150
96,0,12.5780,0.0310
61,0,12.6770,0.0990
61,0,12.6910,0.0140
80,0,12.7060,0.0150
18,0,12.7670,0.0610
18,0,12.7880,0.0210
18,0,12.7970,0.0090
297,0,12.8130,0.0160
18,0,12.8280,0.0150
453,0,12.8440,0.0160
33,0,12.8940,0.0500
18,0,12.9080,0.0140
33,0,12.9220,0.0140
76,0,12.9440,0.0220
25,0,12.9870,0.0430
140,0,13.0150,0.0280
33,0,13.0470,0.0320
85,0,13.0720,0.0250
61,0,13.0780,0.0060
15,0,13.0990,0.0210
35,0,13.1110,0.0120
51,0,13.1410,0.0300
17,0,13.1640,0.0230
42,0,13.1720,0.0080
33,0,13.1930,0.0210
340,0,13.2550,0.0620
85,0,13.2810,0.0260
15,0,13.3430,0.0620
24,0,13.3590,0.0160
15,0,13.3750,0.0160
4,0,13.3910,0.0160
25,0,14.0970,0.7060
23,0,14.1080,0.0110
15,0,14.1090,0.0010
25,0,14.1250,0.0160
15,0,14.1560,0.0310
25,0,14.2030,0.0470
51,0,14.2180,0.0150
51,0,14.2340,0.0160
51,0,14.2500,0.0160
4,0,14.2650,0.0150
323,0,14.2810,0.0160
4,0,14.2970,0.0160
22,0,14.3130,0.0160
22,0,14.3280,0.0150
44,0,14.3590,0.0310
15,0,14.4060,0.0470
15,0,14.4530,0.0470
15,0,14.4690,0.0160
15,0,14.5150,0.0460
13,0,14.5310,0.0160
13,0,14.5940,0.0630
15,0,14.6250,0.0310
15,0,14.6400,0.0150
15,0,14.6560,0.0160
15,0,14.6720,0.0160
13,0,14.7340,0.0620
4275,0,14.7500,0.0160
42,0,14.7650,0.0150
13,0,14.7970,0.0320
15,0,14.8280,0.0310
15,0,14.8440,0.0160
30,0,14.8590,0.0150
13,0,14.8750,0.0160
15,0,14.9370,0.0620
15,0,14.9710,0.0340
15,0,14.9870,0.0160
15,0,15.0310,0.0440
15,0,15.0630,0.0320
,0.0330
73,0,13.7960,0.0130
140,0,13.8310,0.0350
33,0,13.8440,0.0130
85,0,13.8630,0.0190
61,0,13.8780,0.0150
85,0,13.8860,0.0080
35,0,13.9060,0.0200
51,0,13.9200,0.0140
17,0,13.9550,0.0350
42,0,13.9650,0.0100
33,0,13.9810,0.0160
340,0,14.0450,0.0640
85,0,14.0750,0.0300
15,0,14.1380,0.0630
24,0,14.1680,0.0300
58,0,14.1710,0.0030
15,0,14.1870,0.0160
4,0,14.2010,0.0140
25,0,15.0540,0.8530
22,0,15.0710,0.0170
76,0,15.0900,0.0190
15,0,15.1350,0.0450
25,0,15.1900,0.0550
4,0,15.2060,0.0160
51,0,15.2220,0.0160
51,0,15.2350,0.0130
51,0,15.2570,0.0220
4,0,15.2890,0.0320
323,0,15.3060,0.0170
4,0,15.3270,0.0210
323,0,15.3350,0.0080
15,0,15.3560,0.0210
22,0,15.3580,0.0020
22,0,15.3780,0.0200
44,0,15.4200,0.0420
15,0,15.5140,0.0940
15,0,15.5630,0.0490
15,0,15.5830,0.0200
13,0,15.5950,0.0120
15,0,15.6430,0.0480
13,0,15.6640,0.0210
13,0,15.7270,0.0630
15,0,15.7640,0.0370
15,0,15.7800,0.0160
15,0,15.8110,0.0310
13,0,15.8820,0.0710
4275,0,15.9010,0.0190
4275,0,15.9120,0.0110
42,0,15.9130,0.0010
13,0,15.9670,0.0540
15,0,16.0040,0.0370
18,0,16.0140,0.0100
30,0,16.0340,0.0200
13,0,16.0460,0.0120
15,0,16.1480,0.1020
15,0,16.1670,0.0190
15,0,16.2020,0.0350
15,0,16.2320,0.0300
15,0,16.2730,0.0410
