SysID,Thread ID,time,inetrval
14,0,0.2340,0.2340
80,0,0.5570,0.3230
80,0,0.5610,0.0040
80,0,0.5770,0.0160
33,0,0.5920,0.0150
18,0,0.6390,0.0470
18,0,0.7350,0.0960
37,0,0.9200,0.1850
55,0,0.9510,0.0310
61,0,0.9830,0.0320
51,0,1.0020,0.0190
74,0,1.0140,0.0120
49,0,1.0920,0.0780
80,0,1.1080,0.0160
347,0,1.1410,0.0330
80,0,1.2490,0.1080
80,0,1.4050,0.1560
76,0,1.4530,0.0480
416,0,1.4670,0.0140
453,0,1.5020,0.0350
453,0,1.5360,0.0340
453,0,1.5460,0.0100
18,0,1.6720,0.1260
23,0,1.6860,0.0140
453,0,1.7190,0.0330
24,0,1.7370,0.0180
24,0,1.8280,0.0910
80,0,1.8580,0.0300
453,0,1.8730,0.0150
453,0,1.8890,0.0160
18,0,1.9090,0.0200
51,0,2.0950,0.1860
51,0,2.1230,0.0280
15,0,2.1390,0.0160
24,0,2.2170,0.0780
85,0,2.2340,0.0170
74,0,2.2490,0.0150
54,0,2.3120,0.0630
356,0,2.3910,0.0790
453,0,2.4980,0.1070
15,0,2.5140,0.0160
38,0,2.5350,0.0210
297,0,2.5470,0.0120
15,0,2.5800,0.0330
85,0,2.5970,0.0170
33,0,2.6190,0.0220
18,0,2.6260,0.0070
76,0,2.6430,0.0170
85,0,2.6550,0.0120
293,0,2.7050,0.0500
24,0,2.9080,0.2030
15,0,2.9540,0.0460
37,0,3.0930,0.1390
354,0,3.1090,0.0160
173,0,3.1240,0.0150
144,0,3.1440,0.0200
417,0,3.1570,0.0130
55,0,3.1750,0.0180
40,0,3.1860,0.0110
80,0,3.2050,0.0190
49,0,3.2190,0.0140
369,0,3.2360,0.0170
15,0,3.2480,0.0120
55,0,3.2800,0.0320
49,0,3.2960,0.0160
80,0,3.3430,0.0470
80,2,3.3580,0.0150
40,0,3.3740,0.0160
49,0,3.3890,0.0150
24,2,3.4070,0.0180
466,0,3.4200,0.0130
18,2,3.4360,0.0160
112,2,3.4830,0.0470
28,2,3.5140,0.0310
1,3,3.5460,0.0320
112,2,3.5630,0.0170
466,0,3.5770,0.0140
466,2,3.5920,0.0150
40,0,3.6230,0.0310
80,0,3.6390,0.0160
80,2,3.6570,0.0180
469,3,3.6710,0.0140
49,0,3.6860,0.0150
55,0,3.7050,0.0190
49,0,3.7180,0.0130
55,0,3.7340,0.0160
49,0,3.7490,0.0150
80,2,3.7630,0.0140

80,2,3.7630,0.0140

80,3,3.7640,0.0010
49,0,3.7840,0.0200
80,3,3.7950,0.0110
18,0,3.8430,0.0480
51,0,3.8600,0.0170
24,0,3.8910,0.0310
369,0,3.9060,0.0150
4,0,3.9170,0.0110
4,0,3.9210,0.0040
356,4,3.9360,0.0150
51,3,3.9560,0.0200
356,4,3.9670,0.0110
18,4,3.9990,0.0320
80,3,4.0550,0.0560
61,4,4.0770,0.0220
61,4,4.1090,0.0320
369,3,4.1230,0.0140
74,4,4.1390,0.0160
469,4,4.1550,0.0160
51,0,4.2020,0.0470
76,0,4.2190,0.0170
51,0,4.2500,0.0310
51,0,4.2640,0.0140
76,0,4.2800,0.0160
76,0,4.2960,0.0160
76,0,4.3110,0.0150
76,0,4.3270,0.0160
416,0,4.3760,0.0490
24,0,4.4520,0.0760
24,0,4.4700,0.0180
73,0,4.6080,0.1380
24,0,4.6230,0.0150
18,0,4.7680,0.1450
23,0,4.7980,0.0300
24,0,4.8430,0.0450
24,0,4.8590,0.0160
35,0,4.8740,0.0150
416,0,4.9360,0.0620
416,0,4.9530,0.0170
453,0,4.9700,0.0170
453,0,4.9840,0.0140
453,0,4.9990,0.0150
72,0,5.0170,0.0180
51,0,5.0300,0.0130
7,0,5.0500,0.0200
453,0,5.1410,0.0910
24,0,5.2510,0.1100
453,0,5.3280,0.0770
453,0,5.3740,0.0460
453,0,5.3910,0.0170
35,0,5.4840,0.0930
35,0,5.5160,0.0320
35,0,5.5450,0.0290
35,0,5.5620,0.0170
73,0,5.6080,0.0460
24,0,5.6270,0.0190
35,0,5.6740,0.0470
24,0,5.7230,0.0490
24,0,5.7330,0.0100
416,0,5.7660,0.0330
35,0,5.8470,0.0810
35,0,5.8610,0.0140
35,0,5.8770,0.0160
416,0,6.2710,0.3940
54,0,6.2820,0.0110
140,0,6.3150,0.0330
25,0,6.3290,0.0140
453,0,6.3480,0.0190
18,0,6.3610,0.0130
18,0,6.3910,0.0300
18,0,6.4080,0.0170
4834,0,6.4250,0.0170
24,0,6.4400,0.0150
80,0,6.4560,0.0160
247,0,6.5640,0.1080
33,0,6.6110,0.0470
18,0,6.6250,0.0140
19,0,6.6410,0.0160
19,0,6.7040,0.0630
18,0,6.7200,0.0160
18,0,6.7350,0.0150
15,0,6.7530,0.0180
18,0,6.7670,0.0140
35,0,7.0500,0.2830
4101,0,7.0660,0.0160
4224,0,7.0790,0.0130
0,0,7.1230,0.0440
15,0,7.1470,0.0240
289,0,7.1730,0.0260
22,0,7.1890,0.0160
23,0,7.2190,0.0300
28,0,7.2350,0.0160
18,0,7.2510,0.0160
5349,0,7.2800,0.0290
416,0,7.3430,0.0630
416,0,7.3610,0.0180
4151,0,7.3920,0.0310
453,0,7.4060,0.0140
51,0,7.4830,0.0770
74,0,7.5060,0.0230
33,0,7.5150,0.0090
18,0,7.5340,0.0190
17,0,7.5470,0.0130
140,0,7.5800,0.0330
105,0,7.6260,0.0460
4162,0,7.6430,0.0170
35,0,7.6560,0.0130
14,0,7.6890,0.0330
417,0,7.7060,0.0170
450,0,7.7190,0.0130
35,0,7.7360,0.0170
72,0,7.8460,0.1100
14,0,7.8590,0.0130
51,0,7.9090,0.0500
340,0,7.9390,0.0300
33,0,7.9710,0.0320
33,0,7.9860,0.0150
72,0,8.0010,0.0150
24,0,8.0160,0.0150
23,0,8.0320,0.0160
18,0,8.0490,0.0170
18,0,8.0790,0.0300
23,0,8.1120,0.0330
85,0,8.1570,0.0450
74,0,8.1750,0.0180
40,0,8.1900,0.0150
18,0,8.2050,0.0150
4,0,8.2690,0.0640
4,0,8.3300,0.0610
80,0,8.3770,0.0470
51,0,8.3920,0.0150
85,0,8.4220,0.0300
85,0,8.4380,0.0160
51,0,8.4840,0.0460
51,0,8.5150,0.0310
51,0,8.5450,0.0300
15,0,8.5670,0.0220
15,0,8.5780,0.0110
37,0,8.5930,0.0150
61,0,8.6110,0.0180
40,0,8.6230,0.0120
49,0,8.6240,0.0010
466,2,8.6440,0.0200
112,0,8.6530,0.0090
55,0,8.6550,0.0020
15,0,8.6710,0.0160
466,3,8.6860,0.0150
80,2,8.7010,0.0150
369,2,8.7180,0.0170
22,0,8.8310,0.1130
15,0,8.8450,0.0140
356,0,8.9090,0.0640
444,0,8.9360,0.0270
356,0,8.9550,0.0190
356,0,9.0000,0.0450
33,0,9.0670,0.0670
22,0,9.0780,0.0110
22,0,9.0940,0.0160
18,0,9.1080,0.0140
22,0,9.1250,0.0170
72,0,9.1390,0.0140
36,0,9.1560,0.0170
22,0,9.2190,0.0630
453,0,9.2340,0.0150
72,0,9.2510,0.0170
64,0,9.2650,0.0140
453,0,9.2800,0.0150
416,0,9.2960,0.0160
61,0,9.3440,0.0480
42,0,9.3590,0.0150
22,0,9.3890,0.0300
416,0,9.4060,0.0170
192,0,9.4370,0.0310
192,0,9.4560,0.0190
416,0,9.4710,0.0150
416,0,9.5020,0.0310
453,0,9.5330,0.0310
416,0,9.5480,0.0150
453,0,9.6100,0.0620
453,0,9.6260,0.0160
453,0,9.6550,0.0290
61,0,9.6750,0.0200
51,0,9.6880,0.0130
24,0,9.7040,0.0160
4,0,9.7340,0.0300
61,0,9.7990,0.0650
24,0,9.8140,0.0150
24,0,9.8320,0.0180
24,0,9.8430,0.0110
5254,0,10.0320,0.1890
5254,0,10.0650,0.0330
5254,0,10.1080,0.0430
5254,0,10.1270,0.0190
5254,0,10.1390,0.0120
5254,0,10.1730,0.0340
5254,0,10.1910,0.0180
5254,0,10.2170,0.0260
5254,0,10.2350,0.0180
5254,0,10.2650,0.0300
5254,0,10.2840,0.0190
5254,0,10.3130,0.0290
5254,0,10.3280,0.0150
5254,0,10.3440,0.0160
5254,0,10.3920,0.0480
39,0,10.4200,0.0280
39,0,10.4410,0.0210
5254,0,10.4710,0.0300
5254,0,10.4870,0.0160
5254,0,10.5190,0.0320
5254,0,10.5330,0.0140
5254,0,10.5630,0.0300
5254,0,10.5800,0.0170
5254,0,10.5950,0.0150
5254,0,10.6270,0.0320
5254,0,10.6880,0.0610
5254,0,10.7010,0.0130
5254,0,10.7330,0.0320
5254,0,10.7490,0.0160
5254,0,10.7830,0.0340
5254,0,10.7990,0.0160
5254,0,10.8130,0.0140
5254,0,10.8310,0.0180
5254,0,10.8420,0.0110
5254,0,10.8630,0.0210
5254,0,10.8770,0.0140
5254,0,10.9050,0.0280
5254,0,10.9350,0.0300
5254,0,10.9360,0.0010
5254,0,10.9670,0.0310
30,0,10.9860,0.0190
30,0,11.0010,0.0150
24,0,11.0200,0.0190
22,0,11.0330,0.0130
15,0,11.0470,0.0140
61,0,11.0950,0.0480
22,0,11.1410,0.0460
23,0,11.1600,0.0190
37,0,11.1670,0.0070
40,0,11.1710,0.0040
369,0,11.1900,0.0190
469,2,11.1990,0.0090
49,0,11.2020,0.0030
49,0,11.2190,0.0170
15,0,11.2330,0.0140
22,0,11.3140,0.0810
4151,0,11.4390,0.1250
80,0,11.4540,0.0150
54,0,11.4710,0.0170
54,0,11.4830,0.0120
416,0,11.5030,0.0200
85,0,11.5170,0.0140
340,0,11.5320,0.0150
416,0,11.5650,0.0330
453,0,11.6100,0.0450
453,0,11.6260,0.0160
72,0,11.7170,0.0910
340,0,11.7330,0.0160
453,0,11.7670,0.0340
416,0,11.7830,0.0160
22,0,11.8130,0.0300
80,0,11.9700,0.1570
15,0,11.9860,0.0160
80,0,12.0640,0.0780
80,0,12.0820,0.0180
13,0,12.0930,0.0110
91,0,12.1090,0.0160
15,0,12.1400,0.0310
15,0,12.1580,0.0180
15,0,12.2190,0.0610
80,0,12.2330,0.0140
4275,0,12.2500,0.0170
4275,0,12.2650,0.0150
80,0,12.2960,0.0310
96,0,12.3280,0.0320
61,0,12.4380,0.1100
80,0,12.4570,0.0190
18,0,12.5450,0.0880
18,0,12.5610,0.0160
297,0,12.5840,0.0230
23,0,12.5920,0.0080
453,0,12.6110,0.0190
33,0,12.6710,0.0600
18,0,12.6870,0.0160
33,0,12.7020,0.0150
25,0,12.7640,0.0620
140,0,12.7970,0.0330
33,0,12.8130,0.0160
85,0,12.8310,0.0180
61,0,12.8580,0.0270
15,0,12.8750,0.0170
35,0,12.8920,0.0170
51,0,12.9050,0.0130
17,0,12.9370,0.0320
42,0,12.9690,0.0320
340,0,13.0310,0.0620
85,0,13.0620,0.0310
17,0,13.0790,0.0170
15,0,13.1400,0.0610
24,0,13.1570,0.0170
15,0,13.1710,0.0140
4,0,13.2020,0.0310
25,0,13.9390,0.7370
22,0,13.9510,0.0120
18,0,13.9680,0.0170
340,0,13.9830,0.0150
25,0,14.0760,0.0930
22,0,14.0930,0.0170
51,0,14.1080,0.0150
51,0,14.1250,0.0170
51,0,14.1480,0.0230
323,0,14.1550,0.0070
4,0,14.1720,0.0170
4,0,14.1870,0.0150
4,0,14.2010,0.0140
51,0,14.2170,0.0160
15,0,14.2340,0.0170
44,0,14.2800,0.0460
15,0,14.3580,0.0780
15,0,14.3900,0.0320
15,0,14.4520,0.0620
13,0,14.4680,0.0160
13,0,14.5310,0.0630
15,0,14.5610,0.0300
15,0,14.6080,0.0470
15,0,14.6230,0.0150
15,0,14.6390,0.0160
15,0,14.6550,0.0160
13,0,14.7170,0.0620
4275,0,14.7330,0.0160
42,0,14.7480,0.0150
13,0,14.7800,0.0320
15,0,14.8270,0.0470
18,0,14.8420,0.0150
15,0,14.9370,0.0950
15,0,14.9520,0.0150
15,0,14.9980,0.0460
15,0,15.0460,0.0480
15,0,15.0770,0.0310
15,0,15.0920,0.0150
