SysID,Thread ID,time,inetrval
14,0,0.2490,0.2490
80,0,0.5470,0.2980
80,0,0.5620,0.0150
18,0,0.5780,0.0160
18,0,0.6410,0.0630
18,0,0.7190,0.0780
37,0,0.8900,0.1710
55,0,0.9220,0.0320
61,0,0.9530,0.0310
51,0,0.9840,0.0310
49,0,1.0490,0.0650
80,0,1.0660,0.0170
80,0,1.0820,0.0160
347,0,1.0960,0.0140
80,0,1.1910,0.0950
80,0,1.3130,0.1220
15,0,1.3280,0.0150
76,0,1.3760,0.0480
416,0,1.3920,0.0160
453,0,1.4220,0.0300
453,0,1.4680,0.0460
453,0,1.4850,0.0170
18,0,1.5940,0.1090
23,0,1.6100,0.0160
453,0,1.6260,0.0160
453,0,1.6580,0.0320
24,0,1.6710,0.0130
24,0,1.7500,0.0790
80,0,1.7800,0.0300
80,0,1.7810,0.0010
453,0,1.8090,0.0280
18,0,1.8280,0.0190
51,0,1.9530,0.1250
15,0,1.9680,0.0150
51,0,1.9840,0.0160
51,0,2.0000,0.0160
24,0,2.0660,0.0660
85,0,2.0820,0.0160
74,0,2.0980,0.0160
54,0,2.1560,0.0580
340,0,2.1720,0.0160
356,0,2.2500,0.0780
453,0,2.3590,0.1090
15,0,2.3760,0.0170
38,0,2.4070,0.0310
33,0,2.4220,0.0150
15,0,2.4380,0.0160
85,0,2.4540,0.0160
33,0,2.4700,0.0160
15,0,2.4880,0.0180
15,0,2.5030,0.0150
15,0,2.5190,0.0160
293,0,2.5620,0.0430
24,0,2.7420,0.1800
15,0,2.8050,0.0630
37,0,2.9070,0.1020
354,0,2.9260,0.0190
196,0,2.9400,0.0140
417,0,2.9570,0.0170
80,0,2.9680,0.0110
40,0,2.9840,0.0160
80,0,3.0050,0.0210
369,0,3.0150,0.0100
55,0,3.0330,0.0180
67,2,3.0460,0.0130
49,0,3.0640,0.0180
1,2,3.0780,0.0140
469,2,3.0940,0.0160
55,0,3.1400,0.0460
55,0,3.1400,0.0460
49,0,3.1570,0.0170
24,2,3.1730,0.0160
18,2,3.1880,0.0150
23,2,3.2050,0.0170
24,2,3.2180,0.0130
466,0,3.2340,0.0160
112,2,3.2660,0.0320
55,0,3.2820,0.0160
14,2,3.2980,0.0160
49,0,3.3120,0.0140
469,2,3.3280,0.0160
24,0,3.3440,0.0160
112,0,3.3590,0.0150
40,0,3.3900,0.0310
80,0,3.4060,0.0160
469,3,3.4220,0.0160
24,0,3.4400,0.0180
369,0,3.4530,0.0130
49,0,3.4720,0.0190
14,2,3.4840,0.0120
49,0,3.5030,0.0190
49,0,3.5180,0.0150
49,0,3.5330,0.0150
49,0,3.5500,0.0170
369,0,3.5650,0.0150
15,0,3.5760,0.0110
80,2,3.5780,0.0020
80,2,3.6030,0.0250
469,3,3.6260,0.0230
inetrval
        

469,3,3.6260,0.0230
inetrval
        

24,0,3.6440,0.0180
369,0,3.6900,0.0460
51,4,3.7030,0.0130
466,4,3.7190,0.0160
369,0,3.7350,0.0160
80,3,3.7510,0.0160
51,0,3.8020,0.0510
76,0,3.8160,0.0140
51,0,3.8470,0.0310
76,0,3.8630,0.0160
76,0,3.8780,0.0150
76,0,3.8950,0.0170
416,0,3.9080,0.0130
24,0,3.9570,0.0490
73,0,4.0820,0.1250
18,0,4.2220,0.1400
23,0,4.2370,0.0150
24,0,4.2840,0.0470
24,0,4.3000,0.0160
35,0,4.3160,0.0160
416,0,4.3630,0.0470
416,0,4.3940,0.0310
453,0,4.4220,0.0280
453,0,4.4380,0.0160
192,0,4.4530,0.0150
72,0,4.4850,0.0320
51,0,4.5000,0.0150
35,0,4.5160,0.0160
453,0,4.5940,0.0780
24,0,4.6880,0.0940
453,0,4.7510,0.0630
453,0,4.7820,0.0310
453,0,4.7980,0.0160
35,0,4.8940,0.0960
35,0,4.9100,0.0160
35,0,4.9260,0.0160
35,0,4.9400,0.0140
35,0,4.9580,0.0180
24,0,4.9720,0.0140
73,0,4.9880,0.0160
35,0,5.0500,0.0620
24,0,5.0970,0.0470
416,0,5.1440,0.0470
35,0,5.2350,0.0910
35,0,5.2540,0.0190
24,0,5.3480,0.0940
416,0,5.6420,0.2940
416,0,5.7230,0.0810
35,0,5.7500,0.0270
54,0,5.7650,0.0150
140,0,5.7810,0.0160
25,0,5.7980,0.0170
18,0,5.8130,0.0150
18,0,5.8300,0.0170
18,0,5.8620,0.0320
18,0,5.8800,0.0180
4834,0,5.8920,0.0120
80,0,5.9230,0.0310
247,0,6.0180,0.0950
33,0,6.0660,0.0480
18,0,6.0800,0.0140
19,0,6.1440,0.0640
15,0,6.1580,0.0140
18,0,6.1760,0.0180
15,0,6.1900,0.0140
18,0,6.2060,0.0160
35,0,6.4740,0.2680
4101,0,6.4850,0.0110
4224,0,6.5050,0.0200
66,0,6.5170,0.0120
0,0,6.5500,0.0330
15,0,6.5670,0.0170
289,0,6.5810,0.0140
22,0,6.5970,0.0160
23,0,6.6280,0.0310
28,0,6.6450,0.0170
18,0,6.6590,0.0140
5349,0,6.6760,0.0170
24,0,6.6910,0.0150
24,0,6.7210,0.0300
73,0,6.7380,0.0170
24,0,6.8470,0.1090
24,0,6.8630,0.0160
24,0,6.8780,0.0150
35,0,6.8950,0.0170
4151,0,6.9080,0.0130
5125,0,6.9400,0.0320
33,0,6.9570,0.0170
0,0,6.9710,0.0140
23,0,6.9880,0.0170
4162,0,7.0190,0.0310
25,0,7.0350,0.0160
35,0,7.0650,0.0300
35,0,7.0810,0.0160
192,0,7.1590,0.0780
35,0,7.1760,0.0170
24,0,7.1910,0.0150
453,0,7.2070,0.0160
35,0,7.2220,0.0150
453,0,7.2380,0.0160
14,0,7.2530,0.0150
417,0,7.2680,0.0150
85,0,7.3290,0.0610
6,0,7.3480,0.0190
39,0,7.3620,0.0140
61,0,7.4100,0.0480
22,0,7.4260,0.0160
340,0,7.4410,0.0150
194,0,7.4560,0.0150
4,0,7.4710,0.0150
14,5,7.5200,0.0490
4096,5,7.5500,0.0300
4156,5,7.5660,0.0160
80,5,7.5810,0.0150
80,5,7.5970,0.0160
4188,5,7.6260,0.0290
4328,5,7.6750,0.0490
4211,5,7.6910,0.0160
33,5,7.7190,0.0280
18,5,7.7340,0.0150
24,5,7.7500,0.0160
23,5,7.7650,0.0150
23,5,7.7810,0.0160
18,5,7.8120,0.0310
4,5,7.8280,0.0160
4,5,7.8430,0.0150
24,5,7.8660,0.0230
4,5,7.8770,0.0110
4,5,7.8950,0.0180
4819,5,7.9250,0.0300
4802,5,7.9400,0.0150
4200,5,7.9560,0.0160
4131,5,7.9870,0.0310
80,5,8.0040,0.0170
4258,5,8.0350,0.0310
4212,5,8.0500,0.0150
4158,5,8.0670,0.0170
4264,5,8.0820,0.0150
5,5,8.0960,0.0140
4242,5,8.1130,0.0170
4251,5,8.1280,0.0150
4103,5,8.1440,0.0160
5,5,8.1580,0.0140
4129,5,8.1730,0.0150
18,5,8.2540,0.0810
51,5,8.2900,0.0360
35,5,8.2990,0.0090
35,5,8.3280,0.0290
5,5,8.3530,0.0250
4258,5,8.3960,0.0430
4264,5,8.4110,0.0150
5,5,8.4280,0.0170
5,5,8.4320,0.0040
4258,5,8.4370,0.0050
4212,5,8.4530,0.0160
4,5,8.4690,0.0160
23,5,8.4840,0.0150
85,5,8.4990,0.0150
74,5,8.5150,0.0160
18,5,8.5310,0.0160
23,5,8.5470,0.0160
4,5,8.5780,0.0310
4,5,8.5940,0.0160
4158,5,8.6090,0.0150
4212,5,8.6250,0.0160
4151,5,8.6460,0.0210
4132,5,8.6600,0.0140
5,5,8.6750,0.0150
14,5,8.7070,0.0320
4177,5,8.7180,0.0110
5,5,8.7370,0.0190
5,5,8.7550,0.0180
4129,5,8.7650,0.0100
4108,5,8.7850,0.0200
5,5,8.8000,0.0150
4183,0,8.8160,0.0160
5,5,8.8290,0.0130
37,0,8.8600,0.0310
49,0,8.8780,0.0180
356,3,8.9060,0.0280
356,3,8.9290,0.0230
18,3,8.9400,0.0110
61,3,9.0000,0.0600
51,3,9.0240,0.0240
49,3,9.0310,0.0070
453,0,9.0470,0.0160
453,0,9.0670,0.0200
453,0,9.0810,0.0140
72,0,9.0960,0.0150
61,0,9.1120,0.0160
49,0,9.1250,0.0130
80,0,9.1450,0.0200
37,0,9.1580,0.0130
80,0,9.1690,0.0110
80,0,9.1730,0.0040
15,0,9.1930,0.0200
22,0,9.2060,0.0130
24,0,9.2850,0.0790
73,0,9.3000,0.0150
24,0,9.4880,0.1880
453,0,9.5500,0.0620
14,0,9.5810,0.0310
54,0,9.6120,0.0310
22,0,9.6300,0.0180
23,0,9.6420,0.0120
72,0,9.6610,0.0190
24,0,9.6910,0.0300
18,0,9.7370,0.0460
18,0,9.7540,0.0170
33,0,9.7690,0.0150
88,0,9.7850,0.0160
33,0,9.8000,0.0150
33,0,9.8160,0.0160
33,0,9.9560,0.1400
15,0,9.9860,0.0300
22,0,10.0040,0.0180
453,0,10.0180,0.0140
23,0,10.0340,0.0160
72,0,10.0810,0.0470
60,0,10.0980,0.0170
36,0,10.3480,0.2500
24,0,10.3770,0.0290
36,0,10.3940,0.0170
33,0,10.4250,0.0310
137,0,10.4390,0.0140
36,0,10.4730,0.0340
24,0,10.5190,0.0460
140,0,10.6900,0.1710
131,0,10.8780,0.1880
432,0,10.9060,0.0280
62,0,11.2070,0.3010
88,0,11.2220,0.0150
88,0,11.2380,0.0160
25,0,11.2540,0.0160
25,0,11.2700,0.0160
85,0,11.3010,0.0310
15,0,11.3160,0.0150
51,0,11.3270,0.0110
17,0,11.3280,0.0010
88,0,11.3500,0.0220
49,0,11.3610,0.0110
22,0,11.3900,0.0290
23,0,11.4230,0.0330
15,0,11.4490,0.0260
23,0,11.4540,0.0050
37,0,11.4860,0.0320
453,0,11.5040,0.0180
22,0,11.5200,0.0160
36,0,11.5340,0.0140
15,0,11.5500,0.0160
36,0,11.5970,0.0470
37,0,11.6130,0.0160
14,0,11.6240,0.0110

14,0,11.6240,0.0110
453,0,11.6580,0.0340
18,0,11.6740,0.0160
23,0,11.6910,0.0170
18,0,11.6990,0.0080
51,0,11.7040,0.0050
14,0,11.8010,0.0970
15,0,11.8320,0.0310
85,0,11.8620,0.0300
37,0,11.8760,0.0140
80,0,11.8880,0.0120
49,0,11.8900,0.0020
80,2,11.9060,0.0160
80,4,11.9230,0.0170
80,2,11.9370,0.0140
80,2,11.9370,0.0140
112,3,11.9520,0.0150
112,3,11.9520,0.0150
112,2,11.9530,0.0010
112,2,11.9530,0.0010
15,4,11.9680,0.0150
15,4,11.9680,0.0150
22,0,12.0660,0.0980
23,0,12.0800,0.0140
356,0,12.1440,0.0640
444,0,12.1760,0.0320
356,0,12.2210,0.0450
33,0,12.2530,0.0320
22,0,12.2700,0.0170
22,0,12.2840,0.0140
72,0,12.3000,0.0160
36,0,12.3160,0.0160
22,0,12.3610,0.0450
453,0,12.3790,0.0180
72,0,12.3930,0.0140
64,0,12.4090,0.0160
453,0,12.4250,0.0160
416,0,12.4410,0.0160
61,0,12.4870,0.0460
22,0,12.5190,0.0320
416,0,12.5350,0.0160
192,0,12.5650,0.0300
192,0,12.5810,0.0160
416,0,12.6120,0.0310
453,0,12.6600,0.0480
416,0,12.6740,0.0140
453,0,12.7350,0.0610
453,0,12.7660,0.0310
14,0,12.7840,0.0180
61,0,12.7970,0.0130
4103,0,12.8280,0.0310
4103,0,12.8440,0.0160
17,0,12.8650,0.0210
17,0,12.8780,0.0130
4103,0,12.8940,0.0160
39,0,12.9090,0.0150
24,0,12.9260,0.0170
24,0,12.9400,0.0140
6,0,12.9570,0.0170
8,0,13.1720,0.2150
8,0,13.2030,0.0310
8,0,13.2190,0.0160
39,0,13.2500,0.0310
5,5,13.2660,0.0160
39,0,13.2860,0.0200
8,0,13.3000,0.0140
8,0,13.3310,0.0310
8,0,13.3610,0.0300
8,0,13.3930,0.0320
8,0,13.4250,0.0320
8,0,13.4390,0.0140
15,0,13.4570,0.0180
4353,0,13.4880,0.0310
4239,0,13.5000,0.0120
4819,0,13.5400,0.0400
4819,0,13.5650,0.0250
80,0,13.5790,0.0140
4173,0,13.6110,0.0320
80,0,13.6280,0.0170
4128,0,13.6440,0.0160
4483,0,13.6710,0.0270
37,0,13.7340,0.0630
14,0,13.7700,0.0360
80,0,13.8280,0.0580
4159,0,13.8610,0.0330
4149,0,13.8910,0.0300
4267,0,13.9160,0.0250
4819,0,13.9420,0.0260
4298,0,13.9550,0.0130
22,0,13.9710,0.0160
22,0,13.9860,0.0150
4106,0,14.0050,0.0190
19,0,14.0180,0.0130
4188,0,14.0350,0.0170
4131,0,14.0520,0.0170
4131,0,14.0700,0.0180
4131,0,14.0800,0.0100
4298,0,14.1280,0.0480
24,0,14.1440,0.0160
4,0,14.1910,0.0470
22,0,14.2060,0.0150
85,0,14.2180,0.0120
4298,0,14.2500,0.0320
4298,0,14.2660,0.0160
30,0,14.3120,0.0460
356,0,14.3620,0.0500
356,0,14.4090,0.0470
24,0,14.4400,0.0310
180,0,14.5510,0.1110
300,0,14.5680,0.0170
10,0,14.5840,0.0160
32,0,14.6030,0.0190
4787,0,14.9690,0.3660
4781,0,14.9840,0.0150
4328,0,15.0310,0.0470
22,0,15.0510,0.0200
23,0,15.1070,0.0560
23,0,15.1100,0.0030
50,0,15.1440,0.0340
50,0,15.1560,0.0120
22,0,15.1720,0.0160
356,0,15.3900,0.2180
180,0,15.5000,0.1100
4,0,15.5160,0.0160
4,0,15.5320,0.0160
4781,0,15.7040,0.1720
4159,0,15.8310,0.1270
4159,0,15.8620,0.0310
4159,0,15.8800,0.0180
4142,0,15.8920,0.0120
4139,0,15.9100,0.0180
4131,0,15.9260,0.0160
4158,0,15.9560,0.0300
4096,0,15.9740,0.0180
4131,0,15.9850,0.0110
4103,0,16.0030,0.0180
4158,0,16.0190,0.0160
51,0,16.0350,0.0160
4158,0,16.0500,0.0150
4132,0,16.0800,0.0300
4177,0,16.0970,0.0170
4108,5,16.1060,0.0090
5412,0,16.1100,0.0040
14,6,40.9440,24.8340
432,6,40.9630,0.0190
72,6,40.9780,0.0150
417,6,40.9910,0.0130
14,7,41.0060,0.0150
15,6,41.0220,0.0160
417,6,41.0540,0.0320
469,6,41.0690,0.0150
