SysID,Thread ID,time,inetrval
14,0,0.2360,0.2360
80,0,0.5800,0.3440
80,0,0.5980,0.0180
80,0,0.6100,0.0120
18,0,0.6280,0.0180
18,0,0.6740,0.0460
18,0,0.7810,0.1070
37,0,0.9690,0.1880
55,0,1.0190,0.0500
61,0,1.0470,0.0280
51,0,1.0780,0.0310
40,0,1.0940,0.0160
49,0,1.1730,0.0790
80,0,1.1900,0.0170
80,0,1.2040,0.0140
347,0,1.2380,0.0340
80,0,1.3440,0.1060
80,0,1.5000,0.1560
15,0,1.5320,0.0320
76,0,1.5780,0.0460
416,0,1.5940,0.0160
453,0,1.6270,0.0330
453,0,1.6730,0.0460
453,0,1.6890,0.0160
18,0,1.8280,0.1390
15,0,1.8440,0.0160
453,0,1.8590,0.0150
453,0,1.8750,0.0160
24,0,1.9260,0.0510
80,0,2.0320,0.1060
453,0,2.0650,0.0330
18,0,2.1110,0.0460
24,0,2.1460,0.0350
51,0,2.2820,0.1360
15,0,2.2980,0.0160
51,0,2.3290,0.0310
51,0,2.3440,0.0150
24,0,2.4360,0.0920
85,0,2.4370,0.0010
17,0,2.4580,0.0210
40,0,2.4660,0.0080
54,0,2.5170,0.0510
340,0,2.5390,0.0220
356,0,2.6040,0.0650
453,0,2.7180,0.1140
15,0,2.7340,0.0160
38,0,2.7660,0.0320
33,0,2.7810,0.0150
15,0,2.7970,0.0160
85,0,2.8290,0.0320
33,0,2.8470,0.0180
18,0,2.8590,0.0120
76,0,2.8750,0.0160
76,0,2.8910,0.0160
293,0,2.9390,0.0480
15,0,3.2720,0.3330
37,0,3.3780,0.1060
354,0,3.4010,0.0230
173,0,3.4080,0.0070
196,0,3.4270,0.0190
80,0,3.4420,0.0150
55,0,3.4550,0.0130
49,0,3.4730,0.0180
80,0,3.4860,0.0130
49,0,3.5030,0.0170
369,0,3.5180,0.0150
67,2,3.5310,0.0130
55,0,3.5630,0.0320
49,0,3.5790,0.0160
80,0,3.6100,0.0310
80,2,3.6410,0.0310
24,0,3.6570,0.0160
24,0,3.6910,0.0340
466,2,3.7030,0.0120
18,0,3.7230,0.0200
24,0,3.7360,0.0130
112,0,3.7670,0.0310
28,2,3.7810,0.0140
14,2,3.7980,0.0170
80,0,3.8130,0.0150
80,0,3.8280,0.0150
24,0,3.8490,0.0210
40,0,3.8910,0.0420
49,0,3.9060,0.0150
80,2,3.9250,0.0190
369,0,3.9530,0.0280
15,0,3.9690,0.0160
67,3,3.9900,0.0210
1,3,4.0000,0.0100
40,0,4.0170,0.0170
14,3,4.0340,0.0170
49,0,4.0500,0.0160
49,0,4.0640,0.0140
49,0,4.0800,0.0160
49,0,4.1370,0.0570
369,0,4.1400,0.0030
80,3,4.1420,0.0020
49,0,4.1770,0.0350
80,0,4.1900,0.0130
369,0,4.2000,0.0100
80,3,4.2030,0.0030
80,2,4.2180,0.0150
469,3,4.2370,0.0190
49,0,4.2500,0.0130
80,0,4.2660,0.0160
55,0,4.2970,0.0310
49,0,4.3140,0.0170
80,0,4.3440,0.0300
80,0,4.3780,0.0340
369,0,4.4530,0.0750
15,0,4.4870,0.0340
61,4,4.5000,0.0130
369,3,4.5940,0.0940
51,4,4.6090,0.0150
80,4,4.6260,0.0170
466,2,4.6410,0.0150
112,3,4.6570,0.0160
15,4,4.6740,0.0170
24,0,4.7040,0.0300
369,0,4.7200,0.0160
18,0,4.7390,0.0190
49,2,4.7510,0.0120
80,4,4.7660,0.0150
15,0,4.7830,0.0170
80,2,4.7970,0.0140
61,2,4.8120,0.0150
61,0,4.8330,0.0210
61,0,4.8330,0.0210
51,3,4.8500,0.0170
49,2,4.8590,0.0090
49,2,4.8590,0.0090
80,0,4.8750,0.0160
24,3,4.8900,0.0150
80,4,4.8910,0.0010
55,4,4.9070,0.0160
55,4,4.9230,0.0160
247,2,4.9390,0.0160
80,3,4.9680,0.0290
466,4,4.9850,0.0170466,4,4.9850,0.0170
80,4,5.0010,0.0160
15,3,5.0160,0.0150
18,2,5.0320,0.0160
15,4,5.0500,0.0180
15,4,5.0630,0.0130
61,4,5.0940,0.0310
80,0,5.1110,0.0170
80,3,5.1250,0.0140
28,4,5.1410,0.0160
28,3,5.1580,0.0170
15,2,5.1790,0.0210
112,4,5.1880,0.0090
18,2,5.2040,0.0160
15,2,5.2350,0.0310
33,2,5.5310,0.2960
18,2,5.5490,0.0180
51,2,5.5790,0.0300
140,2,5.6250,0.0460
80,2,5.6630,0.0380
369,2,5.6760,0.0130
15,2,5.6900,0.0140
51,0,5.7520,0.0620
76,0,5.7660,0.0140
51,0,5.7990,0.0330
76,0,5.8150,0.0160
51,0,5.8280,0.0130
76,0,5.8470,0.0190
76,0,5.8600,0.0130
76,0,5.8760,0.0160
51,0,5.8940,0.0180
76,0,5.9240,0.0300
416,0,5.9400,0.0160
24,0,5.9850,0.0450
73,0,6.1100,0.1250
73,0,6.1310,0.0210
18,0,6.2650,0.1340
23,0,6.2980,0.0330
24,0,6.3300,0.0320
24,0,6.3470,0.0170
35,0,6.3640,0.0170
416,0,6.4230,0.0590
416,0,6.4440,0.0210
453,0,6.4540,0.0100
25,0,6.4720,0.0180
192,0,6.4880,0.0160
51,0,6.5030,0.0150
7,0,6.5200,0.0170
35,0,6.5300,0.0100
416,0,6.5320,0.0020
453,0,6.5970,0.0650
453,0,6.7700,0.1730
453,0,6.8000,0.0300
453,0,6.8160,0.0160
35,0,6.9100,0.0940
35,0,6.9410,0.0310
35,0,6.9580,0.0170
35,0,6.9710,0.0130
35,0,6.9880,0.0170
24,0,7.0180,0.0300
73,0,7.0330,0.0150
35,0,7.0980,0.0650
24,0,7.1430,0.0450
416,0,7.1900,0.0470
35,0,7.2820,0.0920
35,0,7.3160,0.0340
35,0,7.3280,0.0120
24,0,7.6270,0.2990
416,0,7.7550,0.1280
54,0,7.7670,0.0120
140,0,7.7860,0.0190
25,0,7.7990,0.0130
453,0,7.8160,0.0170
18,0,7.8300,0.0140
18,0,7.8620,0.0320
18,0,7.8800,0.0180
15,0,7.8940,0.0140
24,0,7.9110,0.0170
80,0,7.9240,0.0130
51,0,8.1290,0.2050
51,0,8.1600,0.0310
61,0,8.1760,0.0160
35,0,8.2380,0.0620
37,0,8.2540,0.0160
4098,0,8.2690,0.0150
0,0,8.3160,0.0470
15,0,8.3290,0.0130
289,0,8.3500,0.0210
22,0,8.3610,0.0110
23,0,8.3950,0.0340
28,0,8.4090,0.0140
5,0,8.4240,0.0150
5349,0,8.4560,0.0320
24,0,8.4880,0.0320
416,0,8.5200,0.0320
35,0,8.5320,0.0120
416,0,8.5660,0.0340
35,0,8.5960,0.0300
22,0,8.6740,0.0780
15,0,8.6900,0.0160
35,0,8.7400,0.0500
35,0,8.7530,0.0130
35,0,8.7690,0.0160
444,0,8.7840,0.0150
356,0,8.8000,0.0160
35,0,8.8340,0.0340
356,0,8.8450,0.0110
33,0,8.8790,0.0340
22,0,8.8940,0.0150
22,0,8.9080,0.0140
22,0,8.9270,0.0190
22,0,8.9390,0.0120
282,0,8.9570,0.0180
33,0,8.9780,0.0210
22,0,8.9840,0.0060
35,0,9.0170,0.0330
453,0,9.0480,0.0310
72,0,9.0650,0.0170
64,0,9.0860,0.0210
453,0,9.0990,0.0130
453,0,9.1100,0.0110
35,0,9.1590,0.0490
22,0,9.2030,0.0440
4151,0,9.3610,0.1580
80,0,9.3780,0.0170
25,0,9.3930,0.0150
416,0,9.4240,0.0310
35,0,9.4540,0.0300
80,0,9.4690,0.0150
22,0,9.5180,0.0490
4151,0,9.5650,0.0470
453,0,9.5780,0.0130
51,0,9.6110,0.0330
17,0,9.6260,0.0150
105,0,9.6440,0.0180
4162,0,9.6750,0.0310
35,0,9.6890,0.0140
453,0,9.7210,0.0320
453,0,9.7520,0.0310
416,0,9.7680,0.0160
35,0,9.8000,0.0320
192,0,9.8950,0.0950
35,0,9.9080,0.0130
453,0,9.9260,0.0180
453,0,9.9410,0.0150
453,0,9.9610,0.0200
35,0,9.9700,0.0090
453,0,9.9870,0.0170
192,0,10.0330,0.0460
22,0,10.0490,0.0160
192,0,10.0630,0.0140
416,0,10.0960,0.0330
453,0,10.1430,0.0470
35,0,10.1730,0.0300
453,0,10.2220,0.0490
416,0,10.2360,0.0140
35,0,10.3170,0.0810
35,0,10.3300,0.0130
80,0,10.3470,0.0170
453,0,10.3750,0.0280
453,0,10.4000,0.0250
416,0,10.4070,0.0070
453,0,10.4550,0.0480
24,0,10.6100,0.1550
453,0,10.6590,0.0490
416,0,10.6740,0.0150
416,0,10.7030,0.0290
453,0,10.7530,0.0500
14,0,10.8150,0.0620
417,0,10.8330,0.0180
67,0,10.8470,0.0140
360,0,10.8950,0.0480
