SysID,Thread ID,time,inetrval
14,0,0.2350,0.2350
80,0,0.6090,0.3740
80,0,0.6250,0.0160
80,0,0.6410,0.0160
18,0,0.6870,0.0460
18,0,0.7980,0.1110
37,0,0.9860,0.1880
55,0,1.0190,0.0330
61,0,1.0470,0.0280
51,0,1.0780,0.0310
40,0,1.1100,0.0320
49,0,1.1720,0.0620
80,0,1.1880,0.0160
80,0,1.2040,0.0160
347,0,1.2360,0.0320
80,0,1.3430,0.1070
80,0,1.5160,0.1730
76,0,1.5640,0.0480
416,0,1.5910,0.0270
453,0,1.6090,0.0180
453,0,1.6400,0.0310
453,0,1.6560,0.0160
18,0,1.7970,0.1410
23,0,1.8170,0.0200
453,0,1.8280,0.0110
453,0,1.8600,0.0320
24,0,1.8760,0.0160
24,0,1.9840,0.1080
80,0,2.0000,0.0160
453,0,2.0440,0.0440
453,0,2.0470,0.0030
453,0,2.0630,0.0160
18,0,2.0820,0.0190
51,0,2.2500,0.1680
51,0,2.3130,0.0630
24,0,2.4380,0.1250
85,0,2.4540,0.0160
17,0,2.4790,0.0250
40,0,2.4850,0.0060
54,0,2.5620,0.0770
340,0,2.5780,0.0160
356,0,2.6410,0.0630
453,0,2.7520,0.1110
15,0,2.7680,0.0160
38,0,2.7990,0.0310
15,0,2.8300,0.0310
85,0,2.8450,0.0150
33,0,2.8640,0.0190
15,0,2.8790,0.0150
15,0,2.8920,0.0130
15,0,2.9090,0.0170
293,0,2.9540,0.0450
24,0,3.1560,0.2020
15,0,3.2230,0.0670
37,0,3.3910,0.1680
173,0,3.4220,0.0310
196,0,3.4380,0.0160
417,0,3.4560,0.0180
80,0,3.4690,0.0130
49,0,3.4880,0.0190
80,0,3.5000,0.0120
49,0,3.5180,0.0180
369,0,3.5340,0.0160
67,2,3.5470,0.0130
1,2,3.5790,0.0320
40,0,3.5940,0.0150
80,0,3.6100,0.0160
80,0,3.6400,0.0300
80,2,3.6560,0.0160
466,2,3.7030,0.0470
18,0,3.7210,0.0180
23,0,3.7380,0.0170
112,0,3.7660,0.0280
40,0,3.7830,0.0170
28,2,3.7970,0.0140
80,0,3.8130,0.0160
80,0,3.8280,0.0150
369,0,3.8450,0.0170
24,0,3.8590,0.0140
40,0,3.9060,0.0470
80,0,3.9210,0.0150
80,0,3.9220,0.0010
24,3,3.9370,0.0150
469,2,3.9530,0.0160
4,0,3.9680,0.0150
51,0,3.9890,0.0210
76,0,4.0010,0.0120
76,0,4.0330,0.0320
416,0,4.0490,0.0160
24,0,4.0940,0.0450
24,0,4.1150,0.0210
73,0,4.2520,0.1370
73,0,4.2660,0.0140
18,0,4.4400,0.1740
23,0,4.4700,0.0300
24,0,4.5160,0.0460
24,0,4.5470,0.0310
35,0,4.5780,0.0310
416,0,4.6870,0.1090
416,0,4.7200,0.0330
453,0,4.7360,0.0160
453,0,4.7510,0.0150
192,0,4.7690,0.0180
72,0,4.7850,0.0160
51,0,4.8150,0.0300
416,0,4.8280,0.0130
453,0,4.9060,0.0780
24,0,4.9690,0.0630
24,0,5.0160,0.0470
453,0,5.0950,0.0790
416,0,5.1090,0.0140
453,0,5.1410,0.0320
453,0,5.1560,0.0150
14,0,5.1720,0.0160
417,0,5.1870,0.0150
51,0,5.3310,0.1440
289,0,5.6090,0.2780
22,0,5.6250,0.0160
23,0,5.6570,0.0320
28,0,5.7200,0.0630
51,0,5.7400,0.0200
51,0,5.7880,0.0480
85,0,5.7990,0.0110
8,0,5.8140,0.0150
80,0,5.9380,0.1240
24,0,5.9850,0.0470
18,0,6.0320,0.0470
201,0,6.0490,0.0170
18,0,6.0630,0.0140
18,0,6.0790,0.0160
453,0,6.0950,0.0160
33,0,6.1890,0.0940
15,0,6.2060,0.0170
18,0,6.2210,0.0150
25,0,6.2680,0.0470
247,0,6.2810,0.0130
33,0,6.3450,0.0640
18,0,6.3690,0.0240
19,0,6.3790,0.0100
19,0,6.4510,0.0720
15,0,6.4530,0.0020
18,0,6.4690,0.0160
23,0,6.4850,0.0160
15,0,6.5010,0.0160
18,0,6.5170,0.0160
140,0,6.7500,0.2330
340,0,6.7970,0.0470
24,0,6.8280,0.0310
82,0,6.8430,0.0150
4,0,6.8590,0.0160
25,0,7.2980,0.4390
44,0,7.3160,0.0180
15,0,7.3630,0.0470
15,0,7.4080,0.0450
15,0,7.4240,0.0160
15,0,7.4430,0.0190
15,0,7.5200,0.0770
15,0,7.5500,0.0300
15,0,7.5650,0.0150
