SysID,Thread ID,time,inetrval
14,0,0.2210,0.2210
80,0,0.5470,0.3260
80,0,0.5840,0.0370
80,0,0.5940,0.0100
18,0,0.6090,0.0150
18,0,0.6600,0.0510
18,0,0.7660,0.1060
37,0,0.9380,0.1720
55,0,0.9700,0.0320
61,0,1.0030,0.0330
51,0,1.0360,0.0330
49,0,1.1310,0.0950
80,0,1.1430,0.0120
80,0,1.1570,0.0140
80,0,1.3130,0.1560
80,0,1.4690,0.1560
15,0,1.4850,0.0160
76,0,1.5160,0.0310
416,0,1.5800,0.0640
453,0,1.5940,0.0140
453,0,1.6250,0.0310
453,0,1.6600,0.0350
18,0,1.7810,0.1210
23,0,1.7970,0.0160
453,0,1.8120,0.0150
453,0,1.8430,0.0310
24,0,1.8640,0.0210
24,0,1.9530,0.0890
80,0,1.9690,0.0160
80,0,1.9840,0.0150
453,0,2.0000,0.0160
18,0,2.0310,0.0310
51,0,2.1720,0.1410
15,0,2.1870,0.0150
51,0,2.2190,0.0320
24,0,2.3120,0.0930
85,0,2.3280,0.0160
17,0,2.3450,0.0170
54,0,2.4060,0.0610
340,0,2.4230,0.0170
356,0,2.4870,0.0640
453,0,2.5940,0.1070
15,0,2.6100,0.0160
38,0,2.6400,0.0300
33,0,2.6560,0.0160
15,0,2.6720,0.0160
85,0,2.6870,0.0150
33,0,2.7030,0.0160
18,0,2.7190,0.0160
76,0,2.7340,0.0150
453,0,2.7550,0.0210
293,0,2.7970,0.0420
24,0,3.0010,0.2040
15,0,3.0640,0.0630
37,0,3.1640,0.1000
354,0,3.1750,0.0110
173,0,3.1920,0.0170
144,0,3.2090,0.0170
196,0,3.2130,0.0040
417,0,3.2180,0.0050
80,0,3.2510,0.0330
40,0,3.2770,0.0260
49,0,3.2810,0.0040
80,0,3.2990,0.0180
49,0,3.3130,0.0140
369,0,3.3280,0.0150
15,0,3.3480,0.0200
67,2,3.3590,0.0110
55,0,3.3760,0.0170
49,0,3.3910,0.0150
469,2,3.4060,0.0150
80,0,3.4530,0.0470
24,2,3.5000,0.0470
466,0,3.5160,0.0160
18,2,3.5360,0.0200
112,2,3.5650,0.0290
28,2,3.5790,0.0140
55,0,3.5940,0.0150
40,0,3.6260,0.0320
15,0,3.6450,0.0190
24,0,3.6560,0.0110
112,0,3.6730,0.0170
80,2,3.7190,0.0460
49,0,3.7340,0.0150
369,0,3.7500,0.0160
49,0,3.7670,0.0170
80,0,3.7970,0.0300
80,0,3.8130,0.0160

80,0,3.8130,0.0160
80,0,3.8280,0.0150
466,3,3.8480,0.0200
112,0,3.8570,0.0090
14,3,3.8590,0.0020
49,0,3.8760,0.0170
49,0,3.9080,0.0320
80,3,3.9230,0.0150
49,0,3.9390,0.0160
369,0,3.9530,0.0140
469,3,3.9740,0.0210
18,0,3.9850,0.0110
14,2,4.0000,0.0150
24,0,4.0310,0.0310
369,0,4.0550,0.0240
24,0,4.0640,0.0090
4,0,4.0750,0.0110
40,2,4.0940,0.0190
49,2,4.1090,0.0150
80,2,4.1260,0.0170

80,2,4.1260,0.0170
18,4,4.1410,0.0150
369,2,4.1710,0.0300
15,2,4.1870,0.0160
469,2,4.2190,0.0320
49,4,4.2400,0.0210
80,3,4.2460,0.0060
469,4,4.2500,0.0040
14,3,4.2500,0.0040
51,0,4.3040,0.0540
76,0,4.3130,0.0090
51,0,4.3440,0.0310
76,0,4.3710,0.0270
76,0,4.3750,0.0040
15,0,4.3980,0.0230
76,0,4.4060,0.0080
416,0,4.4240,0.0180
24,0,4.5160,0.0920
24,0,4.5320,0.0160
73,0,4.6560,0.1240
73,0,4.6720,0.0160
18,0,4.8140,0.1420
23,0,4.8440,0.0300
24,0,4.8750,0.0310
24,0,4.9070,0.0320
416,0,4.9720,0.0650
416,0,5.0010,0.0290
453,0,5.0210,0.0200
453,0,5.0330,0.0120
51,0,5.0640,0.0310
416,0,5.0880,0.0240
453,0,5.1670,0.0790
453,0,5.1730,0.0060
24,0,5.2550,0.0820
453,0,5.3140,0.0590
453,0,5.3380,0.0240
416,0,5.3440,0.0060
453,0,5.3620,0.0180
453,0,5.3900,0.0280
35,0,5.4850,0.0950
35,0,5.5150,0.0300
35,0,5.5450,0.0300
35,0,5.5470,0.0020
24,0,5.5710,0.0240
24,0,5.5940,0.0230
73,0,5.6090,0.0150
35,0,5.6720,0.0630
24,0,5.7190,0.0470
24,0,5.7340,0.0150
416,0,5.7660,0.0320
35,0,5.8440,0.0780
35,0,5.8600,0.0160
35,0,5.8760,0.0160
35,0,5.8930,0.0170
416,0,6.2810,0.3880
54,0,6.2970,0.0160
80,0,6.3120,0.0150
140,0,6.3280,0.0160
25,0,6.3440,0.0160
18,0,6.3590,0.0150
18,0,6.3770,0.0180
18,0,6.4090,0.0320
18,0,6.4250,0.0160
18,0,6.4370,0.0120
37,0,6.4590,0.0220
80,0,6.4870,0.0280
247,0,6.5810,0.0940
33,0,6.6290,0.0480
18,0,6.6450,0.0160
18,0,6.6590,0.0140
19,0,6.7210,0.0620
18,0,6.7380,0.0170
18,0,6.7540,0.0160
15,0,6.7700,0.0160
18,0,6.7900,0.0200
35,0,7.0660,0.2760
35,0,7.0850,0.0190
4101,0,7.0960,0.0110
297,0,7.1170,0.0210
0,0,7.1640,0.0470
15,0,7.1750,0.0110
289,0,7.1910,0.0160
22,0,7.2100,0.0190
289,0,7.2220,0.0120
23,0,7.2400,0.0180
28,0,7.2690,0.0290
5349,0,7.2990,0.0300
416,0,7.3600,0.0610
416,0,7.3810,0.0210
4151,0,7.4090,0.0280
453,0,7.4230,0.0140
51,0,7.5180,0.0950
74,0,7.5340,0.0160
33,0,7.5480,0.0140
18,0,7.5660,0.0180
17,0,7.5810,0.0150
140,0,7.6110,0.0300
15,0,7.6280,0.0170
105,0,7.6590,0.0310
4162,0,7.6720,0.0130
35,0,7.6910,0.0190
25,0,7.7050,0.0140
14,0,7.7340,0.0290
450,0,7.7610,0.0270
35,0,7.7670,0.0060
35,0,7.7910,0.0240
72,0,7.8910,0.1000
51,0,7.9570,0.0660
340,0,7.9870,0.0300
33,0,8.0180,0.0310
18,0,8.0410,0.0230
72,0,8.0510,0.0100
341,0,8.0650,0.0140
23,0,8.0810,0.0160
18,0,8.0950,0.0140
18,0,8.1280,0.0330
18,0,8.1390,0.0110
23,0,8.1640,0.0250
85,0,8.2200,0.0560
74,0,8.2350,0.0150
18,0,8.2540,0.0190
23,0,8.2680,0.0140
4,0,8.3140,0.0460
4,0,8.3770,0.0630
80,0,8.4220,0.0450
51,0,8.4380,0.0160
61,0,8.4550,0.0170
85,0,8.4700,0.0150
85,0,8.4860,0.0160
15,0,8.5010,0.0150
51,0,8.5330,0.0320
51,0,8.5800,0.0470
51,0,8.5960,0.0160
73,0,8.6100,0.0140
15,0,8.6270,0.0170
37,0,8.6590,0.0320
40,0,8.6740,0.0150
49,0,8.6880,0.0140
80,3,8.7030,0.0150
15,0,8.7180,0.0150
61,4,8.7180,0.0150

1,2,8.7340,0.0160


netrval
        
369,2,8.7500,0.0160
22,0,8.8610,0.1110
22,0,8.8770,0.0160
24,0,8.9390,0.0620
356,0,8.9530,0.0140
444,0,8.9730,0.0200
356,0,8.9860,0.0130
356,0,9.0340,0.0480
33,0,9.0670,0.0330
22,0,9.0820,0.0150
22,0,9.0960,0.0140
22,0,9.1120,0.0160
22,0,9.1260,0.0140
72,0,9.1410,0.0150
22,0,9.1630,0.0220
22,0,9.1720,0.0090
22,0,9.2270,0.0550
453,0,9.2380,0.0110
72,0,9.2550,0.0170
453,0,9.2720,0.0170
453,0,9.2830,0.0110
61,0,9.3490,0.0660
42,0,9.3610,0.0120
22,0,9.3940,0.0330
416,0,9.4140,0.0200
192,0,9.4430,0.0290
23,0,9.4550,0.0120
192,0,9.4700,0.0150
416,0,9.5020,0.0320
453,0,9.5530,0.0510
416,0,9.5650,0.0120
453,0,9.6310,0.0660
416,0,9.6420,0.0110
453,0,9.6760,0.0340
61,0,9.6900,0.0140
51,0,9.7060,0.0160
4,0,9.7240,0.0180
4,0,9.7540,0.0300
61,0,9.7970,0.0430
4,0,9.8180,0.0210
24,0,9.8290,0.0110
24,0,9.8610,0.0320
5254,0,10.0720,0.2110
8,0,10.0800,0.0080
5254,0,10.1130,0.0330
5254,0,10.1380,0.0250
5254,0,10.1600,0.0220
5254,0,10.1720,0.0120
5254,0,10.2030,0.0310
5254,0,10.2360,0.0330
5254,0,10.2680,0.0320
5254,0,10.2970,0.0290
5254,0,10.3150,0.0180
5254,0,10.3450,0.0300
5254,0,10.3610,0.0160
5254,0,10.3940,0.0330
5254,0,10.4120,0.0180
5254,0,10.4440,0.0320
5254,0,10.4690,0.0250
5254,0,10.4840,0.0150
5254,0,10.5160,0.0320
5254,0,10.5470,0.0310
5254,0,10.6090,0.0620
5254,0,10.6250,0.0160
5254,0,10.6410,0.0160
5254,0,10.6560,0.0150
5254,0,10.6720,0.0160
5254,0,10.7030,0.0310
39,0,10.7340,0.0310
51,0,10.7500,0.0160
5254,0,10.7810,0.0310
5254,0,10.8120,0.0310
30,0,10.8280,0.0160
30,0,10.8440,0.0160
22,0,10.8590,0.0150
23,0,10.8750,0.0160
24,0,10.9370,0.0620
22,0,10.9690,0.0320
23,0,10.9840,0.0150
37,0,11.0000,0.0160
369,0,11.0180,0.0180
49,0,11.0300,0.0120
55,0,11.0310,0.0010
55,0,11.0460,0.0150
80,4,11.0470,0.0010
80,4,11.0650,0.0180
22,0,11.1410,0.0760
4151,0,11.2680,0.1270
80,0,11.2870,0.0190
54,0,11.2990,0.0120
416,0,11.3170,0.0180
85,0,11.3300,0.0130
340,0,11.3470,0.0170
416,0,11.3790,0.0320
453,0,11.4250,0.0460
453,0,11.4410,0.0160
72,0,11.5470,0.1060
416,0,11.5670,0.0200
453,0,11.5940,0.0270
416,0,11.6170,0.0230
22,0,11.6480,0.0310
14,0,11.6580,0.0100
80,0,11.7980,0.1400
15,0,11.8140,0.0160
15,0,11.8300,0.0160
80,0,11.9100,0.0800
80,0,11.9250,0.0150
13,0,11.9410,0.0160
15,0,11.9560,0.0150
15,0,11.9890,0.0330
15,0,12.0640,0.0750
80,0,12.0790,0.0150
4275,0,12.0980,0.0190
15,0,12.1120,0.0140
80,0,12.1400,0.0280
96,0,12.1720,0.0320
61,0,12.2870,0.1150
61,0,12.3040,0.0170
80,0,12.3120,0.0080
18,0,12.3930,0.0810
18,0,12.4080,0.0150
297,0,12.4290,0.0210
15,0,12.4400,0.0110
453,0,12.4550,0.0150
25,0,12.5190,0.0640
51,0,12.5330,0.0140
323,0,12.5490,0.0160
51,0,12.5680,0.0190
25,0,12.5800,0.0120
15,0,12.5990,0.0190
18,0,12.6140,0.0150
76,0,12.6260,0.0120
25,0,12.6560,0.0300
140,0,12.7070,0.0510
340,0,12.7690,0.0620
85,0,12.8150,0.0460
15,0,12.8770,0.0620
82,0,12.8950,0.0180
15,0,12.9080,0.0130
4,0,12.9220,0.0140
