SysID,Thread ID,time,inetrval
14,0,0.2520,0.2520
80,0,0.5470,0.2950
80,0,0.5630,0.0160
18,0,0.5780,0.0150
18,0,0.6260,0.0480
18,0,0.7330,0.1070
23,0,0.7350,0.0020
37,0,0.8940,0.1590
55,0,0.9250,0.0310
61,0,0.9560,0.0310
51,0,0.9870,0.0310
49,0,1.0510,0.0640
80,0,1.0790,0.0280
347,0,1.1010,0.0220
80,0,1.1910,0.0900
80,0,1.3290,0.1380
15,0,1.3450,0.0160
76,0,1.3750,0.0300
416,0,1.4060,0.0310
453,0,1.4380,0.0320
453,0,1.4690,0.0310
453,0,1.4860,0.0170
18,0,1.5950,0.1090
23,0,1.6110,0.0160
453,0,1.6260,0.0150
453,0,1.6460,0.0200
24,0,1.6600,0.0140
24,0,1.7500,0.0900
80,0,1.7810,0.0310
453,0,1.8000,0.0190
18,0,1.8290,0.0290
51,0,1.9550,0.1260
348,0,1.9670,0.0120
15,0,1.9690,0.0020
51,0,1.9910,0.0220
51,0,2.0010,0.0100
24,0,2.0660,0.0650
85,0,2.0780,0.0120
17,0,2.0970,0.0190
54,0,2.1870,0.0900
356,0,2.2670,0.0800
453,0,2.3750,0.1080
15,0,2.3930,0.0180
38,0,2.4060,0.0130
297,0,2.4220,0.0160
15,0,2.4460,0.0240
85,0,2.4550,0.0090
33,0,2.4720,0.0170
18,0,2.4870,0.0150
76,0,2.5030,0.0160
453,0,2.5190,0.0160
293,0,2.5470,0.0280
24,0,2.7520,0.2050
15,0,2.8130,0.0610
37,0,2.9110,0.0980
354,0,2.9270,0.0160
173,0,2.9370,0.0100
417,0,2.9670,0.0300
417,0,2.9690,0.0020
55,0,3.0040,0.0350
49,0,3.0150,0.0110
49,0,3.0370,0.0220
369,0,3.0500,0.0130
67,2,3.0790,0.0290
1,2,3.0940,0.0150
49,0,3.1090,0.0150
369,2,3.1570,0.0480
80,0,3.1720,0.0150
466,3,3.2030,0.0310
24,0,3.2350,0.0320
466,2,3.2550,0.0200
24,0,3.2690,0.0140
112,0,3.2990,0.0300
55,0,3.3130,0.0140
469,3,3.3280,0.0150
469,3,3.3470,0.0190
24,2,3.3610,0.0140
112,2,3.3750,0.0140
24,0,3.4070,0.0320
369,0,3.4530,0.0460
15,0,3.4690,0.0160
55,0,3.4840,0.0150
469,2,3.5000,0.0160
49,0,3.5150,0.0150
49,0,3.5350,0.0200
466,2,3.5470,0.0120
80,2,3.5630,0.0160
18,0,3.5790,0.0160
469,2,3.6090,0.0300
369,0,3.6600,0.0510
51,2,3.6720,0.0120
80,3,3.7320,0.0600
67,4,3.7340,0.0020
76,0,3.7550,0.0210
51,0,3.7690,0.0140
76,0,3.8010,0.0320
76,0,3.8150,0.0140
416,0,3.8280,0.0130
416,0,3.8510,0.0230
453,0,3.8800,0.0290
453,0,3.8930,0.0130
453,0,3.9100,0.0170
24,0,3.9560,0.0460
73,0,4.0820,0.1260
24,0,4.0970,0.0150
18,0,4.2210,0.1240
23,0,4.2390,0.0180
23,0,4.2520,0.0130
24,0,4.3070,0.0550
24,0,4.3120,0.0050
35,0,4.3590,0.0470
416,0,4.4540,0.0950
453,0,4.4690,0.0150
192,0,4.4850,0.0160
51,0,4.5160,0.0310
453,0,4.5810,0.0650
24,0,4.6450,0.0640
24,0,4.6720,0.0270
453,0,4.7370,0.0650
453,0,4.7850,0.0480
453,0,4.7990,0.0140
340,0,4.8200,0.0210
24,0,4.8240,0.0040
35,0,4.8950,0.0710
35,0,4.9140,0.0190
35,0,4.9480,0.0340
35,0,4.9550,0.0070
35,0,4.9780,0.0230
35,0,4.9880,0.0100
73,0,5.0380,0.0500
24,0,5.0470,0.0090
24,0,5.1750,0.1280
35,0,5.2110,0.0360
25,0,5.2210,0.0100
24,0,5.2410,0.0200
51,0,5.2500,0.0090
15,0,5.2710,0.0210
51,0,5.2820,0.0110
35,0,5.3190,0.0370
416,0,5.3320,0.0130
24,0,5.6120,0.2800
14,0,5.7820,0.1700
417,0,5.7980,0.0160
14,0,5.8130,0.0150
360,0,5.8600,0.0470
