SysID,Thread ID,time,inetrval
14,0,0.2230,0.2230
80,0,0.5470,0.3240
80,0,0.5660,0.0190
18,0,0.5770,0.0110
18,0,0.5780,0.0010
33,0,0.5940,0.0160
18,0,0.6430,0.0490
18,0,0.7520,0.1090
37,0,0.9390,0.1870
55,0,0.9730,0.0340
61,0,1.0020,0.0290
51,0,1.0320,0.0300
49,0,1.1110,0.0790
80,0,1.1290,0.0180
347,0,1.1610,0.0320
80,0,1.2670,0.1060
80,0,1.4240,0.1570
15,0,1.4370,0.0130
76,0,1.4910,0.0540
416,0,1.5000,0.0090
453,0,1.5360,0.0360
453,0,1.5630,0.0270
453,0,1.6100,0.0470
18,0,1.7350,0.1250
453,0,1.7510,0.0160
453,0,1.7830,0.0320
24,0,1.8300,0.0470
80,0,1.9090,0.0790
453,0,1.9260,0.0170
453,0,1.9400,0.0140
18,0,1.9660,0.0260
23,0,1.9690,0.0030
24,0,1.9860,0.0170
51,0,2.0940,0.1080
15,0,2.1140,0.0200
51,0,2.1410,0.0270
24,0,2.2360,0.0950
85,0,2.2540,0.0180
17,0,2.2740,0.0200
54,0,2.3440,0.0700
340,0,2.3610,0.0170
356,0,2.4370,0.0760
453,0,2.5480,0.1110
15,0,2.5640,0.0160
38,0,2.5960,0.0320
15,0,2.6270,0.0310
85,0,2.6410,0.0140
33,0,2.6720,0.0310
15,0,2.6880,0.0160
85,0,2.7030,0.0150
293,0,2.7520,0.0490
15,0,3.0160,0.2640
37,0,3.1090,0.0930
354,0,3.1250,0.0160
205,0,3.1410,0.0160
196,0,3.1560,0.0150
80,0,3.1720,0.0160
55,0,3.1870,0.0150
40,0,3.2030,0.0160
49,0,3.2200,0.0170
40,0,3.2370,0.0170
49,0,3.2510,0.0140
369,0,3.2820,0.0310
67,2,3.2970,0.0150
55,0,3.3280,0.0310
469,2,3.3440,0.0160
80,0,3.3910,0.0470
80,0,3.4070,0.0160
24,2,3.4380,0.0310
466,0,3.4540,0.0160
18,2,3.4700,0.0160
112,2,3.5210,0.0510
28,2,3.5300,0.0090
14,2,3.5470,0.0170
469,2,3.5780,0.0310
24,0,3.6100,0.0320
40,0,3.6400,0.0300
49,0,3.6570,0.0170
369,0,3.6720,0.0150
15,0,3.6890,0.0170
80,2,3.7030,0.0140
15,0,3.7190,0.0160
80,3,3.7360,0.0170
469,3,3.7500,0.0140
24,0,3.7680,0.0180
49,0,3.7830,0.0150
49,0,3.7970,0.0140
369,0,3.8160,0.0190
14,3,3.8260,0.0100
49,0,3.8280,0.0020
369,0,3.8470,0.0190
80,3,3.8580,0.0110
67,4,3.8600,0.0020
369,0,3.8920,0.0320
55,0,3.9060,0.0140
49,0,3.9220,0.0160
369,0,3.9400,0.0180
49,0,3.9530,0.0130
80,3,3.9690,0.0160
28,3,3.9850,0.0160
14,3,4.0000,0.0150
18,0,4.0160,0.0160
51,0,4.0350,0.0190
369,0,4.0810,0.0460
369,0,4.0940,0.0130
inetrval
        
356,2,4.1090,0.0150
466,4,4.1260,0.0170
49,3,4.1420,0.0160
18,2,4.1720,0.0300
369,3,4.2030,0.0310
80,3,4.2190,0.0160
28,3,4.2370,0.0180
61,2,4.2500,0.0130

inetrval
       

61,2,4.2500,0.0130

inetrval
       

49,4,4.2660,0.0160
49,4,4.2660,0.0160
112,2,4.2810,0.0150
24,3,4.2980,0.0170
49,2,4.3130,0.0150
80,2,4.3310,0.0180
51,0,4.3910,0.0600
76,0,4.4060,0.0150
51,0,4.4230,0.0170
76,0,4.4390,0.0160
76,0,4.4530,0.0140
51,0,4.5010,0.0480
76,0,4.5160,0.0150
76,0,4.5330,0.0170
76,0,4.5490,0.0160
51,0,4.5660,0.0170
76,0,4.5780,0.0120
416,0,4.5980,0.0200
24,0,4.6560,0.0580
73,0,4.7820,0.1260
24,0,4.7980,0.0160
18,0,4.9070,0.1090
23,0,4.9280,0.0210
23,0,4.9380,0.0100
24,0,4.9880,0.0500
24,0,5.0020,0.0140
35,0,5.0330,0.0310
416,0,5.0810,0.0480
416,0,5.0980,0.0170
453,0,5.1110,0.0130
25,0,5.1280,0.0170
72,0,5.1440,0.0160
51,0,5.1590,0.0150
35,0,5.1760,0.0170
453,0,5.2530,0.0770
24,0,5.3290,0.0760
24,0,5.3920,0.0630
453,0,5.4250,0.0330
24,0,5.4710,0.0460
416,0,5.4890,0.0180
35,0,5.5650,0.0760
35,0,5.5820,0.0170
35,0,5.6120,0.0300
35,0,5.6300,0.0180
35,0,5.6440,0.0140
73,0,5.6890,0.0450
73,0,5.7030,0.0140
35,0,5.7560,0.0530
24,0,5.8130,0.0570
416,0,5.8640,0.0510
35,0,5.9490,0.0850
35,0,5.9530,0.0040
35,0,5.9730,0.0200
24,0,6.0500,0.0770
24,0,6.2850,0.2350
416,0,6.3630,0.0780
54,0,6.3880,0.0250
80,0,6.3930,0.0050
140,0,6.4120,0.0190
25,0,6.4240,0.0120
453,0,6.4450,0.0210
18,0,6.4560,0.0110
18,0,6.4870,0.0310
18,0,6.5100,0.0230
18,0,6.5200,0.0100
37,0,6.5390,0.0190
80,0,6.5670,0.0280
247,0,6.6910,0.1240
33,0,6.7530,0.0620
18,0,6.7670,0.0140
19,0,6.8300,0.0630
15,0,6.8530,0.0230
18,0,6.8620,0.0090
15,0,6.8920,0.0300
51,0,7.1760,0.2840
51,0,7.2100,0.0340
51,0,7.2230,0.0130
35,0,7.2830,0.0600
4101,0,7.3010,0.0180
4224,0,7.3180,0.0170
297,0,7.3290,0.0110
0,0,7.3750,0.0460
289,0,7.4070,0.0320
22,0,7.4220,0.0150
23,0,7.4540,0.0320
28,0,7.4720,0.0180
18,0,7.4870,0.0150
5349,0,7.5030,0.0160
416,0,7.5190,0.0160
416,0,7.5670,0.0480
35,0,7.5820,0.0150
35,0,7.6120,0.0300
192,0,7.7090,0.0970
35,0,7.7200,0.0110
453,0,7.7520,0.0320
453,0,7.7700,0.0180
35,0,7.7850,0.0150
453,0,7.7960,0.0110
453,0,7.7970,0.0010
35,0,7.8300,0.0330
24,0,7.8940,0.0640
15,0,7.9100,0.0160
35,0,7.9720,0.0620
35,0,7.9890,0.0170
444,0,8.0030,0.0140
356,0,8.0190,0.0160
35,0,8.0340,0.0150
35,0,8.0520,0.0180
356,0,8.0650,0.0130
33,0,8.0970,0.0320
22,0,8.1130,0.0160
22,0,8.1290,0.0160
18,0,8.1440,0.0150
22,0,8.1610,0.0170
282,0,8.1780,0.0170
33,0,8.1930,0.0150
35,0,8.2390,0.0460
22,0,8.2550,0.0160
72,0,8.2710,0.0160
64,0,8.2890,0.0180
453,0,8.3010,0.0120
453,0,8.3160,0.0150
35,0,8.3500,0.0340
22,0,8.3910,0.0410
4151,0,8.5340,0.1430
80,0,8.5480,0.0140
25,0,8.5670,0.0190
416,0,8.5810,0.0140
35,0,8.6110,0.0300
35,0,8.6280,0.0170
80,0,8.6430,0.0150
22,0,8.6720,0.0290
416,0,8.6930,0.0210
4151,0,8.7360,0.0430
453,0,8.7540,0.0180
51,0,8.8300,0.0760
33,0,8.8610,0.0310
18,0,8.8780,0.0170
73,0,8.8930,0.0150
140,0,8.9240,0.0310
105,0,8.9560,0.0320
105,0,8.9720,0.0160
4162,0,8.9880,0.0160
35,0,9.0030,0.0150
416,0,9.0180,0.0150
416,0,9.0480,0.0300
453,0,9.0790,0.0310
453,0,9.1120,0.0330
416,0,9.1270,0.0150
453,0,9.1610,0.0340
453,0,9.1750,0.0140
453,0,9.2070,0.0320
416,0,9.2220,0.0150
453,0,9.2540,0.0320
14,0,9.2690,0.0150
417,0,9.2860,0.0170
14,0,9.2980,0.0120
360,0,9.3460,0.0480
