SysID,Thread ID,time,inetrval
14,0,0.2370,0.2370
80,0,0.5640,0.3270
80,0,0.5780,0.0140
18,0,0.5940,0.0160
18,0,0.6600,0.0660
18,0,0.7500,0.0900
23,0,0.7650,0.0150
37,0,0.9400,0.1750
55,0,0.9710,0.0310
61,0,1.0040,0.0330
51,0,1.0210,0.0170
40,0,1.0320,0.0110
49,0,1.0940,0.0620
80,0,1.1120,0.0180
80,0,1.1270,0.0150
347,0,1.1570,0.0300
80,0,1.2500,0.0930
80,0,1.4070,0.1570
15,0,1.4230,0.0160
76,0,1.4710,0.0480
416,0,1.4970,0.0260
453,0,1.5160,0.0190
453,0,1.5480,0.0320
453,0,1.5630,0.0150
18,0,1.6880,0.1250
453,0,1.7200,0.0320
453,0,1.7380,0.0180
24,0,1.7510,0.0130
24,0,1.8440,0.0930
80,0,1.8750,0.0310
453,0,1.8950,0.0200
18,0,1.9230,0.0280
51,0,2.1250,0.2020
51,0,2.1590,0.0340
24,0,2.2510,0.0920
85,0,2.2660,0.0150
74,0,2.2820,0.0160
54,0,2.3460,0.0640
356,0,2.4240,0.0780
453,0,2.5320,0.1080
15,0,2.5470,0.0150
38,0,2.5690,0.0220
297,0,2.5740,0.0050
33,0,2.5810,0.0070
15,0,2.5950,0.0140
85,0,2.6120,0.0170
33,0,2.6430,0.0310
15,0,2.6610,0.0180
85,0,2.6740,0.0130
293,0,2.7210,0.0470
24,0,2.9070,0.1860
15,0,2.9710,0.0640
37,0,3.1100,0.1390
354,0,3.1250,0.0150
173,0,3.1420,0.0170
196,0,3.1560,0.0140
417,0,3.1720,0.0160
55,0,3.1930,0.0210
49,0,3.2060,0.0130
80,0,3.2230,0.0170
49,0,3.2370,0.0140
369,0,3.2540,0.0170
15,0,3.2650,0.0110
55,0,3.2970,0.0320
469,2,3.3120,0.0150
80,2,3.3600,0.0480
24,2,3.4060,0.0460
18,2,3.4220,0.0160
24,2,3.4380,0.0160
466,0,3.4530,0.0150
112,2,3.4840,0.0310
55,0,3.5010,0.0170
40,0,3.5160,0.0150
80,0,3.5470,0.0310
24,0,3.5780,0.0310
40,0,3.6100,0.0320
24,2,3.6250,0.0150
49,0,3.6250,0.0150
369,0,3.6400,0.0150
466,2,3.6570,0.0170
112,0,3.6740,0.0170
80,3,3.6910,0.0170
49,0,3.7070,0.0160
49,0,3.7190,0.0120
49,0,3.7370,0.0180
55,0,3.7550,0.0180
49,0,3.7660,0.0110
369,0,3.7840,0.0180
49,0,3.7980,0.0140
369,0,3.8140,0.0160
469,2,3.8280,0.0140
18,0,3.8460,0.0180
80,3,3.8590,0.0130
14,3,3.8750,0.0160
24,0,3.9070,0.0320
369,0,3.9250,0.0180
4,0,3.9380,0.0130
356,4,3.9530,0.0150
51,3,3.9700,0.0170
74,3,3.9840,0.0140
18,4,4.0000,0.0160
80,3,4.0320,0.0320
80,3,4.0630,0.0310
61,4,4.0780,0.0150
49,4,4.0930,0.0150
469,4,4.1090,0.0160
51,0,4.1610,0.0520
51,0,4.1750,0.0140
51,0,4.2060,0.0310
76,0,4.2220,0.0160
76,0,4.2380,0.0160
76,0,4.2650,0.0270
416,0,4.2820,0.0170
24,0,4.3610,0.0790
73,0,4.5020,0.1410
24,0,4.5200,0.0180
18,0,4.6460,0.1260
23,0,4.6590,0.0130
23,0,4.6740,0.0150
24,0,4.7220,0.0480
24,0,4.7380,0.0160
35,0,4.7530,0.0150
416,0,4.8000,0.0470
416,0,4.8320,0.0320
453,0,4.8490,0.0170
192,0,4.8630,0.0140
72,0,4.8780,0.0150
51,0,4.8930,0.0150
35,0,4.9100,0.0170
453,0,4.9870,0.0770
24,0,5.0810,0.0940
453,0,5.1440,0.0630
416,0,5.1600,0.0160
453,0,5.1920,0.0320
453,0,5.2070,0.0150
416,0,5.2220,0.0150
35,0,5.2990,0.0770
35,0,5.3160,0.0170
35,0,5.3470,0.0310
35,0,5.3620,0.0150
35,0,5.3790,0.0170
24,0,5.4190,0.0400
73,0,5.4220,0.0030
35,0,5.4840,0.0620
24,0,5.6210,0.1370
416,0,5.6600,0.0390
35,0,5.7340,0.0740
35,0,5.7520,0.0180
35,0,5.7690,0.0170
24,0,6.1110,0.3420
416,0,6.1760,0.0650
54,0,6.1910,0.0150
140,0,6.2220,0.0310
25,0,6.2380,0.0160
453,0,6.2540,0.0160
18,0,6.2650,0.0110
18,0,6.2990,0.0340
18,0,6.3150,0.0160
18,0,6.3290,0.0140
37,0,6.3460,0.0170
80,0,6.3780,0.0320
247,0,6.4700,0.0920
33,0,6.5350,0.0650
18,0,6.5510,0.0160
19,0,6.6150,0.0640
18,0,6.6260,0.0110
23,0,6.6460,0.0200
15,0,6.6590,0.0130
18,0,6.6750,0.0160
35,0,6.9700,0.2950
4101,0,6.9890,0.0190
4224,0,7.0040,0.0150
0,0,7.0500,0.0460
15,0,7.0660,0.0160
289,0,7.0810,0.0150
22,0,7.0970,0.0160
23,0,7.1280,0.0310
28,0,7.1430,0.0150
5,0,7.1570,0.0140
5349,0,7.1730,0.0160
416,0,7.1900,0.0170
416,0,7.2520,0.0620
35,0,7.2670,0.0150
4151,0,7.3000,0.0330
453,0,7.3160,0.0160
51,0,7.4070,0.0910
33,0,7.4210,0.0140
18,0,7.4430,0.0220
17,0,7.4570,0.0140
73,0,7.4720,0.0150
140,0,7.5020,0.0300
42,0,7.5170,0.0150
105,0,7.5490,0.0320
4162,0,7.5800,0.0310
35,0,7.5940,0.0140
14,0,7.6260,0.0320
417,0,7.6420,0.0160
35,0,7.6760,0.0340
72,0,7.7840,0.1080
51,0,7.8310,0.0470
340,0,7.8590,0.0280
33,0,7.8940,0.0350
33,0,7.9080,0.0140
282,0,7.9260,0.0180
341,0,7.9400,0.0140
23,0,7.9550,0.0150
18,0,7.9720,0.0170
18,0,8.0030,0.0310
23,0,8.0340,0.0310
85,0,8.0810,0.0470
74,0,8.0970,0.0160
40,0,8.1110,0.0140
23,0,8.1290,0.0180
4,0,8.1880,0.0590
4,0,8.2200,0.0320
80,0,8.2970,0.0770
51,0,8.3120,0.0150
85,0,8.3280,0.0160
85,0,8.3590,0.0310
51,0,8.3900,0.0310
15,0,8.4060,0.0160
51,0,8.4380,0.0320
51,0,8.4530,0.0150
73,0,8.4690,0.0160
51,0,8.4840,0.0150
37,0,8.5160,0.0320
14,0,8.5620,0.0460
51,0,8.5780,0.0160
4,0,8.5940,0.0160
4,0,8.6250,0.0310
61,0,8.6870,0.0620
85,0,8.7030,0.0160
24,0,8.7190,0.0160
24,0,8.7340,0.0150
5254,0,8.9530,0.2190
8,0,8.9690,0.0160
5254,0,9.0000,0.0310
5254,0,9.0310,0.0310
39,0,9.0620,0.0310
15,0,9.0800,0.0180
30,0,9.0970,0.0170
30,0,9.1100,0.0130
30,0,9.1280,0.0180
24,0,9.1420,0.0140
22,0,9.1580,0.0160
23,0,9.1750,0.0170
61,0,9.2370,0.0620
22,0,9.2830,0.0460
23,0,9.3150,0.0320
49,0,9.3260,0.0110
55,0,9.3290,0.0030
49,0,9.3430,0.0140
369,0,9.3590,0.0160
49,0,9.3760,0.0170
469,2,9.3920,0.0160469,2,9.3920,0.0160469,2,9.3920,0.0160
80,3,9.4060,0.0140
22,0,9.5030,0.0970
22,0,9.5180,0.0150
356,0,9.5950,0.0770
444,0,9.6280,0.0330
356,0,9.6760,0.0480
33,0,9.7070,0.0310
22,0,9.7210,0.0140
410,0,9.7380,0.0170
18,0,9.7520,0.0140
22,0,9.7680,0.0160
36,0,9.7860,0.0180
33,0,9.7990,0.0130
22,0,9.8620,0.0630
72,0,9.8760,0.0140
64,0,9.8950,0.0190
453,0,9.9080,0.0130
453,0,9.9230,0.0150
22,0,10.0160,0.0930
61,0,10.0660,0.0500
42,0,10.0800,0.0140
4151,0,10.1730,0.0930
80,0,10.1900,0.0170
54,0,10.2050,0.0150
416,0,10.2210,0.0160
85,0,10.2360,0.0150
340,0,10.2530,0.0170
416,0,10.2860,0.0330
453,0,10.3300,0.0440
453,0,10.3460,0.0160
72,0,10.4400,0.0940
180,0,10.4570,0.0170
416,0,10.4690,0.0120
453,0,10.4860,0.0170
453,0,10.5030,0.0170
22,0,10.5340,0.0310
14,0,10.5510,0.0170
80,0,10.6910,0.1400
15,0,10.7060,0.0150
80,0,10.7970,0.0910
91,0,10.8180,0.0210
15,0,10.8300,0.0120
15,0,10.8460,0.0160
15,0,10.8640,0.0180
15,0,10.9280,0.0640
80,0,10.9410,0.0130
4275,0,10.9540,0.0130
15,0,10.9720,0.0180
80,0,10.9870,0.0150
15,0,11.0030,0.0160
15,0,11.0180,0.0150
15,0,11.0510,0.0330
15,0,11.0650,0.0140
15,0,11.0820,0.0170
444,0,11.1920,0.1100
444,0,11.2040,0.0120
14,0,11.2220,0.0180
96,0,11.2380,0.0160
15,0,11.2540,0.0160
61,0,11.3460,0.0920
61,0,11.3630,0.0170
80,0,11.3780,0.0150
18,0,11.4420,0.0640
18,0,11.4570,0.0150
18,0,11.4690,0.0120
33,0,11.4890,0.0200
15,0,11.5020,0.0130
33,0,11.5780,0.0760
33,0,11.5940,0.0160
15,0,11.6090,0.0150
25,0,11.6440,0.0350
73,0,11.6610,0.0170
140,0,11.6900,0.0290
33,0,11.7060,0.0160
76,0,11.7200,0.0140
61,0,11.7510,0.0310
35,0,11.7840,0.0330
51,0,11.8100,0.0260
17,0,11.8320,0.0220
39,0,11.8460,0.0140
17,0,11.8600,0.0140
42,0,11.8930,0.0330
340,0,11.9540,0.0610
85,0,11.9870,0.0330
54,0,12.0040,0.0170
15,0,12.0650,0.0610
24,0,12.0810,0.0160
82,0,12.0910,0.0100
15,0,12.0940,0.0030
4,0,12.1090,0.0150
22,0,12.1260,0.0170
25,0,12.1450,0.0190
51,0,12.1590,0.0140
51,0,12.1750,0.0160
51,0,12.1920,0.0170
4,0,12.2050,0.0130
323,0,12.2220,0.0170
4,0,12.2370,0.0150
22,0,12.2520,0.0150
44,0,12.3010,0.0490
13,0,12.3590,0.0580
4275,0,12.3750,0.0160
15,0,12.3910,0.0160
13,0,12.4260,0.0350
15,0,12.4570,0.0310
15,0,12.4700,0.0130
15,0,12.5620,0.0920
15,0,12.5780,0.0160
15,0,12.6090,0.0310
15,0,12.6560,0.0470
15,0,12.6740,0.0180
15,0,12.6910,0.0170
