SysID,Thread ID,time,inetrval
14,0,0.2220,0.2220
80,0,0.5330,0.3110
80,0,0.5630,0.0300
18,0,0.5780,0.0150
18,0,0.6410,0.0630
18,0,0.7500,0.1090
37,0,0.9390,0.1890
55,0,0.9720,0.0330
61,0,1.0000,0.0280
51,0,1.0170,0.0170
40,0,1.0320,0.0150
49,0,1.0940,0.0620
80,0,1.1120,0.0180
80,0,1.1270,0.0150
347,0,1.1560,0.0290
80,0,1.2510,0.0950
80,0,1.4090,0.1580
15,0,1.4250,0.0160
76,0,1.4850,0.0600
416,0,1.5100,0.0250
453,0,1.5340,0.0240
453,0,1.6190,0.0850
453,0,1.6410,0.0220
18,0,1.7360,0.0950
23,0,1.7660,0.0300
453,0,1.7820,0.0160
453,0,1.8140,0.0320
24,0,1.8300,0.0160
24,0,1.9230,0.0930
80,0,1.9540,0.0310
453,0,1.9690,0.0150
18,0,2.0060,0.0370
51,0,2.1720,0.1660
51,0,2.2040,0.0320
24,0,2.3030,0.0990
85,0,2.3370,0.0340
17,0,2.3440,0.0070
54,0,2.4220,0.0780
356,0,2.5010,0.0790
453,0,2.6110,0.1100
15,0,2.6250,0.0140
38,0,2.6410,0.0160
297,0,2.6560,0.0150
15,0,2.6720,0.0160
85,0,2.6880,0.0160
33,0,2.7190,0.0310
15,0,2.7380,0.0190
85,0,2.7530,0.0150
293,0,2.8130,0.0600
24,0,3.0160,0.2030
15,0,3.0780,0.0620
37,0,3.2070,0.1290
354,0,3.2350,0.0280
417,0,3.2510,0.0160
417,0,3.2670,0.0160
80,0,3.2820,0.0150
40,0,3.2980,0.0160
80,0,3.3180,0.0200
49,0,3.3310,0.0130
369,0,3.3600,0.0290
67,2,3.3750,0.0150
55,0,3.3910,0.0160
1,2,3.4060,0.0150
469,2,3.4230,0.0170
80,0,3.4380,0.0150
80,0,3.4700,0.0320
466,2,3.5320,0.0620
18,0,3.5510,0.0190
24,0,3.5650,0.0140
112,0,3.6100,0.0450
49,0,3.6250,0.0150
14,2,3.6410,0.0160
469,2,3.6570,0.0160
24,0,3.6870,0.0300
466,2,3.6880,0.0010
40,0,3.7340,0.0460
49,0,3.7350,0.0010
80,0,3.7500,0.0150
469,2,3.7660,0.0160
369,0,3.7830,0.0170
49,0,3.7970,0.0140
40,0,3.8160,0.0190
24,0,3.8290,0.0130
49,0,3.8450,0.0160
49,0,3.8600,0.0150
369,0,3.8770,0.0170
55,0,3.8890,0.0120
469,2,3.8910,0.0020469,2,3.8910,0.0020469,2,3.8910,0.0020
80,0,3.9100,0.0190
80,3,3.9260,0.0160
80,2,3.9380,0.0120
18,0,3.9530,0.0150
469,4,3.9700,0.0170
24,0,4.0160,0.0460
55,0,4.0370,0.0210
4,0,4.0460,0.0090
4,0,4.0470,0.0010
356,4,4.0620,0.0150
51,3,4.0940,0.0320
40,3,4.1280,0.0340
18,4,4.1410,0.0130
80,3,4.1560,0.0150
24,3,4.1870,0.0310
61,4,4.2200,0.0330
15,3,4.2340,0.0140
51,4,4.2510,0.0170
80,3,4.2650,0.0140
51,0,4.3140,0.0490
76,0,4.3310,0.0170
51,0,4.3610,0.0300
76,0,4.3720,0.0110
76,0,4.3750,0.0030
76,0,4.3910,0.0160
76,0,4.4070,0.0160
76,0,4.4390,0.0320
416,0,4.4710,0.0320
24,0,4.5320,0.0610
24,0,4.5470,0.0150
73,0,4.6720,0.1250
24,0,4.6900,0.0180
18,0,4.8280,0.1380
23,0,4.8610,0.0330
24,0,4.9060,0.0450
24,0,4.9210,0.0150
35,0,4.9370,0.0160
416,0,5.0000,0.0630
416,0,5.0160,0.0160
453,0,5.0310,0.0150
25,0,5.0470,0.0160
192,0,5.0630,0.0160
51,0,5.0930,0.0300
416,0,5.1090,0.0160
453,0,5.1870,0.0780
24,0,5.2660,0.0790
453,0,5.3440,0.0780
453,0,5.3910,0.0470
453,0,5.4060,0.0150
35,0,5.4870,0.0810
35,0,5.5180,0.0310
35,0,5.5350,0.0170
35,0,5.5510,0.0160
24,0,5.5830,0.0320
73,0,5.5970,0.0140
35,0,5.6570,0.0600
24,0,5.7190,0.0620
416,0,5.7370,0.0180
35,0,5.8300,0.0930
35,0,5.8450,0.0150
35,0,5.8640,0.0190
24,0,6.2510,0.3870
416,0,6.2830,0.0320
54,0,6.2980,0.0150
140,0,6.3290,0.0310
25,0,6.3480,0.0190
453,0,6.3630,0.0150
18,0,6.3790,0.0160
18,0,6.4070,0.0280
18,0,6.4240,0.0170
18,0,6.4380,0.0140
37,0,6.4550,0.0170
80,0,6.4870,0.0320
51,0,6.6280,0.1410
35,0,6.6750,0.0470
4101,0,6.6910,0.0160
37,0,6.7050,0.0140
66,0,6.7220,0.0170
0,0,6.7700,0.0480
289,0,6.8000,0.0300
22,0,6.8120,0.0120
23,0,6.8470,0.0350
28,0,6.8640,0.0170
18,0,6.8770,0.0130
5349,0,6.8960,0.0190
416,0,6.9580,0.0620
35,0,6.9710,0.0130
4151,0,7.0030,0.0320
4151,0,7.0180,0.0150
247,0,7.0960,0.0780
33,0,7.1590,0.0630
18,0,7.1750,0.0160
19,0,7.2350,0.0600
18,0,7.2560,0.0210
18,0,7.2690,0.0130
15,0,7.2810,0.0120
18,0,7.3040,0.0230
24,0,7.3320,0.0280
51,0,7.5160,0.1840
74,0,7.5310,0.0150
33,0,7.5470,0.0160
18,0,7.5620,0.0150
73,0,7.5780,0.0160
140,0,7.6090,0.0310
105,0,7.6560,0.0470
4162,0,7.6720,0.0160
35,0,7.6880,0.0160
14,0,7.7200,0.0320
417,0,7.7410,0.0210
14,0,7.7520,0.0110
35,0,7.7700,0.0180
35,0,7.7840,0.0140
21,0,7.8940,0.1100
21,0,7.9250,0.0310
72,0,7.9390,0.0140
340,0,7.9570,0.0180
21,0,7.9700,0.0130
21,0,7.9860,0.0160
33,0,8.0020,0.0160
18,0,8.0180,0.0160
24,0,8.0330,0.0150
23,0,8.0510,0.0180
18,0,8.0650,0.0140
18,0,8.0960,0.0310
18,0,8.1120,0.0160
23,0,8.1410,0.0290
85,0,8.1870,0.0460
74,0,8.2030,0.0160
18,0,8.2180,0.0150
23,0,8.2340,0.0160
21,0,8.2810,0.0470
21,0,8.2970,0.0160
4,0,8.3440,0.0470
80,0,8.3910,0.0470
61,0,8.4060,0.0150
85,0,8.4220,0.0160
85,0,8.4370,0.0150
51,0,8.4680,0.0310
15,0,8.4840,0.0160
51,0,8.5160,0.0320
51,0,8.5310,0.0150
73,0,8.5470,0.0160
51,0,8.5620,0.0150
37,0,8.5930,0.0310
61,0,8.6090,0.0160
49,0,8.6260,0.0170
80,3,8.6440,0.0180
369,0,8.6560,0.0120
466,2,8.6710,0.0150

466,2,8.6710,0.0150

80,2,8.6720,0.0010
80,2,8.6870,0.0150
80,3,8.6870,0.0150
80,2,8.7040,0.0170
22,0,8.8010,0.0970
22,0,8.8160,0.0150
356,0,8.8780,0.0620
444,0,8.9060,0.0280
356,0,8.9730,0.0670
33,0,9.0030,0.0300
22,0,9.0250,0.0220
410,0,9.0350,0.0100
18,0,9.0530,0.0180
22,0,9.0660,0.0130
36,0,9.0950,0.0290
22,0,9.1480,0.0530
453,0,9.1620,0.0140
72,0,9.1770,0.0150
64,0,9.1970,0.0200
453,0,9.2060,0.0090
453,0,9.2190,0.0130
61,0,9.2860,0.0670
15,0,9.3000,0.0140
22,0,9.3320,0.0320
192,0,9.3850,0.0530
23,0,9.3890,0.0040
192,0,9.3920,0.0030
416,0,9.4470,0.0550
453,0,9.4850,0.0380
453,0,9.5650,0.0800
453,0,9.5950,0.0300
14,0,9.6120,0.0170
61,0,9.6280,0.0160
51,0,9.6410,0.0130
5125,0,9.6570,0.0160
4156,0,9.6720,0.0150
80,0,9.6890,0.0170
80,0,9.7030,0.0140
4188,0,9.7380,0.0350
4328,0,9.7690,0.0310
24,0,9.8020,0.0330
4,0,9.8140,0.0120
4,0,9.8330,0.0190
24,0,9.8610,0.0280
4,0,9.8800,0.0190
4,0,9.8940,0.0140
4819,0,9.9250,0.0310
4802,0,9.9390,0.0140
4200,0,9.9550,0.0160
4131,0,10.0030,0.0480
4258,0,10.0520,0.0490
4212,0,10.0630,0.0110
4158,0,10.0900,0.0270
4264,0,10.0980,0.0080
4212,0,10.1120,0.0140
4242,0,10.1430,0.0310
4103,0,10.1600,0.0170
5,0,10.1760,0.0160
4192,0,10.1900,0.0140
18,0,10.2360,0.0460
15,0,10.2510,0.0150
51,0,10.2670,0.0160
35,0,10.2830,0.0160
35,0,10.2980,0.0150
4101,0,10.3150,0.0170
4258,0,10.3590,0.0440
4212,0,10.3770,0.0180
4258,0,10.3940,0.0170
4,0,10.4060,0.0120
4158,0,10.4230,0.0170
4264,0,10.4690,0.0460
5230,0,10.4890,0.0200
5412,0,10.5320,0.0430
5,0,10.5480,0.0160
37,0,10.5620,0.0140
80,2,10.5790,0.0170
453,0,10.6280,0.0490
14,0,10.6890,0.0610
4110,0,10.7080,0.0190
4162,0,10.7180,0.0100
5230,0,10.7370,0.0190
4188,0,10.7510,0.0140
5292,0,10.7680,0.0170
4131,0,10.7840,0.0160
4103,0,10.8140,0.0300
5,0,10.8290,0.0150
4258,0,10.8440,0.0150
4,0,10.8600,0.0160
5230,0,10.8800,0.0200
4100,0,10.8910,0.0110
4,0,10.9090,0.0180
4187,0,10.9230,0.0140
5,0,10.9400,0.0170
5412,0,10.9700,0.0300
4106,0,11.0020,0.0320
4787,0,11.0170,0.0150
5,0,11.0320,0.0150
4123,0,11.0630,0.0310
4106,0,11.1110,0.0480
80,0,11.1280,0.0170
4180,0,11.1420,0.0140
4222,0,11.1570,0.0150
80,0,11.1750,0.0180
4107,0,11.1890,0.0140
4279,0,11.2030,0.0140
5292,0,11.2200,0.0170
4100,0,11.2360,0.0160
4120,0,11.2520,0.0160
194,0,11.2680,0.0160
4177,0,11.2810,0.0130
4187,0,11.3130,0.0320
5,0,11.3280,0.0150
4100,0,11.3440,0.0160
4097,0,11.3590,0.0150
4097,0,11.3900,0.0310
4,0,11.4060,0.0160
4,0,11.4220,0.0160
5292,0,11.4380,0.0160
5,0,11.4530,0.0150
21,5,11.4690,0.0160
4,5,11.4890,0.0200
4,5,11.5030,0.0140
4112,5,11.5650,0.0620
4103,0,11.5820,0.0170
4,5,11.5970,0.0150
24,5,11.6120,0.0150
24,5,11.6260,0.0140
5254,5,11.8280,0.2020
8,5,11.8430,0.0150
4103,5,11.8440,0.0010
4162,0,11.8630,0.0190
5254,5,11.9060,0.0430
4123,0,11.9070,0.0010
5254,5,11.9710,0.0640
5254,5,11.9960,0.0250
5254,5,12.0190,0.0230
5254,5,12.0510,0.0320
5254,5,12.0650,0.0140
5254,5,12.0930,0.0280
5254,5,12.1140,0.0210
5,0,12.1270,0.0130
39,5,12.1440,0.0170
15,5,12.1590,0.0150
30,5,12.1750,0.0160
30,5,12.1920,0.0170
4103,5,12.2070,0.0150
37,0,12.2180,0.0110
4177,0,12.2370,0.0190
4250,0,12.2520,0.0150
5412,0,12.2690,0.0170
22,0,12.2830,0.0140
15,0,12.3000,0.0170
61,0,12.3470,0.0470
22,0,12.3790,0.0320
29,0,12.3880,0.0090
23,0,12.3910,0.0030
37,0,12.4060,0.0150
369,0,12.4250,0.0190
80,0,12.4380,0.0130
14,2,12.4530,0.0150
14,4,12.4700,0.0170
4,0,12.4860,0.0160
22,0,12.5500,0.0640
453,0,12.5670,0.0170
4151,0,12.6910,0.1240
80,0,12.7060,0.0150
54,0,12.7230,0.0170
416,0,12.7370,0.0140
85,0,12.7540,0.0170
340,0,12.7680,0.0140
416,0,12.8000,0.0320
453,0,12.8320,0.0320
453,0,12.8480,0.0160
72,0,12.9540,0.1060
340,0,12.9670,0.0130
54,0,12.9690,0.0020
453,0,13.0050,0.0360
416,0,13.0190,0.0140
22,0,13.0520,0.0330
14,0,13.0650,0.0130
80,0,13.2030,0.1380
15,0,13.2220,0.0190
80,0,13.3160,0.0940
13,0,13.3310,0.0150
15,0,13.3470,0.0160
15,0,13.3610,0.0140
15,0,13.3850,0.0240
15,0,13.3860,0.0010
15,0,13.3940,0.0080
15,0,13.4560,0.0620
80,0,13.4700,0.0140
4275,0,13.4880,0.0180
80,0,13.5170,0.0290
96,0,13.5350,0.0180
15,0,13.5490,0.0140
61,0,13.6470,0.0980
61,0,13.6560,0.0090
80,0,13.6750,0.0190
18,0,13.7530,0.0780
18,0,13.7670,0.0140
297,0,13.7810,0.0140
15,0,13.7970,0.0160
453,0,13.8130,0.0160
33,0,13.8750,0.0620
33,0,13.8900,0.0150
23,0,13.9060,0.0160
25,0,13.9530,0.0470
140,0,13.9840,0.0310
33,0,14.0000,0.0160
85,0,14.0160,0.0160
61,0,14.0310,0.0150
85,0,14.0470,0.0160
35,0,14.0620,0.0150
51,0,14.0930,0.0310
17,0,14.1090,0.0160
6,0,14.1250,0.0160
17,0,14.1410,0.0160
42,0,14.1620,0.0210
340,0,14.2190,0.0570
85,0,14.2500,0.0310
15,0,14.3280,0.0780
15,0,14.3440,0.0160
4,0,14.3600,0.0160
25,0,14.4370,0.0770
21,0,14.4530,0.0160
51,0,14.4690,0.0160
51,0,14.4840,0.0150
15,0,14.5000,0.0160
323,0,14.5160,0.0160
4,0,14.5310,0.0150
4,0,14.5470,0.0160
4,0,14.5620,0.0150
51,0,14.5780,0.0160
15,0,14.5930,0.0150
44,0,14.6250,0.0320
15,0,14.6870,0.0620
15,0,14.7350,0.0480
15,0,14.7500,0.0150
15,0,14.8120,0.0620
13,0,14.8750,0.0630
15,0,14.9100,0.0350
15,0,14.9190,0.0090
15,0,14.9220,0.0030
15,0,14.9530,0.0310
13,0,15.0160,0.0630
4275,0,15.0310,0.0150
42,0,15.0470,0.0160
13,0,15.0780,0.0310
15,0,15.1090,0.0310
15,0,15.1250,0.0160
30,0,15.1410,0.0160
15,0,15.2350,0.0940
15,0,15.2510,0.0160
15,0,15.2670,0.0160
15,0,15.3140,0.0470
15,0,15.3450,0.0310
