SysID,Thread ID,time,inetrval
14,0,0.2210,0.2210
80,0,0.5480,0.3270
80,0,0.5640,0.0160
23,0,0.5790,0.0150
18,0,0.6270,0.0480
18,0,0.7210,0.0940
37,0,0.9100,0.1890
55,0,0.9380,0.0280
61,0,0.9720,0.0340
51,0,0.9880,0.0160
40,0,1.0030,0.0150
49,0,1.0650,0.0620
80,0,1.0810,0.0160
80,0,1.0980,0.0170
347,0,1.1120,0.0140
80,0,1.2070,0.0950
80,0,1.3620,0.1550
15,0,1.3750,0.0130
76,0,1.4380,0.0630
416,0,1.4540,0.0160
453,0,1.4860,0.0320
453,0,1.5160,0.0300
453,0,1.5630,0.0470
18,0,1.7030,0.1400
23,0,1.7190,0.0160
453,0,1.7450,0.0260
453,0,1.7660,0.0210
24,0,1.8790,0.1130
80,0,1.9090,0.0300
453,0,1.9220,0.0130
453,0,1.9430,0.0210
18,0,1.9530,0.0100
51,0,2.1100,0.1570
15,0,2.1260,0.0160
51,0,2.1420,0.0160
51,0,2.1570,0.0150
24,0,2.2350,0.0780
85,0,2.2510,0.0160
74,0,2.2710,0.0200
54,0,2.3320,0.0610
340,0,2.3470,0.0150
356,0,2.4070,0.0600
453,0,2.5340,0.1270
15,0,2.5630,0.0290
38,0,2.5780,0.0150
297,0,2.5950,0.0170
15,0,2.6260,0.0310
85,0,2.6420,0.0160
33,0,2.6730,0.0310
15,0,2.6880,0.0150
85,0,2.7040,0.0160
293,0,2.7540,0.0500
24,0,2.9540,0.2000
15,0,3.0190,0.0650
37,0,3.1130,0.0940
354,0,3.1420,0.0290
196,0,3.1620,0.0200
196,0,3.1690,0.0070
417,0,3.1720,0.0030
80,0,3.1880,0.0160
55,0,3.2030,0.0150
49,0,3.2220,0.0190
49,0,3.2350,0.0130
55,0,3.2700,0.0350
55,0,3.2840,0.0140
49,0,3.2970,0.0130
24,0,3.3200,0.0230
18,0,3.3290,0.0090
24,0,3.3500,0.0210
55,0,3.3800,0.0300
49,0,3.3930,0.0130
40,0,3.4690,0.0760
49,0,3.4850,0.0160
369,0,3.5340,0.0490
15,0,3.5480,0.0140
67,2,3.5620,0.0140
15,0,3.5800,0.0180
24,2,3.5950,0.0150
469,2,3.6270,0.0320
369,2,3.6570,0.0300
67,3,3.6730,0.0160
80,3,3.6880,0.0150
80,0,3.7050,0.0170
80,4,3.7190,0.0140
80,2,3.7360,0.0170
4,0,3.7500,0.0140
356,3,3.7670,0.0170
18,3,3.7860,0.0190
61,3,3.8600,0.0740
51,3,3.8860,0.0260
40,3,3.8910,0.0050
369,3,3.9140,0.0230
55,3,3.9180,0.0040
24,3,3.9220,0.0040
51,2,3.9390,0.0170
55,3,3.9530,0.0140
80,2,3.9700,0.0170
74,3,3.9840,0.0140
74,3,3.9840,0.0140
74,3,3.9840,0.0140
80,2,4.0000,0.0160
112,2,4.0160,0.0160
15,3,4.0320,0.0160
51,0,4.0810,0.0490
51,0,4.1130,0.0320
348,0,4.1280,0.0150
76,0,4.1440,0.0160
14,0,4.1590,0.0150
416,0,4.1920,0.0330
35,0,4.2850,0.0930
35,0,4.3160,0.0310
35,0,4.3310,0.0150
35,0,4.3610,0.0300
35,0,4.3790,0.0180
24,0,4.4100,0.0310
73,0,4.4260,0.0160
35,0,4.5170,0.0910
18,0,4.5340,0.0170
23,0,4.5490,0.0150
23,0,4.5660,0.0170
24,0,4.6730,0.1070
416,0,4.7390,0.0660
35,0,4.8290,0.0900
35,0,4.8480,0.0190
35,0,4.8610,0.0130
24,0,4.9380,0.0770
24,0,5.1720,0.2340
416,0,5.2500,0.0780
24,0,5.2970,0.0470
416,0,5.3290,0.0320
35,0,5.3440,0.0150
54,0,5.3590,0.0150
140,0,5.3910,0.0320
25,0,5.4060,0.0150
453,0,5.4220,0.0160
18,0,5.4380,0.0160
18,0,5.4690,0.0310
18,0,5.4850,0.0160
4834,0,5.5000,0.0150
80,0,5.5310,0.0310
35,0,5.6100,0.0790
4101,0,5.6250,0.0150
4098,0,5.6410,0.0160
0,0,5.6910,0.0500
15,0,5.7040,0.0130
289,0,5.7200,0.0160
22,0,5.7360,0.0160
23,0,5.7660,0.0300
28,0,5.7820,0.0160
18,0,5.8000,0.0180
5349,0,5.8170,0.0170
24,0,5.8470,0.0300
73,0,5.9420,0.0950
24,0,6.0640,0.1220
24,0,6.0800,0.0160
35,0,6.0960,0.0160
416,0,6.1440,0.0480
416,0,6.1600,0.0160
25,0,6.2210,0.0610
105,0,6.2360,0.0150
453,0,6.2520,0.0160
416,0,6.2710,0.0190
416,0,6.2840,0.0130
453,0,6.3140,0.0300
14,0,6.3790,0.0650
417,0,6.4060,0.0270
5125,0,6.4290,0.0230
4158,0,6.4390,0.0100
4264,0,6.4930,0.0540
4212,0,6.5340,0.0410
4158,0,6.5510,0.0170
51,0,6.6770,0.1260
80,0,6.7240,0.0470
80,0,6.7370,0.0130
4180,0,6.7530,0.0160
80,0,6.7850,0.0320
4178,0,6.8020,0.0170
4226,0,6.8160,0.0140
4106,0,6.8480,0.0320
80,0,6.8630,0.0150
4252,0,6.8770,0.0140
5292,0,6.8950,0.0180
4167,0,6.9100,0.0150
4222,0,6.9240,0.0140
4107,0,6.9420,0.0180
4178,0,6.9530,0.0110
4131,0,6.9740,0.0210
4131,0,6.9870,0.0130
4106,0,7.0050,0.0180
4222,0,7.0350,0.0300
5052,0,7.0520,0.0170
4103,0,7.0940,0.0420
5,0,7.1170,0.0230
5,0,7.1250,0.0080
22,0,7.1460,0.0210
51,0,7.2070,0.0610
30,0,7.2560,0.0490
460,0,7.2690,0.0130
180,0,7.3150,0.0460
49,0,7.3300,0.0150
55,0,7.3470,0.0170
80,2,7.3590,0.0120
453,0,7.3820,0.0230
453,0,7.3920,0.0100
72,0,7.4090,0.0170
51,0,7.4240,0.0150
416,0,7.4430,0.0190
453,0,7.5330,0.0900
24,0,7.6450,0.1120
453,0,7.6900,0.0450
14,0,7.7030,0.0130
54,0,7.7660,0.0630
22,0,7.7810,0.0150
23,0,7.7970,0.0160
15,0,7.8130,0.0160
18,0,7.8910,0.0780
18,0,7.9070,0.0160
18,0,7.9220,0.0150
33,0,7.9380,0.0160
88,0,7.9530,0.0150
33,0,7.9700,0.0170
33,0,7.9840,0.0140
33,0,8.1250,0.1410
24,0,8.1490,0.0240
15,0,8.2070,0.0580
54,0,8.2220,0.0150
453,0,8.2350,0.0130
72,0,8.2850,0.0500
33,0,8.4410,0.1560
122,0,8.4550,0.0140
140,0,8.5660,0.1110
140,0,8.7220,0.1560
140,0,8.9730,0.2510
140,0,9.1580,0.1850
140,0,9.1730,0.0150
354,0,9.1880,0.0150
417,0,9.2070,0.0190
425,0,9.2650,0.0580
425,0,9.2890,0.0240
180,0,9.2980,0.0090
5292,0,9.3150,0.0170
22,0,9.3320,0.0170
22,0,9.3630,0.0310
23,0,9.4120,0.0490
23,0,9.4230,0.0110
22,0,9.4400,0.0170
50,0,9.4510,0.0110
22,0,9.4540,0.0030
33,0,9.4870,0.0330
33,0,9.5020,0.0150
282,0,9.5170,0.0150
23,0,9.5330,0.0160
18,0,9.5490,0.0160
18,0,9.5950,0.0460
23,0,9.6260,0.0310
85,0,9.6730,0.0470
74,0,9.6890,0.0160
18,0,9.7050,0.0160
23,0,9.7200,0.0150
4,0,9.7660,0.0460
4,0,9.7860,0.0200
4,0,9.8010,0.0150
4,0,9.8160,0.0150
4,0,9.8310,0.0150
4,0,9.8480,0.0170
85,0,9.8640,0.0160
15,0,9.8780,0.0140
22,0,9.8940,0.0160
96,0,9.9420,0.0480
23,0,9.9570,0.0150
4301,0,10.0190,0.0620
4301,0,10.0360,0.0170
4618,0,10.0490,0.0130
55,0,10.0670,0.0180
40,0,10.0790,0.0120
369,0,10.0910,0.0120
80,0,10.0940,0.0030
340,0,10.1260,0.0320
416,0,10.1610,0.0350
453,0,10.2050,0.0440
453,0,10.2220,0.0170
24,0,10.2990,0.0770
72,0,10.3150,0.0160
14,0,10.3310,0.0160
18,0,10.3490,0.0180
18,0,10.3620,0.0130
18,0,10.3750,0.0130
340,0,10.3980,0.0230
72,0,10.4070,0.0090
61,0,10.4260,0.0190
4,0,10.4370,0.0110
14,0,10.4880,0.0510
24,0,10.5030,0.0150
91,0,10.5210,0.0180
91,0,10.5330,0.0120
24,0,10.5660,0.0330
24,0,10.5810,0.0150
7,0,10.6060,0.0250
7,0,10.6260,0.0200
7,0,10.7370,0.1110
7,0,10.8160,0.0790
30,0,10.8320,0.0160
30,0,10.8480,0.0160
32,0,10.8640,0.0160
91,0,10.8760,0.0120
91,0,10.8940,0.0180
37,0,10.9090,0.0150
80,0,10.9210,0.0120
14,0,10.9220,0.0010
453,0,10.9380,0.0160
453,0,10.9550,0.0170
180,0,10.9850,0.0300
49,0,11.0000,0.0150
453,0,11.0660,0.0660
80,0,11.2070,0.1410
14,0,11.2230,0.0160
51,0,11.2360,0.0130
14,0,11.2510,0.0150
91,0,11.2690,0.0180
32,0,11.2830,0.0140
91,0,11.3000,0.0170
91,0,11.3160,0.0160
24,0,11.3310,0.0150
4131,0,11.3450,0.0140
4787,0,11.3610,0.0160
4171,0,11.3780,0.0170
37,0,11.3940,0.0160
61,0,11.4230,0.0290
49,0,11.4380,0.0150
14,2,11.4650,0.0270
22,0,11.5670,0.1020
22,0,11.5870,0.0200
356,0,11.6600,0.0730
444,0,11.6880,0.0280
356,0,11.7400,0.0520
33,0,11.7890,0.0490
22,0,11.8000,0.0110
22,0,11.8210,0.0210
22,0,11.8310,0.0100
36,0,11.8550,0.0240
33,0,11.8600,0.0050
22,0,11.9220,0.0620
72,0,11.9380,0.0160
64,0,11.9540,0.0160
453,0,11.9690,0.0150
453,0,11.9850,0.0160
453,0,12.0310,0.0460
416,0,12.0470,0.0160
453,0,12.1130,0.0660
453,0,12.1260,0.0130
14,0,12.2520,0.1260
80,0,12.3480,0.0960
36,0,12.5030,0.1550
36,0,12.5180,0.0150
36,0,12.5340,0.0160
33,0,12.5510,0.0170
13,0,12.5660,0.0150
140,0,12.6130,0.0470
33,0,12.7030,0.0900
140,0,12.7660,0.0630
131,0,12.8440,0.0780
4301,0,12.8750,0.0310
4301,0,12.8950,0.0200
4226,0,12.9080,0.0130
4330,0,12.9380,0.0300
4301,0,12.9850,0.0470
4301,0,13.0000,0.0150
54,0,13.0210,0.0210
25,0,13.0320,0.0110
4301,0,13.0510,0.0190
4,0,13.0940,0.0430
4,0,13.1450,0.0510
4170,0,13.1580,0.0130
5132,0,13.1890,0.0310
4132,0,13.2210,0.0320
5,0,13.2380,0.0170
5412,0,13.2690,0.0310
4101,0,13.2830,0.0140
25,0,13.2980,0.0150
4162,0,13.3130,0.0150
4223,0,13.3280,0.0150
4,0,13.3440,0.0160
4359,0,13.3590,0.0150
64,0,13.3750,0.0160
5035,0,13.3910,0.0160
4353,0,13.4530,0.0620
4188,0,13.4730,0.0200
80,0,13.4850,0.0120
4328,0,13.5030,0.0180
4211,0,13.5190,0.0160
4,0,13.5480,0.0290
4,0,13.5660,0.0180
4,0,13.5950,0.0290
4,0,13.6090,0.0140
4819,0,13.6570,0.0480
4802,0,13.6720,0.0150
80,0,13.7200,0.0480
4819,0,13.7510,0.0310
4819,0,13.7820,0.0310
4173,0,13.8160,0.0340
4225,0,13.8310,0.0150
4139,0,13.8470,0.0160
4483,0,13.8780,0.0310
37,0,13.9380,0.0600
49,0,13.9570,0.0190
14,0,13.9870,0.0300
80,0,14.0490,0.0620
4159,0,14.0660,0.0170
4149,0,14.1140,0.0480
4267,0,14.1290,0.0150
4819,0,14.1440,0.0150
4298,0,14.1600,0.0160
4769,0,14.1740,0.0140
22,0,14.1920,0.0180
4106,0,14.2060,0.0140
19,0,14.2230,0.0170
4188,0,14.2530,0.0300
19,0,14.2730,0.0200
19,0,14.2860,0.0130
15,0,14.3000,0.0140
4298,0,14.3450,0.0450
4,0,14.4090,0.0640
23,0,14.4260,0.0170
6,0,14.4410,0.0150
4298,0,14.4720,0.0310
4298,0,14.4870,0.0150
30,0,14.5330,0.0460
356,0,14.5650,0.0320
356,0,14.6140,0.0490
180,0,14.7390,0.1250
300,0,14.7530,0.0140
300,0,14.7680,0.0150
32,0,14.7810,0.0130
24,0,14.8780,0.0970
24,0,15.1140,0.2360
4787,0,15.1630,0.0490
4781,0,15.1750,0.0120
4328,0,15.2380,0.0630
23,0,15.3000,0.0620
23,0,15.3140,0.0140
50,0,15.3280,0.0140
4188,0,15.3440,0.0160
356,0,15.5780,0.2340
356,0,15.5940,0.0160
180,0,15.6870,0.0930
4,0,15.7030,0.0160
10,0,15.7190,0.0160
4781,0,15.9060,0.1870
4159,0,16.0320,0.1260
4159,0,16.0630,0.0310
4159,0,16.0780,0.0150
4159,0,16.0940,0.0160
4159,0,16.1090,0.0150
4159,0,16.1250,0.0160
4142,0,16.1410,0.0160
4139,0,16.1560,0.0150
4159,0,16.1720,0.0160
4131,0,16.1880,0.0160
4158,0,16.2340,0.0460
4103,0,16.2500,0.0160
4180,0,16.2660,0.0160
4188,0,16.2820,0.0160
4258,0,16.3160,0.0340
4212,0,16.3320,0.0160
4264,0,16.3450,0.0130
4242,0,16.3620,0.0170
4251,0,16.3760,0.0140
4129,0,16.3920,0.0160
247,0,16.4090,0.0170
33,0,16.4550,0.0460
18,0,16.4700,0.0150
18,0,16.4820,0.0120
18,0,16.4850,0.0030
19,0,16.5470,0.0620
18,0,16.5630,0.0160
18,0,16.5790,0.0160
15,0,16.5950,0.0160
15,0,16.6100,0.0150
18,0,16.8450,0.2350
15,0,16.8610,0.0160
51,0,16.8760,0.0150
35,0,16.8920,0.0160
35,0,16.9080,0.0160
35,0,16.9230,0.0150
4245,0,16.9390,0.0160
4258,0,16.9720,0.0330
4212,0,16.9880,0.0160
5412,0,17.0040,0.0160
4258,0,17.0190,0.0150
4242,0,17.0360,0.0170
4158,0,17.0500,0.0140
4229,0,17.0660,0.0160
4132,0,17.0780,0.0120
5,0,17.0940,0.0160
4177,0,17.1110,0.0170
5,0,17.1260,0.0150
4103,0,17.1430,0.0170
4097,0,17.1560,0.0130
4156,0,17.1890,0.0330
14,5,39.3120,22.1230
432,5,39.3420,0.0300
72,5,39.3560,0.0140
14,6,39.3850,0.0290
417,5,39.4170,0.0320
