SysID,Thread ID,time,inetrval
14,0,0.2180,0.2180
80,0,0.5610,0.3430
80,0,0.5800,0.0190
18,0,0.5990,0.0190
33,0,0.6060,0.0070
18,0,0.6400,0.0340
18,0,0.7520,0.1120
37,0,0.9350,0.1830
55,0,0.9670,0.0320
61,0,1.0150,0.0480
51,0,1.0310,0.0160
40,0,1.0610,0.0300
49,0,1.1720,0.1110
80,0,1.1860,0.0140
347,0,1.2170,0.0310
80,0,1.3400,0.1230
80,0,1.4690,0.1290
15,0,1.4880,0.0190
76,0,1.5450,0.0570
416,0,1.5800,0.0350
453,0,1.6080,0.0280
453,0,1.6390,0.0310
453,0,1.6600,0.0210
18,0,1.7960,0.1360
24,0,1.8270,0.0310
453,0,1.8900,0.0630
453,0,1.9530,0.0630
24,0,1.9990,0.0460
80,0,2.0620,0.0630
80,0,2.0760,0.0140
453,0,2.0770,0.0010
453,0,2.0930,0.0160
18,0,2.1230,0.0300
51,0,2.2800,0.1570
15,0,2.2960,0.0160
51,0,2.3150,0.0190
24,0,2.3810,0.0660
85,0,2.4410,0.0600
17,0,2.4540,0.0130
54,0,2.5150,0.0610
340,0,2.5410,0.0260
356,0,2.5950,0.0540
453,0,2.7090,0.1140
15,0,2.7220,0.0130
38,0,2.7510,0.0290
15,0,2.7930,0.0420
85,0,2.7960,0.0030
33,0,2.8270,0.0310
15,0,2.8430,0.0160
15,0,2.8600,0.0170
453,0,2.8750,0.0150
293,0,2.9230,0.0480
24,0,3.1700,0.2470
15,0,3.2340,0.0640
42,0,3.2500,0.0160
37,0,3.3420,0.0920
354,0,3.3570,0.0150
173,0,3.3780,0.0210
196,0,3.3910,0.0130
417,0,3.4060,0.0150
80,0,3.4230,0.0170
55,0,3.4380,0.0150
49,0,3.4510,0.0130
49,0,3.4830,0.0320
55,0,3.4980,0.0150
49,0,3.5140,0.0160
24,0,3.5370,0.0230
18,0,3.5480,0.0110
24,0,3.5620,0.0140
55,0,3.5930,0.0310
49,0,3.6090,0.0160
24,0,3.6280,0.0190
40,0,3.6740,0.0460
49,0,3.6880,0.0140
49,0,3.7210,0.0330
369,0,3.7500,0.0290
15,0,3.7650,0.0150
67,2,3.7800,0.0150
1,2,3.7960,0.0160
24,2,3.8130,0.0170
369,2,3.8580,0.0450
369,3,3.8740,0.0160
40,0,3.8900,0.0160
469,3,3.9050,0.0150
80,0,3.9200,0.0150
49,0,3.9390,0.0190
80,0,3.9580,0.0190
80,0,3.9680,0.0100
14,4,3.9870,0.0190
55,0,3.9990,0.0120
55,0,4.0140,0.0150
15,0,4.0290,0.0150
469,4,4.0450,0.0160
55,0,4.0610,0.0160
49,0,4.0780,0.0170
80,0,4.0920,0.0140
369,0,4.1080,0.0160
466,3,4.1390,0.0310
4,0,4.1550,0.0160
112,2,4.1860,0.0310
61,3,4.2010,0.0150
51,4,4.2330,0.0320
49,2,4.2490,0.0160
15,2,4.3130,0.0640
15,2,4.3270,0.0140
51,0,4.4060,0.0790
51,0,4.4200,0.0140
76,0,4.4510,0.0310
76,0,4.4680,0.0170
76,0,4.4840,0.0160
76,0,4.4990,0.0150
76,0,4.5200,0.0210
416,0,4.5480,0.0280
35,0,4.6570,0.1090
35,0,4.6700,0.0130
35,0,4.6870,0.0170
35,0,4.7050,0.0180
35,0,4.7490,0.0440
35,0,4.7660,0.0170
35,0,4.7800,0.0140
24,0,4.8110,0.0310
73,0,4.8390,0.0280
73,0,4.8430,0.0040
35,0,4.9200,0.0770
18,0,4.9520,0.0320
23,0,4.9730,0.0210
24,0,5.0940,0.1210
416,0,5.1090,0.0150
24,0,5.1710,0.0620
35,0,5.1920,0.0210
35,0,5.2030,0.0110
35,0,5.2170,0.0140
416,0,5.6390,0.4220
416,0,5.7020,0.0630
25,0,5.7170,0.0150
35,0,5.7330,0.0160
54,0,5.7490,0.0160
140,0,5.7800,0.0310
25,0,5.7950,0.0150
453,0,5.8110,0.0160
18,0,5.8260,0.0150
18,0,5.8590,0.0330
18,0,5.8780,0.0190
18,0,5.8890,0.0110
37,0,5.9040,0.0150
80,0,5.9350,0.0310
247,0,6.0310,0.0960
247,0,6.0470,0.0160
33,0,6.0930,0.0460
18,0,6.1090,0.0160
18,0,6.1220,0.0130
18,0,6.1230,0.0010
19,0,6.2020,0.0790
18,0,6.2180,0.0160
23,0,6.2330,0.0150
15,0,6.2490,0.0160
18,0,6.2640,0.0150
35,0,6.5460,0.2820
35,0,6.5620,0.0160
37,0,6.5780,0.0160
297,0,6.5930,0.0150
0,0,6.6400,0.0470
289,0,6.6710,0.0310
22,0,6.6860,0.0150
23,0,6.7170,0.0310
28,0,6.7490,0.0320
18,0,6.7650,0.0160
5349,0,6.7810,0.0160
416,0,6.7950,0.0140
24,0,6.8270,0.0320
73,0,6.9370,0.1100
24,0,7.0470,0.1100
24,0,7.0620,0.0150
35,0,7.0770,0.0150
416,0,7.1240,0.0470
416,0,7.1440,0.0200
453,0,7.1570,0.0130
25,0,7.1730,0.0160
192,0,7.1880,0.0150
51,0,7.2190,0.0310
453,0,7.3130,0.0940
24,0,7.4060,0.0930
453,0,7.4710,0.0650
453,0,7.5170,0.0460
453,0,7.5300,0.0130
453,0,7.5780,0.0480
416,0,7.5950,0.0170
416,0,7.6250,0.0300
453,0,7.6410,0.0160
453,0,7.6590,0.0180
453,0,7.6870,0.0280
14,0,7.7030,0.0160
417,0,7.7200,0.0170
14,0,7.7370,0.0170
24,0,7.7510,0.0140
73,0,7.7810,0.0300
24,0,7.8010,0.0200
24,0,7.8300,0.0290
24,0,7.8590,0.0290
35,0,8.0460,0.1870
25,0,8.0620,0.0160
428,0,8.0800,0.0180
72,0,8.0920,0.0120
40,0,8.1090,0.0170
357,0,8.1260,0.0170
54,0,8.1400,0.0140
15,0,8.1550,0.0150
322,0,8.1780,0.0230
25,0,8.1860,0.0080
25,0,8.2050,0.0190
24,0,8.2190,0.0140
80,0,8.3430,0.1240
18,0,8.4360,0.0930
322,0,8.4720,0.0360
24,0,8.4850,0.0130
297,0,8.5000,0.0150
15,0,8.5190,0.0190
453,0,8.5330,0.0140
33,0,8.6110,0.0780
15,0,8.6270,0.0160
18,0,8.6410,0.0140
25,0,8.6740,0.0330
18,0,8.6900,0.0160
140,0,8.7490,0.0590
340,0,8.7980,0.0490
24,0,8.8460,0.0480
15,0,8.8600,0.0140
15,0,8.8760,0.0160
91,0,8.9040,0.0280
15,0,9.5450,0.6410
462,0,9.5610,0.0160
44,0,9.6860,0.1250
