SysID,Thread ID,time,inetrval
14,0,0.2220,0.2220
80,0,0.5190,0.2970
80,0,0.5350,0.0160
80,0,0.5510,0.0160
23,0,0.5600,0.0090
15,0,0.5620,0.0020
33,0,0.5630,0.0010
18,0,0.5940,0.0310
18,0,0.6880,0.0940
37,0,0.8590,0.1710
55,0,0.8940,0.0350
61,0,0.9250,0.0310
51,0,0.9560,0.0310
49,0,1.0180,0.0620
80,0,1.0500,0.0320
347,0,1.0660,0.0160
80,0,1.1630,0.0970
80,0,1.2980,0.1350
15,0,1.3140,0.0160
76,0,1.3590,0.0450
416,0,1.3760,0.0170
453,0,1.4090,0.0330
453,0,1.4380,0.0290
453,0,1.4540,0.0160
18,0,1.5630,0.1090
23,0,1.5790,0.0160
453,0,1.5950,0.0160
453,0,1.6260,0.0310
24,0,1.6410,0.0150
24,0,1.7260,0.0850
80,0,1.7560,0.0300
453,0,1.7680,0.0120
18,0,1.8000,0.0320
51,0,1.9220,0.1220
15,0,1.9450,0.0230
51,0,1.9540,0.0090
15,0,1.9740,0.0200
24,0,2.0480,0.0740
17,0,2.0670,0.0190
40,0,2.0810,0.0140
54,0,2.1280,0.0470
340,0,2.1450,0.0170
356,0,2.2350,0.0900
453,0,2.3440,0.1090
15,0,2.3590,0.0150
38,0,2.3750,0.0160
297,0,2.3910,0.0160
15,0,2.4070,0.0160
85,0,2.4220,0.0150
33,0,2.4540,0.0320
76,0,2.4730,0.0190
85,0,2.4850,0.0120
293,0,2.5330,0.0480
24,0,2.7190,0.1860
15,0,2.7660,0.0470
37,0,2.8800,0.1140
354,0,2.8930,0.0130
196,0,2.9110,0.0180
417,0,2.9250,0.0140
80,0,2.9410,0.0160
55,0,2.9530,0.0120
49,0,2.9740,0.0210
49,0,2.9870,0.0130
369,0,3.0030,0.0160
15,0,3.0170,0.0140
67,2,3.0300,0.0130
1,2,3.0470,0.0170
40,0,3.0630,0.0160
80,2,3.1090,0.0460
24,2,3.1410,0.0320
80,0,3.1570,0.0160
18,2,3.1730,0.0160
80,0,3.1900,0.0170
28,2,3.2190,0.0290
14,2,3.2350,0.0160
55,0,3.2500,0.0150
469,2,3.2660,0.0160
369,0,3.2810,0.0150
40,0,3.3450,0.0640
369,0,3.3610,0.0160
24,2,3.3750,0.0140
466,3,3.3930,0.0180
112,2,3.4220,0.0290
469,3,3.4530,0.0310
80,0,3.4690,0.0160
80,3,3.4860,0.0170
348,0,3.5060,0.0200
76,0,3.5340,0.0280
340,0,3.5520,0.0180
416,0,3.5660,0.0140
24,0,3.5970,0.0310
73,0,3.7210,0.1240
24,0,3.7400,0.0190
18,0,3.8750,0.1350
23,0,3.8970,0.0220
24,0,3.9410,0.0440
24,0,3.9570,0.0160
35,0,3.9690,0.0120
416,0,4.0390,0.0700
416,0,4.0480,0.0090
453,0,4.0810,0.0330
453,0,4.0960,0.0150
72,0,4.1120,0.0160
51,0,4.1280,0.0160
35,0,4.1440,0.0160
453,0,4.2220,0.0780
24,0,4.2850,0.0630
453,0,4.3800,0.0950
453,0,4.4380,0.0580
453,0,4.4850,0.0470
417,0,4.5160,0.0310
33,0,4.5480,0.0320
22,0,4.5790,0.0310
96,0,4.6270,0.0480
28,0,4.6630,0.0360
22,0,4.6730,0.0100
96,0,4.6950,0.0220
44,0,4.7060,0.0110
15,0,4.7500,0.0440
15,0,4.7660,0.0160
15,0,4.7970,0.0310
15,0,4.8120,0.0150
15,0,4.8750,0.0630
15,0,4.8910,0.0160
15,0,4.9140,0.0230
