SysID,Thread ID,time,inetrval
14,0,0.2190,0.2190
80,0,0.5830,0.3640
80,0,0.5990,0.0160
80,0,0.6100,0.0110
18,0,0.6730,0.0630
18,0,0.7680,0.0950
37,0,0.9670,0.1990
55,0,0.9890,0.0220
61,0,1.0170,0.0280
51,0,1.0490,0.0320
40,0,1.0650,0.0160
49,0,1.1280,0.0630
80,0,1.1560,0.0280
347,0,1.1880,0.0320
80,0,1.2990,0.1110
80,0,1.4590,0.1600
15,0,1.4850,0.0260
76,0,1.5330,0.0480
453,0,1.5640,0.0310
453,0,1.6420,0.0780
453,0,1.6720,0.0300
18,0,1.7930,0.1210
23,0,1.7990,0.0060
453,0,1.8130,0.0140
453,0,1.8450,0.0320
24,0,1.8760,0.0310
24,0,1.9700,0.0940
80,0,2.0080,0.0380
80,0,2.0200,0.0120
453,0,2.0380,0.0180
453,0,2.0470,0.0090
18,0,2.0780,0.0310
51,0,2.2510,0.1730
348,0,2.2670,0.0160
15,0,2.2820,0.0150
51,0,2.3130,0.0310
24,0,2.4060,0.0930
85,0,2.4220,0.0160
17,0,2.4370,0.0150
54,0,2.5330,0.0960
340,0,2.5490,0.0160
356,0,2.6370,0.0880
453,0,2.7360,0.0990
15,0,2.7510,0.0150
38,0,2.7710,0.0200
297,0,2.7970,0.0260
15,0,2.8140,0.0170
85,0,2.8290,0.0150
33,0,2.8600,0.0310
18,0,2.8750,0.0150
15,0,2.8910,0.0160
85,0,2.9060,0.0150
293,0,2.9690,0.0630
24,0,3.1650,0.1960
15,0,3.2270,0.0620
37,0,3.3750,0.1480
354,0,3.3950,0.0200
205,0,3.4100,0.0150
196,0,3.4210,0.0110
202,0,3.4220,0.0010
417,0,3.4370,0.0150
80,0,3.4550,0.0180
40,0,3.4720,0.0170
49,0,3.4870,0.0150
49,0,3.5020,0.0150
369,0,3.5330,0.0310
67,2,3.5470,0.0140
1,2,3.5630,0.0160
55,0,3.5780,0.0150
49,0,3.5950,0.0170
80,0,3.6110,0.0160
80,0,3.6410,0.0300
80,0,3.6570,0.0160
466,2,3.7030,0.0460
18,0,3.7270,0.0240
24,0,3.7390,0.0120
112,0,3.7660,0.0270
55,0,3.7820,0.0160
28,2,3.7960,0.0140
14,2,3.7970,0.0010
469,2,3.8290,0.0320
24,0,3.8600,0.0310
466,0,3.8770,0.0170
40,0,3.9070,0.0300
80,0,3.9230,0.0160
469,3,3.9380,0.0150
369,0,3.9690,0.0310
51,0,3.9920,0.0230
76,0,3.9980,0.0060
51,0,4.0010,0.0030
76,0,4.0310,0.0300
24,0,4.0970,0.0660
73,0,4.2400,0.1430
24,0,4.2540,0.0140
18,0,4.3930,0.1390
23,0,4.4110,0.0180
24,0,4.4590,0.0480
24,0,4.4760,0.0170
24,0,4.4860,0.0100
416,0,4.5780,0.0920
416,0,4.6100,0.0320
453,0,4.6430,0.0330
25,0,4.6610,0.0180
192,0,4.6780,0.0170
72,0,4.6880,0.0100
51,0,4.7040,0.0160
7,0,4.7180,0.0140
35,0,4.7190,0.0010
453,0,4.8130,0.0940
24,0,4.8750,0.0620
24,0,4.9220,0.0470
453,0,5.0000,0.0780
453,0,5.0310,0.0310
453,0,5.0470,0.0160
14,0,5.0620,0.0150
417,0,5.0780,0.0160
450,0,5.0940,0.0160
36,0,5.1100,0.0160
54,0,5.1570,0.0470
289,0,5.1890,0.0320
22,0,5.2220,0.0330
23,0,5.2520,0.0300
28,0,5.2980,0.0460
18,0,5.3940,0.0960
18,0,5.4150,0.0210
18,0,5.4270,0.0120
33,0,5.4550,0.0280
88,0,5.4780,0.0230
33,0,5.4880,0.0100
33,0,5.5040,0.0160
33,0,5.6730,0.1690
15,0,5.7370,0.0640
22,0,5.7520,0.0150
18,0,5.7680,0.0160
54,0,5.7840,0.0160
453,0,5.8040,0.0200
23,0,5.8130,0.0090
60,0,5.8360,0.0230
33,0,5.9690,0.1330
121,0,5.9970,0.0280
137,0,6.0000,0.0030
24,0,6.0640,0.0640
140,0,6.0790,0.0150
140,0,6.3600,0.2810
140,0,6.5790,0.2190
140,0,6.5940,0.0150
354,0,6.6100,0.0160
432,0,6.6250,0.0150
65,0,6.6410,0.0160
24,0,6.6570,0.0160
74,0,6.6720,0.0150
42,0,6.6880,0.0160
40,0,6.7030,0.0150
33,0,6.7500,0.0470
15,0,6.7660,0.0160
18,0,6.7970,0.0310
23,0,6.8440,0.0470
85,0,6.8910,0.0470
74,0,6.9070,0.0160
18,0,6.9220,0.0150
23,0,6.9370,0.0150
23,0,6.9380,0.0010
40,0,6.9850,0.0470
40,0,7.0000,0.0150
40,0,7.0160,0.0160
42,0,7.0320,0.0160
40,0,7.0470,0.0150
44,0,7.0630,0.0160
15,0,7.1090,0.0460
15,0,7.1250,0.0160
15,0,7.1410,0.0160
15,0,7.1570,0.0160
15,0,7.1720,0.0150
15,0,7.2350,0.0630
15,0,7.2510,0.0160
15,0,7.2770,0.0260
