SysID,Thread ID,time,inetrval
14,0,0.2370,0.2370
80,0,0.5290,0.2920
80,0,0.5450,0.0160
80,0,0.5600,0.0150
80,0,0.5750,0.0150
18,0,0.6220,0.0470
18,0,0.7360,0.1140
23,0,0.7450,0.0090
37,0,0.9050,0.1600
55,0,0.9520,0.0470
61,0,0.9720,0.0200
51,0,1.0000,0.0280
40,0,1.0160,0.0160
49,0,1.0840,0.0680
80,0,1.0930,0.0090
347,0,1.1240,0.0310
80,0,1.2160,0.0920
80,0,1.3730,0.1570
15,0,1.3880,0.0150
76,0,1.4350,0.0470
416,0,1.4510,0.0160
453,0,1.4830,0.0320
453,0,1.5170,0.0340
453,0,1.5480,0.0310
18,0,1.6840,0.1360
453,0,1.7040,0.0200
453,0,1.7330,0.0290
24,0,1.7490,0.0160
24,0,1.8260,0.0770
80,0,1.8560,0.0300
453,0,1.8770,0.0210
453,0,1.8940,0.0170
18,0,1.9080,0.0140
15,0,1.9260,0.0180
51,0,2.0600,0.1340
15,0,2.0770,0.0170
51,0,2.0910,0.0140
15,0,2.1070,0.0160
24,0,2.2330,0.1260
85,0,2.2480,0.0150
54,0,2.3270,0.0790
340,0,2.3410,0.0140
356,0,2.4040,0.0630
453,0,2.5160,0.1120
15,0,2.5320,0.0160
38,0,2.5460,0.0140
297,0,2.5650,0.0190
15,0,2.5790,0.0140
85,0,2.6110,0.0320
33,0,2.6340,0.0230
18,0,2.6380,0.0040
76,0,2.6540,0.0160
18,0,2.6690,0.0150
293,0,2.7160,0.0470
24,0,2.9070,0.1910
15,0,2.9670,0.0600
37,0,3.0640,0.0970
354,0,3.0940,0.0300
196,0,3.1110,0.0170
417,0,3.1270,0.0160
80,0,3.1400,0.0130
49,0,3.1690,0.0290
49,0,3.1850,0.0160
80,0,3.2000,0.0150
369,0,3.2320,0.0320
67,2,3.2490,0.0170
1,2,3.2630,0.0140
55,0,3.2780,0.0150
49,0,3.2950,0.0170
80,0,3.3410,0.0460
466,2,3.3880,0.0470
24,0,3.4040,0.0160
24,0,3.4340,0.0300
112,0,3.4670,0.0330
55,0,3.4810,0.0140
14,2,3.4980,0.0170
469,2,3.5290,0.0310
80,2,3.5470,0.0180
14,2,3.5590,0.0120
14,2,3.5590,0.0120
40,0,3.5910,0.0320
466,2,3.6090,0.0180
369,0,3.6220,0.0130
24,3,3.6380,0.0160
369,0,3.6530,0.0150
80,3,3.6690,0.0160
49,0,3.6890,0.0200
49,0,3.7030,0.0140
49,0,3.7190,0.0160
49,0,3.7330,0.0140
15,0,3.7520,0.0190
80,3,3.7580,0.0060
49,0,3.7630,0.0050
369,0,3.7820,0.0190
80,3,3.8100,0.0280
18,0,3.8270,0.0170
1,4,3.8410,0.0140
51,0,3.8570,0.0160
24,0,3.8880,0.0310
61,4,3.9090,0.0210
369,0,3.9190,0.0100369,0,3.9190,0.0100
49,4,3.9350,0.0160
356,3,3.9510,0.0160
80,4,3.9660,0.0150
18,3,3.9980,0.0320
369,4,4.0280,0.0300
15,4,4.0440,0.0160
469,4,4.0610,0.0170
28,2,4.0750,0.0140
61,3,4.0910,0.0160
51,3,4.1060,0.0150
51,0,4.1560,0.0500
76,0,4.1780,0.0220
76,0,4.1860,0.0080
51,0,4.2180,0.0320
76,0,4.2340,0.0160
76,0,4.2490,0.0150
76,0,4.2680,0.0190
416,0,4.2800,0.0120
24,0,4.3290,0.0490
73,0,4.5130,0.1840
24,0,4.5290,0.0160
18,0,4.6560,0.1270
23,0,4.6860,0.0300
24,0,4.7340,0.0480
24,0,4.7500,0.0160
35,0,4.7640,0.0140
416,0,4.8260,0.0620
416,0,4.8410,0.0150
453,0,4.8570,0.0160
25,0,4.8720,0.0150
192,0,4.8880,0.0160
51,0,4.9030,0.0150
7,0,4.9190,0.0160
453,0,4.9970,0.0780
24,0,5.0910,0.0940
453,0,5.1690,0.0780
453,0,5.2000,0.0310
453,0,5.2160,0.0160
453,0,5.2310,0.0150
35,0,5.3280,0.0970
35,0,5.3620,0.0340
35,0,5.3750,0.0130
35,0,5.3900,0.0150
35,0,5.4070,0.0170
24,0,5.4380,0.0310
73,0,5.4510,0.0130
35,0,5.5150,0.0640
24,0,5.5780,0.0630
416,0,5.6120,0.0340
35,0,5.6850,0.0730
35,0,5.7000,0.0150
35,0,5.7150,0.0150
35,0,5.7160,0.0010
416,0,6.1260,0.4100
54,0,6.1390,0.0130
140,0,6.1570,0.0180
25,0,6.1880,0.0310
18,0,6.2040,0.0160
18,0,6.2200,0.0160
18,0,6.2500,0.0300
23,0,6.2680,0.0180
37,0,6.2810,0.0130
80,0,6.3130,0.0320
247,0,6.4060,0.0930
33,0,6.4540,0.0480
18,0,6.4690,0.0150
19,0,6.5480,0.0790
18,0,6.5630,0.0150
23,0,6.5800,0.0170
15,0,6.5940,0.0140
15,0,6.6110,0.0170
24,0,6.6870,0.0760
35,0,6.8770,0.1900
4101,0,6.8910,0.0140
37,0,6.9050,0.0140
297,0,6.9210,0.0160
0,0,6.9680,0.0470
289,0,6.9830,0.0150
22,0,7.0150,0.0320
23,0,7.0490,0.0340
28,0,7.0620,0.0130
18,0,7.0790,0.0170
5349,0,7.0950,0.0160
416,0,7.1570,0.0620
35,0,7.1750,0.0180
4151,0,7.2200,0.0450
453,0,7.2330,0.0130
51,0,7.3270,0.0940
33,0,7.3430,0.0160
18,0,7.3590,0.0160
17,0,7.3740,0.0150
140,0,7.4080,0.0340
15,0,7.4230,0.0150
105,0,7.4520,0.0290
4162,0,7.4850,0.0330
25,0,7.5000,0.0150
14,0,7.5300,0.0300
417,0,7.5500,0.0200
35,0,7.5610,0.0110
35,0,7.5870,0.0260
72,0,7.6870,0.1000
51,0,7.7500,0.0630
340,0,7.7660,0.0160
33,0,7.7980,0.0320
33,0,7.8120,0.0140
18,0,7.8290,0.0170
24,0,7.8440,0.0150
23,0,7.8580,0.0140
23,0,7.8750,0.0170
18,0,7.9100,0.0350
23,0,7.9540,0.0440
85,0,7.9830,0.0290
74,0,8.0130,0.0300
23,0,8.0440,0.0310
4,0,8.1070,0.0630
4,0,8.1570,0.0500
80,0,8.2030,0.0460
51,0,8.2190,0.0160
61,0,8.2340,0.0150
85,0,8.2500,0.0160
85,0,8.2650,0.0150
61,0,8.2800,0.0150
51,0,8.3130,0.0330
51,0,8.3420,0.0290
73,0,8.3620,0.0200
51,0,8.3720,0.0100
73,0,8.3930,0.0210
51,0,8.4070,0.0140
37,0,8.4200,0.0130
61,0,8.4510,0.0310
49,0,8.4670,0.0160
80,2,8.4810,0.0140
15,0,8.4970,0.0160
112,2,8.5130,0.0160
112,4,8.5290,0.0160
112,4,8.5440,0.0150
80,4,8.5610,0.0170
22,0,8.6530,0.0920
356,0,8.7480,0.0950
444,0,8.7810,0.0330
356,0,8.8330,0.0520
33,0,8.8640,0.0310
22,0,8.8750,0.0110
22,0,8.9030,0.0280
22,0,8.9260,0.0230
282,0,8.9380,0.0120
33,0,8.9530,0.0150
22,0,9.0150,0.0620
72,0,9.0340,0.0190
64,0,9.0470,0.0130
453,0,9.0640,0.0170
416,0,9.0770,0.0130
61,0,9.1270,0.0500
15,0,9.1410,0.0140
22,0,9.1720,0.0310
416,0,9.1880,0.0160
192,0,9.2190,0.0310
192,0,9.2370,0.0180
416,0,9.2810,0.0440
453,0,9.3120,0.0310
416,0,9.3290,0.0170
453,0,9.3910,0.0620
453,0,9.4060,0.0150
453,0,9.4230,0.0170
14,0,9.4470,0.0240
61,0,9.4530,0.0060
5125,0,9.4820,0.0290
4156,0,9.5130,0.0310
80,0,9.5370,0.0240
4188,0,9.5680,0.0310
4328,0,9.6120,0.0440
4211,0,9.6390,0.0270
4,0,9.6640,0.0250
4,0,9.6700,0.0060
24,0,9.6940,0.0240
4,0,9.7030,0.0090
4,0,9.7260,0.0230
4,0,9.7330,0.0070
4819,0,9.7660,0.0330
4200,0,9.7850,0.0190
4131,0,9.8310,0.0460
4258,0,9.8730,0.0420
4212,0,9.9040,0.0310
4264,0,9.9350,0.0310
4242,0,9.9660,0.0310
4251,0,9.9890,0.0230
4103,0,10.0030,0.0140
5,0,10.0180,0.0150
4192,0,10.0330,0.0150
18,0,10.0910,0.0580
51,0,10.1140,0.0230
35,0,10.1250,0.0110
35,0,10.1430,0.0180
35,0,10.1570,0.0140
4245,0,10.1730,0.0160
4258,0,10.2240,0.0510
4212,0,10.2330,0.0090
4,0,10.2640,0.0310
4264,0,10.2940,0.0300
4212,0,10.3210,0.0270
5230,0,10.3270,0.0060
5412,0,10.3810,0.0540
4103,0,10.3890,0.0080
49,0,10.4130,0.0240
4,0,10.4210,0.0080
453,0,10.4730,0.0520
24,0,10.4790,0.0060
14,0,10.5200,0.0410
80,0,10.5320,0.0120
4172,0,10.5520,0.0200
4162,0,10.5560,0.0040
4166,0,10.5610,0.0050
4162,0,10.5750,0.0140
4106,0,10.5940,0.0190
5292,0,10.6160,0.0220
4131,0,10.6270,0.0110
4103,0,10.6740,0.0470
4258,0,10.7000,0.0260
5230,0,10.7220,0.0220
4162,0,10.7380,0.0160
4,0,10.7570,0.0190
5412,0,10.7660,0.0090
4212,0,10.7890,0.0230
4,0,10.7940,0.0050
4106,0,10.8530,0.0590
4787,0,10.8570,0.0040
5,0,10.8770,0.0200
5,0,10.8880,0.0110
4123,0,10.9080,0.0200
4106,0,11.0760,0.1680
80,0,11.0980,0.0220
4180,0,11.1130,0.0150
4222,0,11.1400,0.0270
4131,0,11.1630,0.0230
4279,0,11.1710,0.0080
5292,0,11.1910,0.0200
4100,0,11.2040,0.0130
4111,0,11.2210,0.0170
194,0,11.2380,0.0170
4177,0,11.2480,0.0100
4187,0,11.2940,0.0460
5,0,11.3100,0.0160
4097,0,11.3410,0.0310
4,0,11.3560,0.0150
4097,0,11.4040,0.0480
4120,0,11.4220,0.0180
4097,0,11.4360,0.0140
4,5,11.4830,0.0470
4112,5,11.5330,0.0500
4103,5,11.5480,0.0150
61,5,11.5690,0.0210
4,5,11.5770,0.0080
24,5,11.5940,0.0170
24,5,11.6100,0.0160
5254,5,11.8250,0.2150
4162,0,11.8460,0.0210
4123,0,11.8610,0.0150
5254,5,11.8920,0.0310
5254,5,11.9220,0.0300
4097,0,11.9370,0.0150
5254,5,11.9540,0.0170
5254,5,11.9890,0.0350
5254,5,11.9980,0.0090
5254,5,12.0480,0.0500
5254,5,12.0600,0.0120
5254,5,12.0920,0.0320
5254,5,12.1270,0.0350
5254,5,12.2020,0.0750
5254,5,12.2340,0.0320
5254,5,12.2500,0.0160
5254,5,12.2800,0.0300
5254,5,12.2950,0.0150
5254,5,12.3120,0.0170
4103,5,12.3270,0.0150
5254,5,12.3440,0.0170
5254,5,12.3580,0.0140
5254,5,12.3900,0.0320
5254,5,12.4090,0.0190
5254,5,12.4370,0.0280
5254,5,12.4530,0.0160
5254,5,12.4820,0.0290
5254,5,12.5020,0.0200
5254,5,12.5340,0.0320
5254,5,12.5640,0.0300
5254,5,12.5960,0.0320
5254,5,12.6090,0.0130
39,5,12.6380,0.0290
51,5,12.6530,0.0150
39,5,12.6540,0.0010
30,5,12.6690,0.0150
30,5,12.6840,0.0150
4103,5,12.7000,0.0160
4096,0,12.7190,0.0190
4132,0,12.7350,0.0160
5412,0,12.7520,0.0170
4131,0,12.7660,0.0140
23,0,12.7870,0.0210
15,0,12.7950,0.0080
61,0,12.8410,0.0460
22,0,12.8750,0.0340
23,0,12.9100,0.0350
49,0,12.9170,0.0070
55,0,12.9190,0.0020
49,0,12.9350,0.0160
80,2,12.9500,0.0150
24,0,12.9660,0.0160
80,0,12.9860,0.0200
22,0,13.0600,0.0740
4151,0,13.2000,0.1400
54,0,13.2280,0.0280
54,0,13.2340,0.0060
416,0,13.2590,0.0250
85,0,13.2660,0.0070
340,0,13.2820,0.0160
416,0,13.3120,0.0300
453,0,13.3680,0.0560
453,0,13.3720,0.0040
72,0,13.4680,0.0960
72,0,13.4830,0.0150
416,0,13.5000,0.0170
453,0,13.5310,0.0310
416,0,13.5450,0.0140
22,0,13.5620,0.0170
14,0,13.5770,0.0150
80,0,13.7160,0.1390
15,0,13.7310,0.0150
80,0,13.8350,0.1040
42,0,13.8440,0.0090
13,0,13.8570,0.0130
15,0,13.8730,0.0160
15,0,13.8880,0.0150
15,0,13.9210,0.0330
15,0,13.9680,0.0470
80,0,13.9860,0.0180
80,0,13.9980,0.0120
80,0,14.0290,0.0310
96,0,14.0470,0.0180
15,0,14.0760,0.0290
61,0,14.1700,0.0940
80,0,14.2000,0.0300
18,0,14.2850,0.0850
18,0,14.2960,0.0110
297,0,14.3110,0.0150
18,0,14.3320,0.0210
453,0,14.3460,0.0140
33,0,14.4060,0.0600
18,0,14.4220,0.0160
18,0,14.4370,0.0150
25,0,14.4850,0.0480
140,0,14.5140,0.0290
33,0,14.5470,0.0330
85,0,14.5630,0.0160
61,0,14.5790,0.0160
74,0,14.5890,0.0100
40,0,14.5910,0.0020
35,0,14.6130,0.0220
51,0,14.6230,0.0100
17,0,14.6580,0.0350
42,0,14.6720,0.0140
18,0,14.6870,0.0150
340,0,14.7330,0.0460
85,0,14.7670,0.0340
15,0,14.8430,0.0760
58,0,14.8610,0.0180
15,0,14.8720,0.0110
4,0,14.8880,0.0160
25,0,15.0450,0.1570
61,0,15.0650,0.0200
25,0,15.2170,0.1520
51,0,15.2440,0.0270
39,0,15.2480,0.0040
51,0,15.2660,0.0180
323,0,15.2850,0.0190
4,0,15.2970,0.0120
4,0,15.3180,0.0210
4,0,15.3290,0.0110
22,0,15.3480,0.0190
215,0,15.3560,0.0080
15,0,15.3570,0.0010
44,0,15.3880,0.0310
15,0,15.4520,0.0640
15,0,15.4850,0.0330
15,0,15.5170,0.0320
15,0,15.5630,0.0460
13,0,15.5790,0.0160
13,0,15.6400,0.0610
15,0,15.6730,0.0330
15,0,15.6880,0.0150
15,0,15.7020,0.0140
15,0,15.7160,0.0140
13,0,15.7940,0.0780
4275,0,15.8100,0.0160
15,0,15.8250,0.0150
13,0,15.8410,0.0160
15,0,15.8950,0.0540
30,0,15.9050,0.0100
13,0,15.9280,0.0230
15,0,16.0180,0.0900
15,0,16.0290,0.0110
15,0,16.0630,0.0340
15,0,16.0950,0.0320
15,0,16.1220,0.0270
15,0,16.1460,0.0240
