SysID,Thread ID,time,inetrval
14,0,0.2200,0.2200
80,0,0.5790,0.3590
80,0,0.6050,0.0260
80,0,0.6090,0.0040
18,0,0.6250,0.0160
18,0,0.6730,0.0480
18,0,0.7650,0.0920
37,0,0.9580,0.1930
55,0,0.9880,0.0300
61,0,1.0180,0.0300
51,0,1.0440,0.0260
74,0,1.0470,0.0030
49,0,1.1100,0.0630
80,0,1.1330,0.0230
80,0,1.1410,0.0080
347,0,1.1610,0.0200
80,0,1.2500,0.0890
80,0,1.4380,0.1880
76,0,1.5000,0.0620
416,0,1.5470,0.0470
453,0,1.5630,0.0160
453,0,1.5940,0.0310
453,0,1.6260,0.0320
18,0,1.7410,0.1150
23,0,1.7600,0.0190
453,0,1.7710,0.0110
453,0,1.8130,0.0420
24,0,1.9060,0.0930
80,0,1.9370,0.0310
453,0,1.9530,0.0160
453,0,1.9730,0.0200
18,0,2.0000,0.0270
51,0,2.2030,0.2030
348,0,2.2200,0.0170
15,0,2.2350,0.0150
51,0,2.2660,0.0310
51,0,2.2820,0.0160
24,0,2.3590,0.0770
85,0,2.3760,0.0170
17,0,2.3910,0.0150
54,0,2.4540,0.0630
340,0,2.4700,0.0160
356,0,2.5330,0.0630
453,0,2.6560,0.1230
38,0,2.6880,0.0320
15,0,2.7180,0.0300
85,0,2.7470,0.0290
33,0,2.7650,0.0180
15,0,2.7810,0.0160
76,0,2.8010,0.0200
293,0,2.8450,0.0440
24,0,3.0480,0.2030
15,0,3.1110,0.0630
37,0,3.2200,0.1090
354,0,3.2380,0.0180
205,0,3.2530,0.0150
196,0,3.2670,0.0140
80,0,3.2970,0.0300
55,0,3.3130,0.0160
49,0,3.3460,0.0330
80,0,3.3590,0.0130
49,0,3.3820,0.0230
55,0,3.3940,0.0120
49,0,3.4070,0.0130
55,0,3.4250,0.0180
49,0,3.4390,0.0140
24,0,3.4550,0.0160
18,0,3.4710,0.0160
24,0,3.5010,0.0300
55,0,3.5320,0.0310
49,0,3.5490,0.0170
24,0,3.5670,0.0180
40,0,3.6110,0.0440
49,0,3.6420,0.0310
369,0,3.6730,0.0310
67,2,3.7010,0.0280
15,0,3.7040,0.0030
1,2,3.7190,0.0150
15,0,3.7340,0.0150
369,2,3.7650,0.0310
67,3,3.7810,0.0160
15,0,3.8130,0.0320
15,0,3.8300,0.0170
80,0,3.8440,0.0140
369,0,3.8640,0.0200
49,0,3.8910,0.0270
80,0,3.9140,0.0230
80,0,3.9140,0.0230
369,0,3.9220,0.0080
369,0,3.9370,0.0150
80,4,3.9590,0.0220
14,4,3.9680,0.0090
51,0,4.0330,0.0650
51,0,4.0650,0.0320
76,0,4.0830,0.0180
76,0,4.0960,0.0130
76,0,4.1120,0.0160
76,0,4.1270,0.0150
416,0,4.1430,0.0160
35,0,4.2360,0.0930
35,0,4.2510,0.0150
35,0,4.2700,0.0190
35,0,4.2830,0.0130
35,0,4.3150,0.0320
35,0,4.3290,0.0140
35,0,4.3440,0.0150
24,0,4.3750,0.0310
73,0,4.3980,0.0230
35,0,4.5320,0.1340
23,0,4.6220,0.0900
24,0,4.7970,0.1750
416,0,4.8610,0.0640
24,0,4.9420,0.0810
35,0,4.9540,0.0120
35,0,4.9700,0.0160
35,0,4.9920,0.0220
24,0,5.2980,0.3060
416,0,5.4070,0.1090
416,0,5.4850,0.0780
35,0,5.5150,0.0300
54,0,5.5310,0.0160
140,0,5.5470,0.0160
25,0,5.5780,0.0310
453,0,5.5940,0.0160
18,0,5.6090,0.0150
18,0,5.6400,0.0310
18,0,5.6560,0.0160
18,0,5.6580,0.0020
4834,0,5.6720,0.0140
24,0,5.6890,0.0170
80,0,5.7030,0.0140
247,0,5.8150,0.1120
33,0,5.8620,0.0470
18,0,5.8760,0.0140
19,0,5.9550,0.0790
18,0,5.9740,0.0190
18,0,5.9870,0.0130
23,0,6.0020,0.0150
15,0,6.0220,0.0200
18,0,6.0360,0.0140
24,0,6.0940,0.0580
35,0,6.3290,0.2350
4101,0,6.3440,0.0150
4224,0,6.3610,0.0170
0,0,6.4080,0.0470
15,0,6.4240,0.0160
25,0,6.4380,0.0140
289,0,6.4550,0.0170
22,0,6.4700,0.0150
23,0,6.5010,0.0310
28,0,6.5320,0.0310
18,0,6.5540,0.0220
5349,0,6.5790,0.0250
24,0,6.6160,0.0370
24,0,6.6290,0.0130
73,0,6.7250,0.0960
73,0,6.7350,0.0100
24,0,6.8460,0.1110
24,0,6.8610,0.0150
35,0,6.8760,0.0150
416,0,6.9230,0.0470
416,0,6.9380,0.0150
453,0,6.9570,0.0190
25,0,6.9720,0.0150
192,0,6.9850,0.0130
51,0,7.0170,0.0320
453,0,7.1090,0.0920
24,0,7.1890,0.0800
453,0,7.2660,0.0770
453,0,7.3130,0.0470
453,0,7.3290,0.0160
417,0,7.3610,0.0320
24,0,7.3780,0.0170
73,0,7.4380,0.0600
24,0,7.4530,0.0150
24,0,7.6090,0.1560
35,0,7.6250,0.0160
35,0,7.7500,0.1250
25,0,7.7660,0.0160
331,0,7.7920,0.0260
428,0,7.7970,0.0050
74,0,7.8170,0.0200
40,0,7.8290,0.0120
357,0,7.8450,0.0160
94,0,7.8580,0.0130
54,0,7.8600,0.0020
15,0,7.8770,0.0170
121,0,7.8940,0.0170
322,0,7.9060,0.0120
25,0,7.9070,0.0010
25,0,7.9240,0.0170
24,0,7.9540,0.0300
80,0,8.0630,0.1090
61,0,8.0790,0.0160
24,0,8.1260,0.0470
18,0,8.1450,0.0190
18,0,8.1590,0.0140
322,0,8.1930,0.0340
30,0,8.2030,0.0100
297,0,8.2240,0.0210
23,0,8.2380,0.0140
15,0,8.2470,0.0090
453,0,8.2500,0.0030
33,0,8.3460,0.0960
33,0,8.3620,0.0160
23,0,8.3760,0.0140
25,0,8.4090,0.0330
73,0,8.4220,0.0130
140,0,8.4850,0.0630
340,0,8.5340,0.0490
24,0,8.5640,0.0300
15,0,8.6010,0.0370
15,0,8.6090,0.0080
15,0,9.3440,0.7350
44,0,9.3940,0.0500
