SysID,Thread ID,time,inetrval
14,0,0.2210,0.2210
80,0,0.5310,0.3100
80,0,0.5460,0.0150
18,0,0.5620,0.0160
18,0,0.6090,0.0470
18,0,0.7030,0.0940
37,0,0.8930,0.1900
55,0,0.9220,0.0290
61,0,0.9580,0.0360
51,0,0.9680,0.0100
49,0,1.0460,0.0780
80,0,1.0710,0.0250
80,0,1.0780,0.0070
347,0,1.0970,0.0190
80,0,1.1870,0.0900
80,0,1.3430,0.1560
15,0,1.3590,0.0160
76,0,1.3970,0.0380
416,0,1.4220,0.0250
453,0,1.4370,0.0150
453,0,1.4840,0.0470
453,0,1.5000,0.0160
18,0,1.6250,0.1250
453,0,1.6560,0.0310
453,0,1.6760,0.0200
24,0,1.6870,0.0110
24,0,1.7810,0.0940
80,0,1.8280,0.0470
453,0,1.8440,0.0160
18,0,1.8760,0.0320
51,0,2.0150,0.1390
15,0,2.0310,0.0160
51,0,2.0460,0.0150
51,0,2.0620,0.0160
24,0,2.1400,0.0780
85,0,2.1560,0.0160
74,0,2.1720,0.0160
54,0,2.2490,0.0770
340,0,2.2650,0.0160
356,0,2.3280,0.0630
453,0,2.4370,0.1090
15,0,2.4590,0.0220
38,0,2.4850,0.0260
33,0,2.5010,0.0160
15,0,2.5170,0.0160
85,0,2.5340,0.0170
33,0,2.5500,0.0160
23,0,2.5650,0.0150
76,0,2.5820,0.0170
76,0,2.5930,0.0110
293,0,2.6420,0.0490
24,0,2.8430,0.2010
15,0,2.9060,0.0630
37,0,3.0250,0.1190
354,0,3.0330,0.0080
417,0,3.0550,0.0220
144,0,3.0650,0.0100
80,0,3.0930,0.0280
40,0,3.1090,0.0160
80,0,3.1300,0.0210
49,0,3.1430,0.0130
55,0,3.1640,0.0210
49,0,3.1710,0.0070
40,0,3.1960,0.0250
49,0,3.2020,0.0060
24,0,3.2210,0.0190
18,0,3.2500,0.0290
24,0,3.2660,0.0160
55,0,3.2810,0.0150
40,0,3.3030,0.0220
80,0,3.3180,0.0150
24,0,3.3360,0.0180
40,0,3.3660,0.0300
49,0,3.3790,0.0130
369,0,3.4300,0.0510
15,0,3.4350,0.0050
67,2,3.4370,0.0020
1,2,3.4540,0.0170
24,2,3.4680,0.0140
369,2,3.5150,0.0470
67,3,3.5300,0.0150
469,2,3.5470,0.0170
14,3,3.5620,0.0150
80,4,3.5780,0.0160
80,0,3.5990,0.0210
55,0,3.6060,0.0070
40,0,3.6090,0.0030
49,0,3.6240,0.0150
14,3,3.6400,0.0160
80,0,3.6400,0.0160
49,0,3.6570,0.0170
80,0,3.6700,0.0130
369,0,3.6720,0.0020
4,0,3.6870,0.0150
51,0,3.7360,0.0490
51,0,3.7680,0.0320
76,0,3.7810,0.0130
76,0,3.8020,0.0210
76,0,3.8130,0.0110
35,0,3.9070,0.0940
35,0,3.9370,0.0300
35,0,3.9620,0.0250
35,0,3.9720,0.0100
35,0,4.0080,0.0360
35,0,4.0200,0.0120
24,0,4.0460,0.0260
73,0,4.0790,0.0330
35,0,4.1740,0.0950
18,0,4.1910,0.0170
23,0,4.2040,0.0130
23,0,4.2220,0.0180
24,0,4.3140,0.0920
416,0,4.3440,0.0300
24,0,4.4560,0.1120
35,0,4.5010,0.0450
35,0,4.5160,0.0150
35,0,4.5460,0.0300
35,0,4.5620,0.0160
24,0,4.8770,0.3150
416,0,4.9710,0.0940
416,0,5.0500,0.0790
35,0,5.0810,0.0310
54,0,5.0970,0.0160
140,0,5.1280,0.0310
25,0,5.1430,0.0150
453,0,5.1570,0.0140
18,0,5.1740,0.0170
18,0,5.2070,0.0330
18,0,5.2240,0.0170
37,0,5.2400,0.0160
24,0,5.2550,0.0150
80,0,5.2710,0.0160
247,0,5.3770,0.1060
33,0,5.4380,0.0610
19,0,5.5290,0.0910
15,0,5.5300,0.0010
23,0,5.5620,0.0320
15,0,5.5890,0.0270
18,0,5.5940,0.0050
24,0,5.6570,0.0630
35,0,5.8900,0.2330
4101,0,5.9060,0.0160
4224,0,5.9210,0.0150
66,0,5.9370,0.0160
0,0,5.9840,0.0470
25,0,6.0000,0.0160
22,0,6.0300,0.0300
289,0,6.0460,0.0160
23,0,6.0780,0.0320
28,0,6.1090,0.0310
15,0,6.1240,0.0150
5349,0,6.1560,0.0320
24,0,6.2030,0.0470
73,0,6.3120,0.1090
24,0,6.4210,0.1090
24,0,6.4520,0.0310
416,0,6.4990,0.0470
416,0,6.5330,0.0340
453,0,6.5500,0.0170
453,0,6.5650,0.0150
192,0,6.5770,0.0120
51,0,6.6100,0.0330
35,0,6.6250,0.0150
453,0,6.7040,0.0790
24,0,6.7820,0.0780
453,0,6.8600,0.0780
416,0,6.8760,0.0160
453,0,6.9070,0.0310
453,0,6.9230,0.0160
14,0,6.9400,0.0170
417,0,6.9550,0.0150
360,0,7.0180,0.0630
