SysID,Thread ID,time,inetrval
14,0,0.2230,0.2230
80,0,0.5630,0.3400
18,0,0.5920,0.0290
18,0,0.5950,0.0030
18,0,0.6410,0.0460
18,0,0.7340,0.0930
37,0,0.9110,0.1770
55,0,0.9390,0.0280
61,0,0.9720,0.0330
51,0,0.9860,0.0140
40,0,1.0130,0.0270
49,0,1.0940,0.0810
80,0,1.1100,0.0160
80,0,1.1260,0.0160
347,0,1.1420,0.0160
80,0,1.2660,0.1240
80,0,1.4610,0.1950
15,0,1.4690,0.0080
76,0,1.5320,0.0630
416,0,1.5640,0.0320
453,0,1.5950,0.0310
453,0,1.6250,0.0300
453,0,1.6410,0.0160
18,0,1.7520,0.1110
23,0,1.7680,0.0160
453,0,1.7850,0.0170
453,0,1.8160,0.0310
24,0,1.8290,0.0130
24,0,1.9060,0.0770
80,0,1.9540,0.0480
453,0,1.9690,0.0150
453,0,1.9850,0.0160
18,0,2.0320,0.0470
51,0,2.1720,0.1400
15,0,2.1880,0.0160
51,0,2.2180,0.0300
348,0,2.2190,0.0010
24,0,2.2970,0.0780
85,0,2.3160,0.0190
17,0,2.3290,0.0130
54,0,2.3920,0.0630
340,0,2.4100,0.0180
356,0,2.4750,0.0650
453,0,2.5810,0.1060
15,0,2.5970,0.0160
38,0,2.6170,0.0200
297,0,2.6260,0.0090
15,0,2.6570,0.0310
85,0,2.6750,0.0180
33,0,2.7010,0.0260
18,0,2.7060,0.0050
85,0,2.7300,0.0240
453,0,2.7370,0.0070
293,0,2.7870,0.0500
24,0,2.9850,0.1980
15,0,3.0640,0.0790
37,0,3.1730,0.1090
354,0,3.1910,0.0180
205,0,3.2070,0.0160
196,0,3.2230,0.0160
417,0,3.2350,0.0120
55,0,3.2550,0.0200
49,0,3.2670,0.0120
80,0,3.2860,0.0190
49,0,3.2970,0.0110
55,0,3.3210,0.0240
49,0,3.3300,0.0090
40,0,3.3470,0.0170
49,0,3.3610,0.0140
18,0,3.3910,0.0300
55,0,3.4230,0.0320
49,0,3.4560,0.0330
24,0,3.4760,0.0200
40,0,3.5050,0.0290
49,0,3.5310,0.0260
369,0,3.5670,0.0360
15,0,3.5800,0.0130
67,2,3.5940,0.0140
24,2,3.6110,0.0170
469,2,3.6250,0.0140
369,2,3.6560,0.0310
67,3,3.6730,0.0170
80,3,3.6880,0.0150
469,4,3.7040,0.0160
369,4,3.7190,0.0150
51,0,3.7680,0.0490
51,0,3.7980,0.0300
76,0,3.8290,0.0310
35,0,3.9440,0.1150
35,0,3.9560,0.0120
35,0,3.9740,0.0180
35,0,3.9850,0.0110
35,0,4.0190,0.0340
35,0,4.0350,0.0160
24,0,4.0500,0.0150
24,0,4.0670,0.0170
73,0,4.0810,0.0140
73,0,4.1000,0.0190
35,0,4.1780,0.0780
18,0,4.2040,0.0260
23,0,4.2510,0.0470
24,0,4.4080,0.1570
24,0,4.4850,0.0770
35,0,4.5010,0.0160
35,0,4.5160,0.0150
35,0,4.5310,0.0150
35,0,4.5320,0.0010
24,0,4.8750,0.3430
416,0,4.9220,0.0470
24,0,4.9540,0.0320
416,0,5.0000,0.0460
35,0,5.0160,0.0160
54,0,5.0320,0.0160
140,0,5.0630,0.0310
25,0,5.0790,0.0160
453,0,5.0940,0.0150
18,0,5.1100,0.0160
18,0,5.1410,0.0310
18,0,5.1570,0.0160
18,0,5.1720,0.0150
37,0,5.1880,0.0160
80,0,5.2190,0.0310
247,0,5.3130,0.0940
33,0,5.3590,0.0460
18,0,5.3750,0.0160
19,0,5.3910,0.0160
19,0,5.4530,0.0620
18,0,5.4690,0.0160
23,0,5.4840,0.0150
15,0,5.5000,0.0160
18,0,5.5160,0.0160
35,0,5.8000,0.2840
4101,0,5.8140,0.0140
5169,0,5.8320,0.0180
0,0,5.8760,0.0440
289,0,5.9070,0.0310
22,0,5.9400,0.0330
23,0,5.9700,0.0300
28,0,6.0020,0.0320
5,0,6.0170,0.0150
5349,0,6.0330,0.0160
14,0,6.0490,0.0160
417,0,6.0640,0.0150
450,0,6.0790,0.0150
24,0,6.0970,0.0180
73,0,6.2060,0.1090
24,0,6.3620,0.1560
24,0,6.3790,0.0170
35,0,6.3940,0.0150
4353,0,6.4630,0.0690
4239,0,6.4700,0.0070
4188,0,6.4860,0.0160
80,0,6.5210,0.0350
4211,0,6.5470,0.0260
33,0,6.5840,0.0370
18,0,6.6010,0.0170
282,0,6.6120,0.0110
23,0,6.6300,0.0180
18,0,6.6450,0.0150
15,0,6.6610,0.0160
18,0,6.6900,0.0290
4,0,6.7120,0.0220
4,0,6.7220,0.0100
24,0,6.7420,0.0200
4,0,6.7540,0.0120
4,0,6.7740,0.0200
4,0,6.7820,0.0080
4819,0,6.8180,0.0360
4200,0,6.8470,0.0290
80,0,6.8910,0.0440
4819,0,6.9270,0.0360
4819,0,6.9440,0.0170
80,0,6.9710,0.0270
4173,0,7.0040,0.0330
80,0,7.0210,0.0170
4128,0,7.0500,0.0290
4483,0,7.0800,0.0300
37,0,7.1760,0.0960
356,0,7.1940,0.0180
356,0,7.2240,0.0300
18,0,7.2420,0.0180
61,0,7.3010,0.0590
51,0,7.3200,0.0190
49,0,7.3280,0.0080
15,0,7.3490,0.0210
4,0,7.3590,0.0100
28,3,7.3760,0.0170
24,0,7.3970,0.0210
73,0,7.4380,0.0410
24,0,7.5630,0.1250
24,0,7.5800,0.0170
416,0,7.6430,0.0630
14,0,7.6750,0.0320
80,0,7.7510,0.0760
4159,0,7.7670,0.0160
4149,0,7.8010,0.0340
4267,0,7.8220,0.0210
4267,0,7.8320,0.0100
4819,0,7.8510,0.0190
4298,0,7.8630,0.0120
4769,0,7.8760,0.0130
22,0,7.8960,0.0200
22,0,7.9110,0.0150
4106,0,7.9290,0.0180
19,0,7.9440,0.0150
4188,0,7.9610,0.0170
4221,0,7.9730,0.0120
19,0,7.9910,0.0180
4131,0,8.0040,0.0130
5292,0,8.0230,0.0190
4298,0,8.0690,0.0460
24,0,8.0880,0.0190
4,0,8.1560,0.0680
15,0,8.2050,0.0490
85,0,8.2190,0.0140
17,0,8.2380,0.0190
74,0,8.2510,0.0130
40,0,8.2670,0.0160
4298,0,8.2980,0.0310
4298,0,8.3150,0.0170
356,0,8.4100,0.0950
444,0,8.4380,0.0280
356,0,8.4870,0.0490
180,0,8.6170,0.1300
300,0,8.6310,0.0140
300,0,8.6480,0.0170
4,0,8.6530,0.0050
4,0,8.6570,0.0040
30,0,9.0160,0.3590
30,0,9.0320,0.0160
4787,0,9.0630,0.0310
4781,0,9.0780,0.0150
24,0,9.0940,0.0160
4328,0,9.1570,0.0630
23,0,9.2190,0.0620
23,0,9.2340,0.0150
4221,0,9.2500,0.0160
50,0,9.2660,0.0160
50,0,9.2820,0.0160
22,0,9.2970,0.0150
4781,0,9.6570,0.3600
4781,0,9.6720,0.0150
4159,0,9.8140,0.1420
4159,0,9.8290,0.0150
356,0,9.8610,0.0320
180,0,9.9860,0.1250
300,0,10.0000,0.0140
32,0,10.0160,0.0160
4159,0,10.1100,0.0940
4159,0,10.1250,0.0150
4159,0,10.1410,0.0160
4159,0,10.1570,0.0160
4159,0,10.1720,0.0150
4159,0,10.1880,0.0160
4159,0,10.2030,0.0150
4149,0,10.2660,0.0630
4188,0,10.2820,0.0160
4819,0,10.2970,0.0150
4787,0,10.3130,0.0160
4781,0,10.3290,0.0160
4131,0,10.3760,0.0470
4149,0,10.4220,0.0460
4149,0,10.4380,0.0160
4149,0,10.4540,0.0160
4149,0,10.4690,0.0150
4149,0,10.4850,0.0160
4149,0,10.5010,0.0160
4159,0,10.5160,0.0150
4149,0,10.5320,0.0160
4173,0,10.5780,0.0460
4159,0,10.6000,0.0220
4159,0,10.6130,0.0130
4159,0,10.6330,0.0200
4159,0,10.6430,0.0100
4159,0,10.6640,0.0210
4131,0,10.6730,0.0090
4149,0,10.6980,0.0250
4131,0,10.6990,0.0010
4131,0,10.7070,0.0080
4158,0,10.7670,0.0600
4156,0,10.7970,0.0300
4188,0,10.8160,0.0190
4131,0,10.8290,0.0130
4258,0,10.8930,0.0640
4212,0,10.9070,0.0140
4264,0,10.9230,0.0160
4212,0,10.9390,0.0160
4242,0,10.9710,0.0320
4103,0,10.9890,0.0180
5,0,11.0010,0.0120
4103,0,11.0210,0.0200
4129,0,11.0330,0.0120
18,0,11.1260,0.0930
23,0,11.1430,0.0170
51,0,11.1580,0.0150
74,0,11.1740,0.0160
35,0,11.1900,0.0160
35,0,11.2050,0.0150
35,0,11.2370,0.0320
5,0,11.2530,0.0160
4258,0,11.3150,0.0620
4212,0,11.3290,0.0140
5412,0,11.3450,0.0160
4258,0,11.3620,0.0170
4242,0,11.3780,0.0160
5,0,11.3950,0.0170
5412,0,11.4070,0.0120
4177,0,11.4270,0.0200
5,0,11.4390,0.0120
4103,0,11.4560,0.0170
4103,0,11.4670,0.0110
5,0,11.4690,0.0020
4097,0,11.4880,0.0190
4108,0,11.5020,0.0140
