SysID,Thread ID,time,inetrval
14,0,0.2500,0.2500
80,0,0.5470,0.2970
80,0,0.5740,0.0270
80,0,0.5780,0.0040
18,0,0.5940,0.0160
18,0,0.6250,0.0310
18,0,0.7340,0.1090
37,0,0.8910,0.1570
55,0,0.9410,0.0500
61,0,0.9710,0.0300
51,0,0.9870,0.0160
40,0,1.0040,0.0170
49,0,1.0650,0.0610
80,0,1.0820,0.0170
80,0,1.0960,0.0140
347,0,1.1130,0.0170
80,0,1.2030,0.0900
80,0,1.3440,0.1410
15,0,1.3590,0.0150
76,0,1.3910,0.0320
416,0,1.4220,0.0310
453,0,1.4390,0.0170
453,0,1.4840,0.0450
453,0,1.5130,0.0290
18,0,1.6280,0.1150
15,0,1.6430,0.0150
453,0,1.6600,0.0170
453,0,1.6920,0.0320
24,0,1.7030,0.0110
24,0,1.7970,0.0940
80,0,1.8300,0.0330
453,0,1.8460,0.0160
453,0,1.8620,0.0160
18,0,1.8910,0.0290
51,0,2.0170,0.1260
15,0,2.0310,0.0140
51,0,2.0470,0.0160
15,0,2.0630,0.0160
51,0,2.0790,0.0160
24,0,2.1560,0.0770
85,0,2.1790,0.0230
17,0,2.1840,0.0050
17,0,2.1890,0.0050
54,0,2.2500,0.0610
340,0,2.2660,0.0160
356,0,2.3290,0.0630
453,0,2.4380,0.1090
38,0,2.4690,0.0310
24,0,2.4850,0.0160
15,0,2.5010,0.0160
33,0,2.5330,0.0320
15,0,2.5570,0.0240
76,0,2.5650,0.0080
15,0,2.5830,0.0180
293,0,2.6250,0.0420
24,0,2.8120,0.1870
15,0,2.8750,0.0630
37,0,2.9840,0.1090
354,0,3.0000,0.0160
196,0,3.0160,0.0160
417,0,3.0310,0.0150
80,0,3.0470,0.0160
40,0,3.0620,0.0150
55,0,3.0840,0.0220
49,0,3.0940,0.0100
369,0,3.1260,0.0320
67,2,3.1570,0.0310
55,0,3.1720,0.0150
1,2,3.1890,0.0170
80,0,3.2030,0.0140
80,0,3.2510,0.0480
24,2,3.2980,0.0470
18,2,3.3130,0.0150
466,0,3.3290,0.0160
24,2,3.3440,0.0150
112,2,3.3590,0.0150
28,2,3.3790,0.0200
40,0,3.3900,0.0110
469,2,3.4220,0.0320
55,0,3.4400,0.0180
24,0,3.4530,0.0130
40,0,3.5000,0.0470
80,0,3.5150,0.0150
466,2,3.5480,0.0330
466,3,3.5620,0.0140
80,4,3.5780,0.0160
15,0,3.5990,0.0210
49,0,3.6090,0.0100
49,0,3.6300,0.0210
49,0,3.6420,0.0120
80,0,3.6590,0.0170
49,0,3.6720,0.0130
369,0,3.6920,0.0200
469,4,3.7030,0.0110
80,3,3.7190,0.0160
469,2,3.7350,0.0160
51,0,3.7530,0.0180
24,0,3.7680,0.0150
24,0,3.7860,0.0180
369,0,3.8000,0.0140
356,3,3.8430,0.0430
356,3,3.8750,0.0320
18,3,3.9070,0.0320
49,2,3.9370,0.0300
80,2,3.9680,0.0310
61,3,3.9840,0.0160
49,3,4.0000,0.0160
80,3,4.0150,0.0150
80,4,4.0350,0.0200
51,0,4.0830,0.0480
76,0,4.0970,0.0140
51,0,4.1290,0.0320
76,0,4.1450,0.0160
76,0,4.1590,0.0140
76,0,4.1760,0.0170
416,0,4.1910,0.0150
24,0,4.2390,0.0480
73,0,4.4070,0.1680
73,0,4.4220,0.0150
18,0,4.5470,0.1250
23,0,4.5820,0.0350
24,0,4.6280,0.0460
24,0,4.6410,0.0130
35,0,4.6560,0.0150
416,0,4.7030,0.0470
416,0,4.7190,0.0160
453,0,4.7340,0.0150
453,0,4.7500,0.0160
192,0,4.7660,0.0160
51,0,4.7970,0.0310
453,0,4.8750,0.0780
24,0,4.9690,0.0940
453,0,5.0310,0.0620
453,0,5.0780,0.0470
453,0,5.0930,0.0150
35,0,5.1750,0.0820
35,0,5.2070,0.0320
35,0,5.2220,0.0150
35,0,5.2370,0.0150
24,0,5.2660,0.0290
73,0,5.2840,0.0180
35,0,5.3320,0.0480
24,0,5.4110,0.0790
416,0,5.4400,0.0290
35,0,5.5320,0.0920
35,0,5.5510,0.0190
35,0,5.5660,0.0150
24,0,5.8940,0.3280
416,0,5.9550,0.0610
140,0,5.9880,0.0330
25,0,6.0030,0.0150
453,0,6.0200,0.0170
18,0,6.0310,0.0110
18,0,6.0650,0.0340
18,0,6.0820,0.0170
37,0,6.0990,0.0170
24,0,6.1120,0.0130
80,0,6.1290,0.0170
247,0,6.2390,0.1100
33,0,6.2980,0.0590
18,0,6.3180,0.0200
19,0,6.3940,0.0760
18,0,6.4110,0.0170
23,0,6.4260,0.0150
15,0,6.4550,0.0290
24,0,6.6130,0.1580
35,0,6.7670,0.1540
37,0,6.7880,0.0210
297,0,6.8000,0.0120
0,0,6.8310,0.0310
15,0,6.8530,0.0220
25,0,6.8610,0.0080
22,0,6.8930,0.0320
23,0,6.9270,0.0340
28,0,6.9460,0.0190
18,0,6.9590,0.0130
5349,0,6.9770,0.0180
416,0,7.0190,0.0420
25,0,7.0400,0.0210
35,0,7.0500,0.0100
4151,0,7.0870,0.0370
4151,0,7.0960,0.0090
51,0,7.1930,0.0970
33,0,7.2090,0.0160
18,0,7.2240,0.0150
17,0,7.2400,0.0160
140,0,7.2660,0.0260
105,0,7.3170,0.0510
4162,0,7.3280,0.0110
35,0,7.3600,0.0320
14,0,7.3920,0.0320
14,0,7.4120,0.0200
35,0,7.4250,0.0130
72,0,7.5380,0.1130
51,0,7.5810,0.0430
340,0,7.6090,0.0280
33,0,7.6410,0.0320
33,0,7.6560,0.0150
72,0,7.6720,0.0160
23,0,7.6870,0.0150
18,0,7.7030,0.0160
18,0,7.7340,0.0310
23,0,7.7670,0.0330
85,0,7.8150,0.0480
74,0,7.8310,0.0160
18,0,7.8490,0.0180
23,0,7.8620,0.0130
4,0,7.9100,0.0480
4,0,7.9730,0.0630
80,0,8.0180,0.0450
51,0,8.0330,0.0150
61,0,8.0500,0.0170
85,0,8.0650,0.0150
85,0,8.0810,0.0160
61,0,8.0980,0.0170
51,0,8.1290,0.0310
15,0,8.1420,0.0130
51,0,8.1750,0.0330
51,0,8.1930,0.0180
73,0,8.2060,0.0130
15,0,8.2220,0.0160
37,0,8.2540,0.0320
61,0,8.2670,0.0130
40,0,8.2800,0.0130
49,0,8.2810,0.0010
55,0,8.3010,0.0200
80,2,8.3100,0.0090
80,0,8.3130,0.0030
469,2,8.3290,0.0160
80,3,8.3290,0.0160
49,3,8.3450,0.0160
80,2,8.3450,0.0160
80,2,8.3450,0.0160
80,4,8.3590,0.0140
22,0,8.4570,0.0980
356,0,8.5340,0.0770
444,0,8.5660,0.0320
356,0,8.6100,0.0440
33,0,8.6440,0.0340
22,0,8.6590,0.0150
410,0,8.6760,0.0170
18,0,8.6920,0.0160
22,0,8.7060,0.0140
36,0,8.7220,0.0160
22,0,8.7380,0.0160
22,0,8.7850,0.0470
453,0,8.8010,0.0160
64,0,8.8370,0.0360
453,0,8.8480,0.0110
416,0,8.8670,0.0190
61,0,8.9120,0.0450
42,0,8.9260,0.0140
22,0,8.9580,0.0320
416,0,8.9740,0.0160
192,0,9.0050,0.0310
192,0,9.0200,0.0150
416,0,9.0620,0.0420
453,0,9.0980,0.0360
416,0,9.1160,0.0180
453,0,9.1770,0.0610
453,0,9.2030,0.0260
14,0,9.2260,0.0230
51,0,9.2370,0.0110
4,0,9.2540,0.0170
4,0,9.2850,0.0310
61,0,9.3450,0.0600
24,0,9.3620,0.0170
24,0,9.3780,0.0160
5254,0,9.5820,0.2040
5254,0,9.6130,0.0310
5254,0,9.6290,0.0160
5254,0,9.6450,0.0160
5254,0,9.6750,0.0300
5254,0,9.6910,0.0160
5254,0,9.7070,0.0160
5254,0,9.7190,0.0120
5254,0,9.7400,0.0210
5254,0,9.7530,0.0130
5254,0,9.7670,0.0140
5254,0,9.8330,0.0660
5254,0,9.8470,0.0140
5254,0,9.8790,0.0320
39,0,9.9100,0.0310
51,0,9.9230,0.0130
5254,0,9.9560,0.0330
5254,0,9.9720,0.0160
5254,0,10.0040,0.0320
5254,0,10.0180,0.0140
5254,0,10.0490,0.0310
5254,0,10.0660,0.0170
5254,0,10.0960,0.0300
5254,0,10.1120,0.0160
5254,0,10.1430,0.0310
5254,0,10.1600,0.0170
5254,0,10.1750,0.0150
5254,0,10.1900,0.0150
5254,0,10.2070,0.0170
30,0,10.2200,0.0130
30,0,10.2380,0.0180
22,0,10.2520,0.0140
15,0,10.2690,0.0170
24,0,10.3310,0.0620
22,0,10.3610,0.0300
23,0,10.3810,0.0200
51,0,10.3920,0.0110
49,0,10.4040,0.0120
369,0,10.4060,0.0020
49,0,10.4230,0.0170
80,4,10.4390,0.0160
80,4,10.4550,0.0160
22,0,10.5150,0.0600
453,0,10.5310,0.0160
4151,0,10.6450,0.1140
80,0,10.6600,0.0150
54,0,10.6760,0.0160
416,0,10.6900,0.0140
85,0,10.7070,0.0170
340,0,10.7220,0.0150
416,0,10.7540,0.0320
453,0,10.7980,0.0440
453,0,10.8170,0.0190
72,0,10.9060,0.0890
54,0,10.9220,0.0160
453,0,10.9530,0.0310
416,0,10.9690,0.0160
22,0,10.9840,0.0150
23,0,11.0000,0.0160
80,0,11.1410,0.1410
15,0,11.1560,0.0150
80,0,11.2380,0.0820
13,0,11.2510,0.0130
91,0,11.2690,0.0180
91,0,11.2810,0.0120
15,0,11.3040,0.0230
15,0,11.3140,0.0100
15,0,11.3630,0.0490
80,0,11.3790,0.0160
4275,0,11.3920,0.0130
4275,0,11.4100,0.0180
80,0,11.4260,0.0160
14,0,11.4390,0.0130
96,0,11.4570,0.0180
15,0,11.4710,0.0140
61,0,11.5640,0.0930
80,0,11.5940,0.0300
18,0,11.6720,0.0780
18,0,11.6930,0.0210
18,0,11.7060,0.0130
453,0,11.7210,0.0150
33,0,11.7860,0.0650
15,0,11.7990,0.0130
15,0,11.8160,0.0170
25,0,11.8850,0.0690
18,0,11.8870,0.0020
140,0,11.9230,0.0360
33,0,11.9440,0.0210
85,0,11.9540,0.0100
61,0,11.9730,0.0190
74,0,11.9850,0.0120
35,0,12.0050,0.0200
51,0,12.0180,0.0130
17,0,12.0500,0.0320
42,0,12.0810,0.0310
340,0,12.1250,0.0440
85,0,12.1750,0.0500
15,0,12.2340,0.0590
24,0,12.2550,0.0210
15,0,12.2790,0.0240
4,0,12.2970,0.0180
25,0,12.3600,0.0630
15,0,12.3730,0.0130
61,0,12.3750,0.0020
25,0,12.3910,0.0160
15,0,12.4250,0.0340
