SysID,Thread ID,time,inetrval
14,0,0.2350,0.2350
80,0,0.5310,0.2960
80,0,0.5470,0.0160
18,0,0.5630,0.0160
18,0,0.6100,0.0470
18,0,0.7030,0.0930
37,0,0.8750,0.1720
55,0,0.9070,0.0320
61,0,0.9270,0.0200
51,0,0.9570,0.0300
40,0,0.9750,0.0180
49,0,1.0320,0.0570
80,0,1.0570,0.0250
80,0,1.0630,0.0060
347,0,1.0910,0.0280
80,0,1.1720,0.0810
80,0,1.2970,0.1250
15,0,1.3120,0.0150
76,0,1.3610,0.0490
416,0,1.3760,0.0150
453,0,1.4070,0.0310
453,0,1.4480,0.0410
453,0,1.4690,0.0210
18,0,1.5780,0.1090
15,0,1.5940,0.0160
453,0,1.6100,0.0160
453,0,1.6260,0.0160
24,0,1.6420,0.0160
24,0,1.7210,0.0790
80,0,1.7540,0.0330
453,0,1.7700,0.0160
453,0,1.7850,0.0150
18,0,1.8120,0.0270
51,0,1.9400,0.1280
15,0,1.9570,0.0170
51,0,1.9720,0.0150
15,0,1.9810,0.0090
51,0,1.9850,0.0040
24,0,2.0610,0.0760
85,0,2.0630,0.0020
40,0,2.0890,0.0260
54,0,2.1420,0.0530
340,0,2.1560,0.0140
356,0,2.2510,0.0950
453,0,2.3600,0.1090
15,0,2.3750,0.0150
38,0,2.3910,0.0160
297,0,2.4070,0.0160
15,0,2.4230,0.0160
85,0,2.4510,0.0280
33,0,2.4690,0.0180
76,0,2.4930,0.0240
33,0,2.5020,0.0090
293,0,2.5530,0.0510
24,0,2.7670,0.2140
15,0,2.8280,0.0610
37,0,2.9220,0.0940
354,0,2.9370,0.0150
205,0,2.9530,0.0160
196,0,2.9690,0.0160
80,0,2.9850,0.0160
55,0,3.0000,0.0150
80,0,3.0200,0.0200
80,0,3.0280,0.0080
49,0,3.0310,0.0030
369,0,3.0780,0.0470
67,2,3.1100,0.0320
1,2,3.1260,0.0160
40,0,3.1720,0.0460
49,0,3.2180,0.0460
18,2,3.2340,0.0160
24,2,3.2660,0.0320
466,0,3.2810,0.0150
112,2,3.2980,0.0170
28,2,3.3130,0.0150
55,0,3.3290,0.0160
469,2,3.3440,0.0150
49,0,3.3590,0.0150
15,0,3.3860,0.0270
67,3,3.3870,0.0010
55,0,3.3910,0.0040
80,3,3.4380,0.0470
40,0,3.4540,0.0160
24,0,3.4690,0.0150
55,0,3.4850,0.0160
80,0,3.5000,0.0150
369,0,3.5180,0.0180
369,0,3.5310,0.0130
466,2,3.5470,0.0160
356,3,3.5650,0.0180
80,0,3.5780,0.0130
18,3,3.5940,0.0160
49,0,3.6560,0.0620
112,3,3.6720,0.0160
15,0,3.6900,0.0180
49,0,3.7040,0.0140
51,3,3.7190,0.0150
80,3,3.7350,0.0160
49,0,3.7510,0.0160
1,4,3.7660,0.0150
469,3,3.7870,0.0210
80,2,3.7960,0.0090
369,0,3.7970,0.0010
49,0,3.8140,0.0170
80,0,3.8280,0.0140
469,4,3.8450,0.0170
469,4,3.8590,0.0140
80,0,3.8750,0.0160
18,0,3.9070,0.0320
51,0,3.9270,0.0200
369,0,3.9730,0.0460
49,0,3.9870,0.0140
49,4,4.0000,0.0130
80,4,4.0140,0.0140
40,0,4.0160,0.0020
61,3,4.0330,0.0170
15,4,4.0470,0.0140
80,3,4.0630,0.0160
28,4,4.0790,0.0160
51,0,4.1250,0.0460
51,0,4.1560,0.0310
76,0,4.1770,0.0210
76,0,4.1900,0.0130
76,0,4.2070,0.0170
76,0,4.2240,0.0170
76,0,4.2380,0.0140
76,0,4.2610,0.0230
76,0,4.2660,0.0050
416,0,4.2970,0.0310
24,0,4.3310,0.0340
73,0,4.5160,0.1850
73,0,4.5320,0.0160
18,0,4.6560,0.1240
23,0,4.6780,0.0220
23,0,4.6940,0.0160
24,0,4.7350,0.0410
24,0,4.7560,0.0210
35,0,4.7670,0.0110
416,0,4.8250,0.0580
35,0,4.9100,0.0850
35,0,4.9430,0.0330
35,0,4.9580,0.0150
35,0,4.9740,0.0160
73,0,5.0190,0.0450
35,0,5.0800,0.0610
24,0,5.1310,0.0510
416,0,5.1720,0.0410
85,0,5.1870,0.0150
416,0,5.2520,0.0650
416,0,5.2720,0.0200
453,0,5.2870,0.0150
25,0,5.2980,0.0110
72,0,5.3190,0.0210
51,0,5.3320,0.0130
35,0,5.3480,0.0160
453,0,5.3960,0.0480
453,0,5.4100,0.0140
72,0,5.5030,0.0930
180,0,5.5200,0.0170
416,0,5.5340,0.0140
453,0,5.5690,0.0350
416,0,5.5820,0.0130
416,0,5.5990,0.0170
35,0,5.6720,0.0730
35,0,5.7080,0.0360
35,0,5.7150,0.0070
35,0,5.7200,0.0050
24,0,5.7970,0.0770
24,0,5.9840,0.1870
416,0,6.1040,0.1200
416,0,6.1430,0.0390
25,0,6.1630,0.0200
35,0,6.1750,0.0120
140,0,6.2070,0.0320
25,0,6.2340,0.0270
18,0,6.2660,0.0320
18,0,6.2990,0.0330
18,0,6.3220,0.0230
15,0,6.3290,0.0070
80,0,6.3640,0.0350
247,0,6.4690,0.1050
33,0,6.5150,0.0460
18,0,6.5310,0.0160
19,0,6.5930,0.0620
15,0,6.6090,0.0160
18,0,6.6250,0.0160
15,0,6.6400,0.0150
18,0,6.6560,0.0160
21,0,6.8750,0.2190
35,0,6.9220,0.0470
37,0,6.9380,0.0160
297,0,6.9530,0.0150
0,0,7.0000,0.0470
289,0,7.0160,0.0160
22,0,7.0470,0.0310
23,0,7.0630,0.0160
28,0,7.0940,0.0310
5349,0,7.1090,0.0150
416,0,7.1250,0.0160
35,0,7.1560,0.0310
24,0,7.2030,0.0470
22,0,7.2190,0.0160
22,0,7.2350,0.0160
35,0,7.2810,0.0460
35,0,7.2970,0.0160
444,0,7.3280,0.0310
35,0,7.3440,0.0160
35,0,7.3590,0.0150
356,0,7.3750,0.0160
33,0,7.4060,0.0310
22,0,7.4220,0.0160
22,0,7.4370,0.0150
22,0,7.4530,0.0160
22,0,7.4690,0.0160
36,0,7.4840,0.0150
35,0,7.5350,0.0510
22,0,7.5580,0.0230
453,0,7.5730,0.0150
453,0,7.5800,0.0070
72,0,7.5980,0.0180
453,0,7.6160,0.0180
453,0,7.6200,0.0040
453,0,7.6290,0.0090
453,0,7.6770,0.0480
416,0,7.6910,0.0140
453,0,7.7190,0.0280
416,0,7.7340,0.0150
453,0,7.7970,0.0630
24,0,7.8750,0.0780
453,0,7.9560,0.0810
453,0,7.9890,0.0330
453,0,8.0050,0.0160
24,0,8.0190,0.0140
24,0,8.0480,0.0290
73,0,8.0890,0.0410
24,0,8.2220,0.1330
24,0,8.2370,0.0150
35,0,8.2680,0.0310
4162,0,8.2850,0.0170
5125,0,8.3340,0.0490
4162,0,8.3480,0.0140
22,0,8.3680,0.0200
4162,0,8.3990,0.0310
25,0,8.4110,0.0120
416,0,8.4330,0.0220
35,0,8.4590,0.0260
192,0,8.5510,0.0920
453,0,8.5820,0.0310
453,0,8.5970,0.0150
35,0,8.6130,0.0160
416,0,8.6280,0.0150
453,0,8.6590,0.0310
4151,0,8.6760,0.0170
4151,0,8.6920,0.0160
416,0,8.7060,0.0140
453,0,8.7680,0.0620
453,0,8.7850,0.0170
35,0,8.7940,0.0090
35,0,8.7970,0.0030
35,0,8.8240,0.0270
35,0,8.8290,0.0050
35,0,8.8520,0.0230
35,0,8.8640,0.0120
35,0,8.8810,0.0170
35,0,8.8870,0.0060
35,0,8.8910,0.0040
416,0,8.9530,0.0620
35,0,8.9840,0.0310
22,0,9.0160,0.0320
453,0,9.0310,0.0150
4151,0,9.1570,0.1260
80,0,9.1760,0.0190
54,0,9.1910,0.0150
416,0,9.2060,0.0150
4151,0,9.2650,0.0590
4151,0,9.2660,0.0010
4264,0,9.3200,0.0540
4158,0,9.3320,0.0120
33,0,9.3510,0.0190
22,0,9.3660,0.0150
22,0,9.3960,0.0300
283,0,9.4120,0.0160
24,0,9.4290,0.0170
416,0,9.4380,0.0090
35,0,9.4630,0.0250
80,0,9.4870,0.0240
22,0,9.5210,0.0340
14,0,9.5380,0.0170
417,0,9.5530,0.0150
14,0,9.5670,0.0140
35,0,9.6440,0.0770
331,0,9.6630,0.0190
428,0,9.6740,0.0110
74,0,9.6920,0.0180
60,0,9.7050,0.0130
94,0,9.7250,0.0200
54,0,9.7300,0.0050
4,0,9.7340,0.0040
24,0,9.7510,0.0170
322,0,9.7660,0.0150
25,0,9.7870,0.0210
24,0,9.8020,0.0150
80,0,9.9240,0.1220
18,0,9.9850,0.0610
201,0,10.0110,0.0260
322,0,10.0310,0.0200
18,0,10.0640,0.0330
15,0,10.0910,0.0270
453,0,10.0950,0.0040
33,0,10.1750,0.0800
33,0,10.1910,0.0160
24,0,10.2070,0.0160
25,0,10.2380,0.0310
140,0,10.3000,0.0620
340,0,10.3480,0.0480
24,0,10.3780,0.0300
15,0,10.3920,0.0140
91,0,10.4060,0.0140
15,0,11.0470,0.6410
44,0,11.1290,0.0820
