SysID,Thread ID,time,inetrval
14,0,0.2190,0.2190
80,0,0.5500,0.3310
80,0,0.5590,0.0090
80,0,0.5610,0.0020
80,0,0.5770,0.0160
18,0,0.6550,0.0780
18,0,0.7490,0.0940
37,0,0.9210,0.1720
55,0,0.9520,0.0310
61,0,0.9830,0.0310
51,0,1.0150,0.0320
40,0,1.0300,0.0150
49,0,1.0930,0.0630
80,0,1.1240,0.0310
347,0,1.1390,0.0150
80,0,1.2330,0.0940
80,0,1.4050,0.1720
76,0,1.4530,0.0480
416,0,1.4690,0.0160
453,0,1.5000,0.0310
453,0,1.5460,0.0460
453,0,1.5630,0.0170
18,0,1.7020,0.1390
15,0,1.7180,0.0160
453,0,1.7550,0.0370
24,0,1.7680,0.0130
24,0,1.8580,0.0900
80,0,1.8900,0.0320
453,0,1.9060,0.0160
453,0,1.9220,0.0160
18,0,1.9420,0.0200
15,0,1.9530,0.0110
51,0,2.0790,0.1260
348,0,2.0950,0.0160
51,0,2.1250,0.0300
24,0,2.2020,0.0770
85,0,2.2340,0.0320
17,0,2.2510,0.0170
54,0,2.3140,0.0630
340,0,2.3280,0.0140
356,0,2.4050,0.0770
453,0,2.5150,0.1100
15,0,2.5320,0.0170
38,0,2.5540,0.0220
297,0,2.5670,0.0130
15,0,2.5950,0.0280
33,0,2.6240,0.0290
76,0,2.6550,0.0310
15,0,2.6750,0.0200
293,0,2.7190,0.0440
24,0,2.9260,0.2070
15,0,2.9860,0.0600
42,0,2.9960,0.0100
37,0,3.0990,0.1030
354,0,3.1110,0.0120
417,0,3.1280,0.0170
417,0,3.1450,0.0170
80,0,3.1580,0.0130
55,0,3.1730,0.0150
49,0,3.1890,0.0160
49,0,3.2020,0.0130
369,0,3.2360,0.0340
67,2,3.2490,0.0130
55,0,3.2660,0.0170
80,0,3.2810,0.0150
80,0,3.2960,0.0150
55,0,3.3120,0.0160
80,2,3.3590,0.0470
49,0,3.3740,0.0150
80,0,3.3900,0.0160
466,0,3.4050,0.0150
18,2,3.4240,0.0190
24,2,3.4370,0.0130
112,2,3.4680,0.0310
28,2,3.4990,0.0310
469,2,3.5310,0.0320
80,2,3.5460,0.0150
24,0,3.5610,0.0150
40,0,3.5960,0.0350
49,0,3.6120,0.0160
369,0,3.6210,0.0090
15,0,3.6240,0.0030
369,0,3.6550,0.0310
49,0,3.6720,0.0170
49,0,3.6900,0.0180
49,0,3.7020,0.0120
49,0,3.7190,0.0170
49,0,3.7540,0.0350
80,3,3.7610,0.0070
15,0,3.7640,0.0030
80,0,3.7860,0.0220
369,0,3.7930,0.0070
80,4,3.7960,0.0030
469,2,3.8120,0.0160
18,0,3.8280,0.0160
51,0,3.8580,0.0300
24,0,3.8830,0.0250
369,0,3.8900,0.0070
55,0,3.9060,0.0160
51,3,3.9210,0.0150
356,0,3.9370,0.0160
356,0,3.9520,0.0150
49,3,3.9680,0.0160
18,0,3.9840,0.0160
80,3,3.9990,0.0150
24,3,4.0150,0.0160
61,0,4.0610,0.0460
61,0,4.0770,0.0160
51,0,4.0930,0.0160
369,0,4.1080,0.0150
51,0,4.1620,0.0540
76,0,4.1730,0.0110
348,0,4.1910,0.0180
51,0,4.2020,0.0110
51,0,4.2240,0.0220
76,0,4.2290,0.0050
348,0,4.2340,0.0050
76,0,4.2650,0.0310
24,0,4.3290,0.0640
73,0,4.4670,0.1380
73,0,4.4830,0.0160
24,0,4.4990,0.0160
18,0,4.6710,0.1720
23,0,4.7060,0.0350
24,0,4.7490,0.0430
24,0,4.7690,0.0200
35,0,4.7800,0.0110
416,0,4.8430,0.0630
416,0,4.8580,0.0150
453,0,4.8740,0.0160
453,0,4.8900,0.0160
192,0,4.9060,0.0160
51,0,4.9370,0.0310
35,0,4.9530,0.0160
453,0,5.0460,0.0930
24,0,5.1240,0.0780
453,0,5.2020,0.0780
416,0,5.2170,0.0150
453,0,5.2490,0.0320
453,0,5.2640,0.0150
416,0,5.2810,0.0170
35,0,5.3620,0.0810
35,0,5.3940,0.0320
35,0,5.4200,0.0260
35,0,5.4440,0.0240
73,0,5.4840,0.0400
24,0,5.5060,0.0220
35,0,5.5480,0.0420
24,0,5.6030,0.0550
24,0,5.6100,0.0070
416,0,5.6400,0.0300
35,0,5.7330,0.0930
35,0,5.7590,0.0260
35,0,5.7600,0.0010
35,0,5.7660,0.0060
24,0,6.1720,0.4060
416,0,6.1860,0.0140
54,0,6.2020,0.0160
80,0,6.2180,0.0160
140,0,6.2330,0.0150
25,0,6.2490,0.0160
18,0,6.2640,0.0150
18,0,6.2800,0.0160
18,0,6.2960,0.0160
18,0,6.3270,0.0310
18,0,6.3430,0.0160
37,0,6.3580,0.0150
80,0,6.3900,0.0320
247,0,6.4920,0.1020
247,0,6.4990,0.0070
33,0,6.5460,0.0470
18,0,6.5620,0.0160
19,0,6.6250,0.0630
15,0,6.6400,0.0150
18,0,6.6560,0.0160
23,0,6.6720,0.0160
15,0,6.6870,0.0150
24,0,6.7350,0.0480
24,0,6.8280,0.0930
35,0,6.9670,0.1390
4101,0,6.9830,0.0160
4224,0,6.9990,0.0160
0,0,7.0460,0.0470
15,0,7.0610,0.0150
289,0,7.0770,0.0160
22,0,7.0930,0.0160
23,0,7.1240,0.0310
28,0,7.1390,0.0150
5,0,7.1550,0.0160
5349,0,7.1710,0.0160
416,0,7.1860,0.0150
416,0,7.2330,0.0470
25,0,7.2490,0.0160
4151,0,7.2960,0.0470
453,0,7.3110,0.0150
51,0,7.3890,0.0780
33,0,7.4050,0.0160
18,0,7.4360,0.0310
73,0,7.4520,0.0160
140,0,7.4830,0.0310
105,0,7.5200,0.0370
4162,0,7.5490,0.0290
35,0,7.5670,0.0180
14,0,7.5780,0.0110
417,0,7.6120,0.0340
35,0,7.6420,0.0300
72,0,7.7500,0.1080
14,0,7.7670,0.0170
51,0,7.8290,0.0620
340,0,7.8590,0.0300
33,0,7.8940,0.0350
33,0,7.9060,0.0120
341,0,7.9330,0.0270
23,0,7.9520,0.0190
18,0,8.0030,0.0510
23,0,8.0300,0.0270
85,0,8.0860,0.0560
74,0,8.0950,0.0090
40,0,8.1130,0.0180
18,0,8.1260,0.0130
4,0,8.1890,0.0630
4,0,8.2520,0.0630
80,0,8.3010,0.0490
51,0,8.3130,0.0120
61,0,8.3290,0.0160
85,0,8.3440,0.0150
85,0,8.3610,0.0170
51,0,8.4060,0.0450
51,0,8.4360,0.0300
51,0,8.4680,0.0320
15,0,8.4870,0.0190
15,0,8.4990,0.0120
37,0,8.5300,0.0310
40,0,8.5460,0.0160
49,0,8.5790,0.0330
80,2,8.5930,0.0140
15,0,8.6090,0.0160
469,2,8.6250,0.0160469,2,8.6250,0.0160
466,3,8.6390,0.0140
15,0,8.6560,0.0170

15,0,8.6560,0.0170
22,0,8.8010,0.1450
22,0,8.8150,0.0140
356,0,8.9070,0.0920
444,0,8.9390,0.0320
356,0,8.9840,0.0450
33,0,9.0490,0.0650
22,0,9.0640,0.0150
410,0,9.0790,0.0150
22,0,9.0990,0.0200
22,0,9.1100,0.0110
282,0,9.1290,0.0190
36,0,9.1430,0.0140
22,0,9.2060,0.0630
453,0,9.2240,0.0180
72,0,9.2370,0.0130
453,0,9.2560,0.0190
453,0,9.2620,0.0060
453,0,9.2660,0.0040
416,0,9.2820,0.0160
61,0,9.3270,0.0450
51,0,9.3480,0.0210
22,0,9.3920,0.0440
416,0,9.4090,0.0170
192,0,9.4390,0.0300
192,0,9.4690,0.0300
416,0,9.4990,0.0300
453,0,9.5520,0.0530
416,0,9.5650,0.0130
453,0,9.6270,0.0620
453,0,9.6440,0.0170
453,0,9.6780,0.0340
14,0,9.6870,0.0090
51,0,9.7090,0.0220
5125,0,9.7190,0.0100
4156,0,9.7520,0.0330
80,0,9.7840,0.0320
4188,0,9.8160,0.0320
4328,0,9.8500,0.0340
24,0,9.8800,0.0300
4,0,9.8940,0.0140
4,0,9.9140,0.0200
24,0,9.9230,0.0090
24,0,9.9390,0.0160
4,0,9.9520,0.0130
4,0,9.9720,0.0200
4819,0,10.0030,0.0310
4802,0,10.0170,0.0140
4200,0,10.0340,0.0170
4131,0,10.0770,0.0430
4258,0,10.1400,0.0630
4158,0,10.1740,0.0340
4212,0,10.1930,0.0190
4242,0,10.2220,0.0290
4251,0,10.2380,0.0160
4103,0,10.2490,0.0110
5,0,10.2710,0.0220
5,0,10.2820,0.0110
18,0,10.3350,0.0530
23,0,10.3470,0.0120
51,0,10.3640,0.0170
35,0,10.3760,0.0120
35,0,10.3970,0.0210
4101,0,10.4100,0.0130
4258,0,10.4670,0.0570
4258,0,10.4990,0.0320
4158,0,10.5330,0.0340
4264,0,10.5640,0.0310
5230,0,10.5790,0.0150
5412,0,10.6260,0.0470
4103,0,10.6400,0.0140
37,0,10.6550,0.0150
49,0,10.6710,0.0160
453,0,10.7230,0.0520
24,0,10.7400,0.0170
14,0,10.7960,0.0560
4162,0,10.8110,0.0150
4162,0,10.8300,0.0190
4166,0,10.8410,0.0110
4162,0,10.8430,0.0020
5382,0,10.8580,0.0150
4211,0,10.8740,0.0160
5292,0,10.8890,0.0150
4131,0,10.9050,0.0160
4103,0,10.9370,0.0320
5,0,10.9560,0.0190
4258,0,10.9710,0.0150
4,0,10.9860,0.0150
5230,0,11.0010,0.0150
5,0,11.0180,0.0170
4158,0,11.0350,0.0170
4187,0,11.0500,0.0150
4212,0,11.0650,0.0150
5412,0,11.0800,0.0150
4106,0,11.1270,0.0470
5,0,11.1440,0.0170
4123,0,11.1730,0.0290
4106,0,11.2230,0.0500
80,0,11.2330,0.0100
4222,0,11.2830,0.0500
4897,0,11.3030,0.0200
4131,0,11.3130,0.0100
5292,0,11.3430,0.0300
4111,0,11.3720,0.0290
4120,0,11.3740,0.0020
194,0,11.3940,0.0200
4177,0,11.4050,0.0110
4187,0,11.4520,0.0470
5,0,11.4680,0.0160
4097,0,11.4830,0.0150
4,0,11.5000,0.0170
14,5,11.5300,0.0300
450,5,11.5460,0.0160
4,0,11.5620,0.0160
5,5,11.5770,0.0150
4097,0,11.5930,0.0160
4,5,11.6260,0.0330
24,5,11.6410,0.0150
4112,5,11.7040,0.0630
4103,0,11.7180,0.0140
24,5,11.7510,0.0330
24,5,11.7690,0.0180
5254,5,11.9670,0.1980
4123,0,11.9910,0.0240
4162,0,11.9990,0.0080
5,0,12.0180,0.0190
39,5,12.0530,0.0350
51,5,12.0640,0.0110
30,5,12.0900,0.0260
30,5,12.0930,0.0030
24,5,12.1190,0.0260
4103,5,12.1260,0.0070
37,0,12.1430,0.0170
4177,0,12.1560,0.0130
4250,0,12.1730,0.0170
5,0,12.1900,0.0170
22,0,12.2050,0.0150
23,0,12.2200,0.0150
61,0,12.2680,0.0480
22,0,12.3150,0.0470
23,0,12.3300,0.0150
40,0,12.3420,0.0120
55,0,12.3600,0.0180
55,0,12.3780,0.0180
14,4,12.3890,0.0110
369,0,12.3900,0.0010
469,3,12.4060,0.0160
49,0,12.4060,0.0160
22,0,12.4830,0.0770
453,0,12.5010,0.0180
4151,0,12.6250,0.1240
80,0,12.6550,0.0300
416,0,12.6890,0.0340
85,0,12.7100,0.0210
340,0,12.7180,0.0080
416,0,12.7490,0.0310
453,0,12.8110,0.0620
453,0,12.8280,0.0170
72,0,12.9370,0.1090
340,0,12.9530,0.0160
453,0,12.9900,0.0370
416,0,13.0050,0.0150
22,0,13.0360,0.0310
80,0,13.1890,0.1530
15,0,13.2060,0.0170
80,0,13.2800,0.0740
13,0,13.3120,0.0320
15,0,13.3380,0.0260
15,0,13.3430,0.0050
15,0,13.3750,0.0320
15,0,13.4390,0.0640
80,0,13.4520,0.0130
15,0,13.4740,0.0220
15,0,13.4800,0.0060
15,0,13.4830,0.0030
80,0,13.4990,0.0160
96,0,13.5300,0.0310
61,0,13.6400,0.1100
61,0,13.6550,0.0150
80,0,13.6710,0.0160
18,0,13.7490,0.0780
201,0,13.7640,0.0150
18,0,13.7940,0.0300
23,0,13.7960,0.0020
453,0,13.8190,0.0230
33,0,13.8760,0.0570
18,0,13.8920,0.0160
18,0,13.9090,0.0170
76,0,13.9240,0.0150
25,0,13.9550,0.0310
140,0,13.9990,0.0440
340,0,14.0610,0.0620
85,0,14.0930,0.0320
17,0,14.1080,0.0150
15,0,14.1710,0.0630
24,0,14.1860,0.0150
15,0,14.2020,0.0160
4,0,14.2180,0.0160
