SysID,Thread ID,time,inetrval
14,0,0.2350,0.2350
80,0,0.6140,0.3790
80,0,0.6350,0.0210
80,0,0.6370,0.0020
80,0,0.6410,0.0040
33,0,0.6590,0.0180
18,0,0.7080,0.0490
18,0,0.8280,0.1200
37,0,1.0150,0.1870
55,0,1.0460,0.0310
61,0,1.0770,0.0310
51,0,1.1080,0.0310
40,0,1.1240,0.0160
49,0,1.2030,0.0790
80,0,1.2180,0.0150
347,0,1.2540,0.0360
80,0,1.3590,0.1050
80,0,1.5150,0.1560
76,0,1.5630,0.0480
416,0,1.5900,0.0270
453,0,1.6090,0.0190
453,0,1.6390,0.0300
453,0,1.6710,0.0320
18,0,1.7800,0.1090
15,0,1.7960,0.0160
453,0,1.8260,0.0300
24,0,1.8580,0.0320
24,0,1.9370,0.0790
80,0,1.9990,0.0620
453,0,2.0150,0.0160
453,0,2.0300,0.0150
18,0,2.0460,0.0160
51,0,2.2020,0.1560
15,0,2.2200,0.0180
51,0,2.2330,0.0130
51,0,2.2530,0.0200
24,0,2.3150,0.0620
85,0,2.3290,0.0140
17,0,2.3460,0.0170
54,0,2.4100,0.0640
340,0,2.4230,0.0130
356,0,2.4830,0.0600
453,0,2.5920,0.1090
15,0,2.6080,0.0160
38,0,2.6390,0.0310
33,0,2.6540,0.0150
15,0,2.6700,0.0160
85,0,2.6860,0.0160
33,0,2.7020,0.0160
18,0,2.7170,0.0150
76,0,2.7330,0.0160
15,0,2.7480,0.0150
293,0,2.7950,0.0470
24,0,2.9990,0.2040
15,0,3.0770,0.0780
37,0,3.1860,0.1090
354,0,3.2020,0.0160
173,0,3.2180,0.0160
196,0,3.2330,0.0150
417,0,3.2480,0.0150
55,0,3.2710,0.0230
49,0,3.2820,0.0110
80,0,3.2970,0.0150
80,0,3.3160,0.0190
369,0,3.3310,0.0150
15,0,3.3430,0.0120
67,2,3.3580,0.0150
55,0,3.3740,0.0160
49,0,3.3890,0.0150
469,2,3.4050,0.0160
80,0,3.4520,0.0470
40,0,3.4680,0.0160
49,0,3.4860,0.0180
18,2,3.4980,0.0120
23,2,3.5160,0.0180
466,0,3.5300,0.0140
112,2,3.5610,0.0310
28,2,3.6090,0.0480
67,3,3.6400,0.0310
55,0,3.6560,0.0160
466,0,3.6710,0.0150
466,0,3.6860,0.0150
24,0,3.7340,0.0480
369,0,3.7490,0.0150
55,0,3.7650,0.0160
80,0,3.7810,0.0160
15,0,3.8010,0.0200
49,0,3.8120,0.0110
49,0,3.8300,0.0180
49,0,3.8430,0.0130
80,3,3.8640,0.0210
80,2,3.8700,0.0060
49,0,3.8740,0.0040
369,0,3.8930,0.0190
80,2,3.9030,0.0100
18,0,3.9380,0.0350
469,4,3.9520,0.0140
24,0,4.0010,0.0490
369,0,4.0140,0.0130369,0,4.0140,0.0130
356,0,4.0460,0.0320
40,4,4.0610,0.0150

40,4,4.0610,0.0150
18,0,4.0770,0.0160
80,4,4.0920,0.0150
80,4,4.1080,0.0160
61,0,4.1560,0.0480
61,0,4.1700,0.0140
469,4,4.1980,0.0280
51,0,4.2020,0.0040
80,3,4.2180,0.0160
15,0,4.2430,0.0250
14,0,4.2490,0.0060
51,0,4.3420,0.0930
15,0,4.3590,0.0170
51,0,4.3900,0.0310
76,0,4.4050,0.0150
51,0,4.4220,0.0170
76,0,4.4370,0.0150
416,0,4.4520,0.0150
24,0,4.4990,0.0470
24,0,4.5140,0.0150
73,0,4.6420,0.1280
73,0,4.6570,0.0150
18,0,4.8000,0.1430
23,0,4.8130,0.0130
24,0,4.8610,0.0480
24,0,4.8780,0.0170
35,0,4.9070,0.0290
416,0,4.9530,0.0460
416,0,4.9850,0.0320
453,0,5.0000,0.0150
453,0,5.0190,0.0190
72,0,5.0310,0.0120
51,0,5.0470,0.0160
7,0,5.0650,0.0180
453,0,5.1560,0.0910
24,0,5.2520,0.0960
453,0,5.3120,0.0600
416,0,5.3270,0.0150
453,0,5.3580,0.0310
453,0,5.3730,0.0150
35,0,5.4690,0.0960
35,0,5.4990,0.0300
35,0,5.5140,0.0150
35,0,5.5300,0.0160
35,0,5.5460,0.0160
24,0,5.5770,0.0310
73,0,5.5930,0.0160
35,0,5.6550,0.0620
24,0,5.7020,0.0470
24,0,5.7170,0.0150
416,0,5.7530,0.0360
35,0,5.8320,0.0790
35,0,5.8440,0.0120
35,0,5.8620,0.0180
416,0,6.2500,0.3880
54,0,6.2650,0.0150
140,0,6.2810,0.0160
25,0,6.3120,0.0310
453,0,6.3280,0.0160
18,0,6.3430,0.0150
18,0,6.3750,0.0320
18,0,6.3900,0.0150
37,0,6.4130,0.0230
80,0,6.4390,0.0260
247,0,6.5480,0.1090
33,0,6.5980,0.0500
18,0,6.6090,0.0110
19,0,6.6890,0.0800
18,0,6.7060,0.0170
23,0,6.7210,0.0150
15,0,6.7370,0.0160
15,0,6.7510,0.0140
35,0,7.0320,0.2810
4101,0,7.0480,0.0160
4224,0,7.0640,0.0160
0,0,7.1090,0.0450
15,0,7.1260,0.0170
289,0,7.1420,0.0160
22,0,7.1600,0.0180
289,0,7.1740,0.0140
23,0,7.1860,0.0120
28,0,7.2200,0.0340
18,0,7.2360,0.0160
5349,0,7.2510,0.0150
416,0,7.3150,0.0640
35,0,7.3300,0.0150
4151,0,7.3630,0.0330
453,0,7.3760,0.0130
51,0,7.4690,0.0930
33,0,7.4880,0.0190
18,0,7.5020,0.0140
17,0,7.5170,0.0150
140,0,7.5480,0.0310
15,0,7.5650,0.0170
105,0,7.5940,0.0290
4162,0,7.6120,0.0180
35,0,7.6270,0.0150
25,0,7.6410,0.0140
14,0,7.6590,0.0180
417,0,7.6730,0.0140
14,0,7.6900,0.0170
35,0,7.7050,0.0150
21,0,7.7970,0.0920
21,0,7.8130,0.0160
14,0,7.8300,0.0170
51,0,7.8920,0.0620
340,0,7.9070,0.0150
21,0,7.9230,0.0160
33,0,7.9400,0.0170
33,0,7.9550,0.0150
18,0,7.9690,0.0140
341,0,7.9880,0.0190
23,0,8.0020,0.0140
18,0,8.0160,0.0140
18,0,8.0490,0.0330
23,0,8.0800,0.0310
85,0,8.1240,0.0440
74,0,8.1440,0.0200
40,0,8.1560,0.0120
18,0,8.1750,0.0190
23,0,8.1860,0.0110
21,0,8.2190,0.0330
4,0,8.2370,0.0180
21,0,8.2500,0.0130
4,0,8.2980,0.0480
80,0,8.3480,0.0500
51,0,8.3610,0.0130
61,0,8.3750,0.0140
85,0,8.3920,0.0170
85,0,8.4060,0.0140
51,0,8.4410,0.0350
73,0,8.4540,0.0130
51,0,8.4850,0.0310
51,0,8.5040,0.0190
17,0,8.5160,0.0120
15,0,8.5330,0.0170
37,0,8.5620,0.0290
61,0,8.5780,0.0160
49,0,8.5890,0.0110
49,0,8.5950,0.0060
466,0,8.6110,0.0160
80,3,8.6210,0.0100
49,0,8.6260,0.0050
61,4,8.6400,0.0140
51,3,8.6550,0.0150
51,3,8.6550,0.0150
112,3,8.6720,0.0170
80,2,8.6860,0.0140
22,0,8.7960,0.1100
356,0,8.8740,0.0780
444,0,8.9070,0.0330
356,0,8.9520,0.0450
33,0,9.0010,0.0490
22,0,9.0160,0.0150
22,0,9.0310,0.0150
22,0,9.0470,0.0160
72,0,9.0620,0.0150
36,0,9.0780,0.0160
22,0,9.1410,0.0630
453,0,9.1560,0.0150
72,0,9.1730,0.0170
64,0,9.1870,0.0140
453,0,9.2040,0.0170
416,0,9.2180,0.0140
61,0,9.2660,0.0480
51,0,9.2800,0.0140
22,0,9.3280,0.0480
192,0,9.3760,0.0480
192,0,9.3910,0.0150
416,0,9.4380,0.0470
453,0,9.4700,0.0320
416,0,9.4850,0.0150
453,0,9.5470,0.0620
453,0,9.5620,0.0150
453,0,9.5960,0.0340
61,0,9.6090,0.0130
51,0,9.6260,0.0170
5125,0,9.6410,0.0150
4156,0,9.6560,0.0150
80,0,9.6730,0.0170
80,0,9.6880,0.0150
4188,0,9.7220,0.0340
4328,0,9.7640,0.0420
24,0,9.7800,0.0160
4211,0,9.8060,0.0260
4,0,9.8120,0.0060
4,0,9.8330,0.0210
24,0,9.8430,0.0100
4,0,9.8620,0.0190
4,0,9.8750,0.0130
4,0,9.8910,0.0160
4819,0,9.9220,0.0310
4802,0,9.9390,0.0170
4200,0,9.9560,0.0170
4131,0,9.9890,0.0330
80,0,10.0020,0.0130
4258,0,10.0500,0.0480
4212,0,10.0620,0.0120
4158,0,10.0800,0.0180
4264,0,10.0950,0.0150
4212,0,10.1110,0.0160
4242,0,10.1260,0.0150
4251,0,10.1420,0.0160
4103,0,10.1590,0.0170
5,0,10.1730,0.0140
4192,0,10.1860,0.0130
18,0,10.2350,0.0490
51,0,10.2520,0.0170
35,0,10.2680,0.0160
35,0,10.2810,0.0130
35,0,10.2980,0.0170
4245,0,10.3140,0.0160
4258,0,10.3620,0.0480
4264,0,10.3780,0.0160
4258,0,10.3880,0.0100
4,0,10.3890,0.0010
4158,0,10.4240,0.0350
4264,0,10.4380,0.0140
4212,0,10.4540,0.0160
5230,0,10.4680,0.0140
5412,0,10.5190,0.0510
4103,0,10.5330,0.0140
61,0,10.5520,0.0190
49,0,10.5590,0.0070
369,0,10.5620,0.0030
453,0,10.6090,0.0470
24,0,10.6260,0.0170
14,0,10.6710,0.0450
80,0,10.6860,0.0150
4110,0,10.7040,0.0180
4166,0,10.7240,0.0200
4162,0,10.7330,0.0090
5382,0,10.7570,0.0240
4211,0,10.7640,0.0070
5292,0,10.7830,0.0190
4131,0,10.7950,0.0120
4103,0,10.8330,0.0380
5,0,10.8470,0.0140
4258,0,10.8590,0.0120
4,0,10.8760,0.0170
5230,0,10.8900,0.0140
4162,0,10.9090,0.0190
4212,0,10.9230,0.0140
4187,0,10.9380,0.0150
5,0,10.9540,0.0160
5412,0,10.9680,0.0140
4100,0,10.9860,0.0180
4106,0,11.0160,0.0300
4132,0,11.0310,0.0150
5,0,11.0470,0.0160
4123,0,11.0640,0.0170
4106,0,11.1120,0.0480
4180,0,11.1250,0.0130
4107,0,11.1390,0.0140
4222,0,11.1870,0.0480
4897,0,11.2040,0.0170
80,0,11.2190,0.0150
5292,0,11.2340,0.0150
4100,0,11.2490,0.0150
4100,0,11.2660,0.0170
194,0,11.2810,0.0150
4177,0,11.2950,0.0140
4187,0,11.3430,0.0480
5,0,11.3570,0.0140
5,0,11.3580,0.0010
4097,0,11.3820,0.0240
4097,0,11.4360,0.0540
5,0,11.4670,0.0310
4129,0,11.4820,0.0150
21,5,11.4830,0.0160
4183,5,11.5000,0.0170
4,5,11.5330,0.0330
4112,5,11.5940,0.0610
5,0,11.6120,0.0180
24,5,11.6410,0.0290
24,5,11.6510,0.0100
24,5,11.6550,0.0040
5254,5,11.8760,0.2210
4103,5,11.8910,0.0150
4162,0,11.9080,0.0170
5254,5,11.9520,0.0440
5254,5,11.9710,0.0190
5254,5,12.0470,0.0760
5254,5,12.0780,0.0310
39,5,12.1110,0.0330
39,5,12.1240,0.0130
5254,5,12.1550,0.0310
5254,5,12.1870,0.0320
5254,5,12.2190,0.0320
30,5,12.2490,0.0300
4103,5,12.2650,0.0160
37,0,12.2810,0.0160
4177,0,12.2970,0.0160
5,0,12.3110,0.0140
5,0,12.3320,0.0210
22,0,12.3440,0.0120
15,0,12.3590,0.0150
61,0,12.4060,0.0470
22,0,12.4690,0.0630
23,0,12.4840,0.0150
49,0,12.4960,0.0120
49,0,12.4990,0.0030
49,0,12.5150,0.0160
80,3,12.5290,0.0140
49,0,12.5310,0.0020
80,2,12.5460,0.0150
22,0,12.6250,0.0790
453,0,12.6390,0.0140
4151,0,12.7690,0.1300
80,0,12.7830,0.0140
54,0,12.7990,0.0160
416,0,12.8140,0.0150
85,0,12.8300,0.0160
340,0,12.8460,0.0160
416,0,12.8770,0.0310
453,0,12.9250,0.0480
453,0,12.9390,0.0140
72,0,13.0320,0.0930
416,0,13.0530,0.0210
453,0,13.0770,0.0240
416,0,13.0920,0.0150
22,0,13.1230,0.0310
80,0,13.2640,0.1410
15,0,13.2800,0.0160
80,0,13.3740,0.0940
13,0,13.3900,0.0160
15,0,13.4100,0.0200
14,0,13.4210,0.0110
15,0,13.4390,0.0180
15,0,13.4540,0.0150
15,0,13.5140,0.0600
80,0,13.5310,0.0170
4275,0,13.5510,0.0200
80,0,13.5790,0.0280
96,0,13.5930,0.0140
15,0,13.6140,0.0210
61,0,13.7170,0.1030
61,0,13.7330,0.0160
18,0,13.8270,0.0940
18,0,13.8440,0.0170
297,0,13.8620,0.0180
18,0,13.8760,0.0140
25,0,13.9380,0.0620
51,0,13.9710,0.0330
15,0,13.9840,0.0130
323,0,14.0010,0.0170
15,0,14.0180,0.0170
18,0,14.0350,0.0170
76,0,14.0470,0.0120
25,0,14.0770,0.0300
140,0,14.1260,0.0490
25,0,14.1430,0.0170
85,0,14.1700,0.0270
61,0,14.1860,0.0160
15,0,14.2010,0.0150
35,0,14.2170,0.0160
51,0,14.2340,0.0170
53,0,14.2480,0.0140
17,0,14.2640,0.0160
42,0,14.2950,0.0310
25,0,14.3140,0.0190
340,0,14.3740,0.0600
85,0,14.4050,0.0310
15,0,14.4830,0.0780
24,0,14.4990,0.0160
15,0,14.5140,0.0150
4,0,14.5300,0.0160
25,0,34.3370,19.8070
25,0,34.3550,0.0180
15,0,34.3680,0.0130
25,0,34.4150,0.0470
51,0,34.4290,0.0140
51,0,34.4460,0.0170
51,0,34.4610,0.0150
323,0,34.4770,0.0160
4,0,34.4920,0.0150
215,0,34.5080,0.0160
44,0,34.5550,0.0470
15,0,34.6100,0.0550
15,0,34.6480,0.0380
15,0,34.6670,0.0190
15,0,34.7280,0.0610
13,0,34.7440,0.0160
13,0,34.8040,0.0600
15,0,34.8370,0.0330
15,0,34.8500,0.0130
15,0,34.8820,0.0320
13,0,34.9600,0.0780
4275,0,34.9750,0.0150
42,0,34.9960,0.0210
15,0,35.0090,0.0130
13,0,35.0450,0.0360
15,0,35.0870,0.0420
30,0,35.1020,0.0150
13,0,35.1180,0.0160
15,0,35.2120,0.0940
15,0,35.2430,0.0310
15,0,35.2570,0.0140
15,0,35.3100,0.0530
15,0,35.3360,0.0260
15,0,35.3550,0.0190
