SysID,Thread ID,time,inetrval
14,0,0.2180,0.2180
80,0,0.5770,0.3590
80,0,0.6000,0.0230
80,0,0.6080,0.0080
18,0,0.6710,0.0630
18,0,0.7770,0.1060
23,0,0.7810,0.0040
37,0,0.9540,0.1730
55,0,0.9870,0.0330
61,0,1.0190,0.0320
51,0,1.0470,0.0280
49,0,1.1260,0.0790
80,0,1.1440,0.0180
347,0,1.1590,0.0150
80,0,1.2960,0.1370
80,0,1.5310,0.2350
76,0,1.5940,0.0630
416,0,1.6250,0.0310
453,0,1.6550,0.0300
453,0,1.7190,0.0640
453,0,1.7420,0.0230
18,0,1.8900,0.1480
23,0,1.9060,0.0160
453,0,1.9680,0.0620
24,0,1.9900,0.0220
24,0,2.0930,0.1030
80,0,2.1090,0.0160
453,0,2.1330,0.0240
453,0,2.1400,0.0070
453,0,2.1560,0.0160
18,0,2.1770,0.0210
51,0,2.3270,0.1500
15,0,2.3750,0.0480
51,0,2.3920,0.0170
15,0,2.4060,0.0140
24,0,2.4830,0.0770
85,0,2.5080,0.0250
17,0,2.5150,0.0070
54,0,2.6050,0.0900
340,0,2.6310,0.0260
356,0,2.7030,0.0720
453,0,2.8170,0.1140
15,0,2.8280,0.0110
38,0,2.8430,0.0150
33,0,2.8660,0.0230
15,0,2.8770,0.0110
85,0,2.9110,0.0340
33,0,2.9270,0.0160
15,0,2.9430,0.0160
76,0,2.9560,0.0130
15,0,2.9760,0.0200
293,0,3.0200,0.0440
24,0,3.2210,0.2010
15,0,3.2810,0.0600
37,0,3.4080,0.1270
354,0,3.4210,0.0130
173,0,3.4410,0.0200
417,0,3.4500,0.0090
196,0,3.4520,0.0020
80,0,3.4860,0.0340
49,0,3.5170,0.0310
49,0,3.5450,0.0280
15,0,3.5460,0.0010
55,0,3.5620,0.0160
40,0,3.5850,0.0230
49,0,3.5940,0.0090
18,0,3.6250,0.0310
55,0,3.6760,0.0510
49,0,3.6870,0.0110
24,0,3.7180,0.0310
55,0,3.7380,0.0200
49,0,3.7670,0.0290
369,0,3.7980,0.0310
15,0,3.8160,0.0180
67,2,3.8280,0.0120
1,2,3.8440,0.0160
469,2,3.8580,0.0140
369,2,3.8900,0.0320
67,3,3.9060,0.0160
80,3,3.9210,0.0150
469,4,3.9370,0.0160
80,3,3.9530,0.0160
469,2,3.9670,0.0140
80,0,3.9680,0.0010
40,0,3.9880,0.0200
28,2,4.0150,0.0270
49,0,4.0340,0.0190
15,0,4.0470,0.0130
469,4,4.0620,0.0150
469,4,4.0770,0.0150469,4,4.0770,0.0150
4,0,4.0920,0.0150
4,0,4.0930,0.0010
51,0,4.1470,0.0540
51,0,4.1710,0.0240
348,0,4.1990,0.0280
76,0,4.2030,0.0040
76,0,4.2340,0.0310
416,0,4.2590,0.0250
416,0,4.2690,0.0100
35,0,4.3450,0.0760
35,0,4.3680,0.0230
35,0,4.3740,0.0060
35,0,4.4060,0.0320
35,0,4.4420,0.0360
35,0,4.4600,0.0180
24,0,4.4910,0.0310
73,0,4.5040,0.0130
35,0,4.5940,0.0900
18,0,4.6100,0.0160
23,0,4.6440,0.0340
24,0,4.7340,0.0900
24,0,4.8120,0.0780
416,0,4.8590,0.0470
35,0,4.9840,0.1250
35,0,4.9990,0.0150
35,0,5.0160,0.0170
24,0,5.2050,0.1890
24,0,5.3270,0.1220
416,0,5.4410,0.1140
416,0,5.5010,0.0600
35,0,5.5300,0.0290
140,0,5.5620,0.0320
25,0,5.5990,0.0370
453,0,5.6090,0.0100
18,0,5.6290,0.0200
18,0,5.6390,0.0100
18,0,5.6400,0.0010
18,0,5.6710,0.0310
15,0,5.6980,0.0270
37,0,5.7030,0.0050
80,0,5.7330,0.0300
247,0,5.8280,0.0950
33,0,5.8900,0.0620
33,0,5.9050,0.0150
18,0,5.9060,0.0010
19,0,5.9680,0.0620
15,0,5.9830,0.0150
18,0,5.9990,0.0160
15,0,6.0150,0.0160
18,0,6.0340,0.0190
35,0,6.3120,0.2780
4101,0,6.3350,0.0230
37,0,6.3430,0.0080
297,0,6.3580,0.0150
0,0,6.4060,0.0480
15,0,6.4210,0.0150
289,0,6.4360,0.0150
22,0,6.4680,0.0320
23,0,6.4990,0.0310
28,0,6.5150,0.0160
18,0,6.5300,0.0150
5349,0,6.5460,0.0160
24,0,6.5780,0.0320
30,0,6.5930,0.0150
73,0,6.6730,0.0800
73,0,6.7120,0.0390
24,0,6.8280,0.1160
24,0,6.8430,0.0150
35,0,6.8590,0.0160
416,0,6.9050,0.0460
416,0,6.9210,0.0160
453,0,6.9370,0.0160
25,0,6.9520,0.0150
192,0,6.9680,0.0160
51,0,6.9990,0.0310
416,0,7.0150,0.0160
453,0,7.0960,0.0810
24,0,7.2030,0.1070
453,0,7.2490,0.0460
416,0,7.2650,0.0160
453,0,7.2970,0.0320
453,0,7.3120,0.0150
35,0,7.3490,0.0370
192,0,7.4540,0.1050
453,0,7.4840,0.0300
35,0,7.5160,0.0320
14,0,7.5460,0.0300
417,0,7.5660,0.0200
35,0,7.6590,0.0930
28,0,7.6740,0.0150
428,0,7.6890,0.0150
74,0,7.7060,0.0170
40,0,7.7180,0.0120
357,0,7.7420,0.0240
94,0,7.7490,0.0070
15,0,7.7660,0.0170
322,0,7.7850,0.0190
25,0,7.7960,0.0110
25,0,7.8190,0.0230
24,0,7.8300,0.0110
80,0,7.9560,0.1260
24,0,8.0070,0.0510
18,0,8.0460,0.0390
322,0,8.0870,0.0410
30,0,8.0950,0.0080
297,0,8.1180,0.0230
18,0,8.1270,0.0090
453,0,8.1460,0.0190
33,0,8.2380,0.0920
33,0,8.2540,0.0160
18,0,8.2670,0.0130
25,0,8.2970,0.0300
18,0,8.3120,0.0150
140,0,8.3910,0.0790
340,0,8.4370,0.0460
24,0,8.4710,0.0340
82,0,8.4850,0.0140
25,0,8.4960,0.0110
91,0,8.4990,0.0030
15,0,9.1240,0.6250
44,0,9.2190,0.0950
