SysID,Thread ID,time,inetrval
14,0,0.2210,0.2210
80,0,0.5320,0.3110
80,0,0.5480,0.0160
80,0,0.5640,0.0160
18,0,0.6110,0.0470
18,0,0.7090,0.0980
15,0,0.7190,0.0100
37,0,0.9090,0.1900
55,0,0.9380,0.0290
61,0,0.9730,0.0350
51,0,1.0030,0.0300
40,0,1.0160,0.0130
49,0,1.0940,0.0780
80,0,1.1110,0.0170
347,0,1.1420,0.0310
80,0,1.2520,0.1100
80,0,1.3920,0.1400
15,0,1.4070,0.0150
76,0,1.4850,0.0780
416,0,1.5320,0.0470
453,0,1.5640,0.0320
453,0,1.5960,0.0320
453,0,1.6100,0.0140
18,0,1.7350,0.1250
15,0,1.7550,0.0200
453,0,1.7660,0.0110
453,0,1.7980,0.0320
24,0,1.8140,0.0160
24,0,1.8930,0.0790
80,0,1.9220,0.0290
453,0,1.9410,0.0190
453,0,1.9540,0.0130
18,0,1.9850,0.0310
51,0,2.1730,0.1880
15,0,2.1920,0.0190
51,0,2.2220,0.0300
51,0,2.2350,0.0130
24,0,2.3290,0.0940
85,0,2.3520,0.0230
17,0,2.3600,0.0080
54,0,2.4240,0.0640
340,0,2.4540,0.0300
356,0,2.5200,0.0660
453,0,2.6250,0.1050
15,0,2.6530,0.0280
38,0,2.6560,0.0030
297,0,2.6790,0.0230
15,0,2.7080,0.0290
85,0,2.7210,0.0130
33,0,2.7380,0.0170
18,0,2.7530,0.0150
76,0,2.7710,0.0180
76,0,2.7840,0.0130
293,0,2.8280,0.0440
24,0,3.0320,0.2040
15,0,3.1420,0.1100
37,0,3.2660,0.1240
354,0,3.2830,0.0170
196,0,3.3090,0.0260
417,0,3.3130,0.0040
80,0,3.3320,0.0190
40,0,3.3480,0.0160
49,0,3.3610,0.0130
49,0,3.3760,0.0150
80,0,3.3920,0.0160
369,0,3.4070,0.0150
67,2,3.4240,0.0170
15,0,3.4400,0.0160
469,2,3.4700,0.0300
40,0,3.5170,0.0470
80,2,3.5290,0.0120
49,0,3.5320,0.0030
80,0,3.5780,0.0460
466,0,3.5950,0.0170
18,2,3.6120,0.0170
24,2,3.6310,0.0190
112,2,3.6580,0.0270
28,2,3.6880,0.0300
55,0,3.7190,0.0310
49,0,3.7380,0.0190
24,0,3.7640,0.0260
466,2,3.7660,0.0020
24,2,3.7840,0.0180
40,0,3.8130,0.0290
80,0,3.8290,0.0160
80,2,3.8430,0.0140
469,3,3.8440,0.0010
369,0,3.8750,0.0310
51,0,3.8960,0.0210
76,0,3.9100,0.0140
76,0,3.9230,0.0130
76,0,3.9530,0.0300
24,0,4.0160,0.0630
73,0,4.1410,0.1250
73,0,4.1650,0.0240
24,0,4.1720,0.0070
18,0,4.3130,0.1410
23,0,4.3440,0.0310
24,0,4.4380,0.0940
24,0,4.4640,0.0260
24,0,4.4690,0.0050
35,0,4.4850,0.0160
416,0,4.5620,0.0770
416,0,4.5830,0.0210
453,0,4.5940,0.0110
25,0,4.6100,0.0160
192,0,4.6250,0.0150
51,0,4.6570,0.0320
416,0,4.6720,0.0150
453,0,4.7500,0.0780
24,0,4.8130,0.0630
24,0,4.8440,0.0310
453,0,4.9220,0.0780
453,0,4.9690,0.0470
453,0,4.9850,0.0160
417,0,5.0160,0.0310
51,0,5.1250,0.1090
289,0,5.3290,0.2040
23,0,5.3600,0.0310
28,0,5.4230,0.0630
51,0,5.4430,0.0200
15,0,5.4550,0.0120
215,0,5.4710,0.0160
51,0,5.5170,0.0460
85,0,5.5320,0.0150
8,0,5.5490,0.0170
51,0,5.5630,0.0140
80,0,5.6560,0.0930
24,0,5.7220,0.0660
18,0,5.7570,0.0350
18,0,5.7730,0.0160
18,0,5.7820,0.0090
297,0,5.8050,0.0230
18,0,5.8130,0.0080
33,0,5.9260,0.1130
33,0,5.9420,0.0160
23,0,5.9590,0.0170
25,0,6.0010,0.0420
247,0,6.0320,0.0310
33,0,6.0910,0.0590
18,0,6.0920,0.0010
18,0,6.0940,0.0020
19,0,6.1720,0.0780
15,0,6.1870,0.0150
18,0,6.1880,0.0010
18,0,6.2040,0.0160
15,0,6.2340,0.0300
140,0,6.4610,0.2270
340,0,6.5160,0.0550
24,0,6.5470,0.0310
58,0,6.5640,0.0170
15,0,6.5800,0.0160
4,0,6.5950,0.0150
25,0,7.0000,0.4050
15,0,7.0690,0.0690
15,0,7.1190,0.0500
15,0,7.1510,0.0320
15,0,7.1560,0.0050
15,0,7.2200,0.0640
15,0,7.2700,0.0500
