SysID,Thread ID,time,inetrval
14,0,0.2230,0.2230
80,0,0.5330,0.3100
80,0,0.5510,0.0180
18,0,0.5640,0.0130
18,0,0.6100,0.0460
18,0,0.7030,0.0930
15,0,0.7190,0.0160
37,0,0.8950,0.1760
55,0,0.9230,0.0280
61,0,0.9550,0.0320
51,0,0.9720,0.0170
40,0,0.9880,0.0160
49,0,1.0510,0.0630
80,0,1.0650,0.0140
80,0,1.0800,0.0150
347,0,1.0980,0.0180
80,0,1.1900,0.0920
80,0,1.3290,0.1390
15,0,1.3440,0.0150
76,0,1.3760,0.0320
416,0,1.4070,0.0310
453,0,1.4370,0.0300
453,0,1.4720,0.0350
453,0,1.4850,0.0130
18,0,1.6100,0.1250
453,0,1.6260,0.0160
453,0,1.6590,0.0330
24,0,1.6750,0.0160
24,0,1.7820,0.1070
80,0,1.8120,0.0300
453,0,1.8330,0.0210
18,0,1.8610,0.0280
51,0,2.0160,0.1550
15,0,2.0330,0.0170
51,0,2.0510,0.0180
51,0,2.0610,0.0100
51,0,2.0620,0.0010
24,0,2.1400,0.0780
85,0,2.1570,0.0170
40,0,2.1720,0.0150
54,0,2.2350,0.0630
340,0,2.2510,0.0160
356,0,2.3290,0.0780
453,0,2.4850,0.1560
15,0,2.5000,0.0150
38,0,2.5160,0.0160
33,0,2.5320,0.0160
15,0,2.5510,0.0190
85,0,2.5630,0.0120
33,0,2.5950,0.0320
15,0,2.6100,0.0150
85,0,2.6260,0.0160
293,0,2.6770,0.0510
24,0,2.8750,0.1980
15,0,2.9390,0.0640
37,0,3.0470,0.1080
354,0,3.0690,0.0220
417,0,3.0790,0.0100
417,0,3.0970,0.0180
80,0,3.1100,0.0130
40,0,3.1300,0.0200
49,0,3.1410,0.0110
369,0,3.1760,0.0350
15,0,3.1850,0.0090
55,0,3.1880,0.0030
67,2,3.2040,0.0160
49,0,3.2380,0.0340
80,0,3.2500,0.0120
80,0,3.2820,0.0320
55,0,3.2980,0.0160
40,0,3.3140,0.0160
80,0,3.3290,0.0150
80,0,3.3440,0.0150
24,2,3.3750,0.0310
18,2,3.4380,0.0630
24,2,3.4550,0.0170
112,2,3.4850,0.0300
55,0,3.5030,0.0180
14,2,3.5170,0.0140
80,0,3.5480,0.0310
24,0,3.5790,0.0310
55,0,3.6260,0.0470
24,0,3.6410,0.0150
40,0,3.6570,0.0160
49,0,3.6730,0.0160
369,0,3.6890,0.0160
24,0,3.7040,0.0150
55,0,3.7190,0.0150
80,0,3.7360,0.0170
15,0,3.7530,0.0170
24,0,3.7680,0.0150
49,0,3.7810,0.0130
80,0,3.7820,0.0010
49,0,3.8130,0.0310
369,0,3.8320,0.0190
67,4,3.8440,0.0120
51,0,3.8930,0.0490
76,0,3.9090,0.0160
51,0,3.9400,0.0310
15,0,3.9540,0.0140
76,0,3.9720,0.0180
416,0,3.9870,0.0150
24,0,4.0350,0.0480
73,0,4.1760,0.1410
24,0,4.1900,0.0140
18,0,4.3140,0.1240
23,0,4.3340,0.0200
23,0,4.3600,0.0260
24,0,4.4230,0.0630
24,0,4.4370,0.0140
35,0,4.4700,0.0330
416,0,4.5340,0.0640
416,0,4.5630,0.0290
453,0,4.5780,0.0150
453,0,4.5960,0.0180
192,0,4.6250,0.0290
72,0,4.6410,0.0160
51,0,4.6570,0.0160
7,0,4.6720,0.0150
35,0,4.6880,0.0160
453,0,4.7980,0.1100
24,0,4.8130,0.0150
24,0,4.9220,0.1090
24,0,5.0010,0.0790
453,0,5.0490,0.0480
453,0,5.0650,0.0160
416,0,5.0800,0.0150
35,0,5.1730,0.0930
35,0,5.2050,0.0320
35,0,5.2370,0.0320
35,0,5.2520,0.0150
24,0,5.2840,0.0320
73,0,5.2990,0.0150
35,0,5.3750,0.0760
24,0,5.4240,0.0490
24,0,5.4390,0.0150
416,0,5.4700,0.0310
35,0,5.5490,0.0790
35,0,5.5660,0.0170
35,0,5.5800,0.0140
24,0,5.9570,0.3770
416,0,5.9870,0.0300
416,0,6.0510,0.0640
35,0,6.0670,0.0160
54,0,6.0820,0.0150
80,0,6.0960,0.0140
140,0,6.1120,0.0160
25,0,6.1280,0.0160
453,0,6.1460,0.0180
18,0,6.1590,0.0130
18,0,6.1910,0.0320
18,0,6.2080,0.0170
23,0,6.2230,0.0150
37,0,6.2370,0.0140
80,0,6.2680,0.0310
247,0,6.3460,0.0780
33,0,6.4090,0.0630
18,0,6.4200,0.0110
15,0,6.4220,0.0020
19,0,6.5030,0.0810
18,0,6.5200,0.0170
23,0,6.5350,0.0150
15,0,6.5500,0.0150
15,0,6.5670,0.0170
24,0,6.6130,0.0460
35,0,6.8310,0.2180
4101,0,6.8480,0.0170
4224,0,6.8630,0.0150
0,0,6.9110,0.0480
15,0,6.9240,0.0130
289,0,6.9410,0.0170
22,0,6.9570,0.0160
23,0,6.9880,0.0310
28,0,7.0030,0.0150
18,0,7.0210,0.0180
5349,0,7.0350,0.0140
14,0,7.0500,0.0150
417,0,7.0670,0.0170
67,0,7.0800,0.0130
360,0,7.1280,0.0480
