SysID,Thread ID,time,inetrval
14,0,0.2220,0.2220
80,0,0.5470,0.3250
80,0,0.5620,0.0150
80,0,0.5780,0.0160
18,0,0.6400,0.0620
18,0,0.7500,0.1100
37,0,0.9370,0.1870
55,0,0.9680,0.0310
61,0,1.0000,0.0320
51,0,1.0150,0.0150
40,0,1.0310,0.0160
49,0,1.0940,0.0630
80,0,1.1090,0.0150
80,0,1.1240,0.0150
347,0,1.1410,0.0170
80,0,1.2340,0.0930
80,0,1.3750,0.1410
15,0,1.3910,0.0160
76,0,1.4380,0.0470
416,0,1.4540,0.0160
453,0,1.4840,0.0300
453,0,1.5160,0.0320
453,0,1.5470,0.0310
18,0,1.6560,0.1090
23,0,1.6720,0.0160
453,0,1.6870,0.0150
453,0,1.7030,0.0160
24,0,1.7340,0.0310
24,0,1.8120,0.0780
80,0,1.8440,0.0320
453,0,1.8590,0.0150
453,0,1.8750,0.0160
18,0,1.8900,0.0150
51,0,2.0530,0.1630
15,0,2.0650,0.0120
51,0,2.0830,0.0180
24,0,2.1610,0.0780
85,0,2.1720,0.0110
17,0,2.1870,0.0150
54,0,2.2660,0.0790
340,0,2.2820,0.0160
356,0,2.3430,0.0610
453,0,2.4540,0.1110
15,0,2.4690,0.0150
38,0,2.5000,0.0310
15,0,2.5310,0.0310
85,0,2.5470,0.0160
33,0,2.5620,0.0150
15,0,2.5780,0.0160
76,0,2.6050,0.0270
15,0,2.6060,0.0010
15,0,2.6100,0.0040
293,0,2.6440,0.0340
24,0,2.8430,0.1990
15,0,2.8900,0.0470
37,0,2.9840,0.0940
354,0,3.0190,0.0350
196,0,3.0350,0.0160
417,0,3.0460,0.0110
55,0,3.0680,0.0220
49,0,3.0810,0.0130
80,0,3.0980,0.0170
49,0,3.1110,0.0130
369,0,3.1290,0.0180
67,2,3.1600,0.0310
40,0,3.1720,0.0120
49,0,3.2190,0.0470
80,0,3.2350,0.0160
80,0,3.2810,0.0460
466,0,3.2970,0.0160
18,2,3.3120,0.0150
112,2,3.3620,0.0500
14,2,3.3750,0.0130
469,2,3.4060,0.0310
369,0,3.4260,0.0200
24,0,3.4370,0.0110
40,0,3.4840,0.0470
24,0,3.5000,0.0160
80,2,3.5170,0.0170
55,0,3.5320,0.0150
80,0,3.5470,0.0150
49,0,3.5640,0.0170
49,0,3.5780,0.0140
49,0,3.5990,0.0210
49,0,3.6090,0.0100
369,0,3.6320,0.0230
80,3,3.6370,0.0050
55,0,3.6410,0.0040
369,0,3.6600,0.0190
80,3,3.6690,0.0090
80,3,3.6870,0.0180
80,2,3.7030,0.0160
14,2,3.7190,0.0160

14,2,3.7190,0.0160
24,0,3.7390,0.0200
369,0,3.7530,0.0140
55,0,3.7680,0.0150
356,3,3.7970,0.0290
356,3,3.8140,0.0170
18,3,3.8440,0.0300
80,2,3.8590,0.0150
80,2,3.8750,0.0160
61,3,3.9070,0.0320
61,3,3.9210,0.0140
51,3,3.9370,0.0160
40,3,3.9530,0.0160
80,2,3.9690,0.0160
51,0,4.0190,0.0500
76,0,4.0330,0.0140
51,0,4.0650,0.0320
76,0,4.0820,0.0170
76,0,4.0970,0.0150
14,0,4.1130,0.0160
24,0,4.1600,0.0470
73,0,4.2850,0.1250
73,0,4.3000,0.0150
18,0,4.4370,0.1370
23,0,4.4850,0.0480
24,0,4.5470,0.0620
24,0,4.5620,0.0150
35,0,4.5790,0.0170
416,0,4.6290,0.0500
416,0,4.6580,0.0290
453,0,4.6750,0.0170
192,0,4.6910,0.0160
51,0,4.7210,0.0300
453,0,4.7970,0.0760
24,0,4.8750,0.0780
453,0,4.9600,0.0850
453,0,5.0050,0.0450
416,0,5.0230,0.0180
35,0,5.0960,0.0730
35,0,5.1120,0.0160
35,0,5.1300,0.0180
35,0,5.1430,0.0130
35,0,5.1590,0.0160
35,0,5.1740,0.0150
24,0,5.1920,0.0180
73,0,5.2050,0.0130
35,0,5.2690,0.0640
24,0,5.3160,0.0470
24,0,5.3280,0.0120
416,0,5.3770,0.0490
35,0,5.4410,0.0640
35,0,5.4570,0.0160
35,0,5.4720,0.0150
24,0,5.8120,0.3400
416,0,5.8500,0.0380
54,0,5.8590,0.0090
140,0,5.8820,0.0230
25,0,5.9100,0.0280
18,0,5.9250,0.0150
18,0,5.9410,0.0160
18,0,5.9560,0.0150
18,0,5.9720,0.0160
18,0,5.9840,0.0120
80,0,6.0170,0.0330
247,0,6.1280,0.1110
33,0,6.1750,0.0470
18,0,6.1900,0.0150
19,0,6.2530,0.0630
18,0,6.2690,0.0160
18,0,6.2850,0.0160
15,0,6.3000,0.0150
18,0,6.3150,0.0150
24,0,6.3610,0.0460
35,0,6.5810,0.2200
37,0,6.5980,0.0170
5169,0,6.6120,0.0140
0,0,6.6590,0.0470
289,0,6.6750,0.0160
22,0,6.6920,0.0170
289,0,6.7060,0.0140
23,0,6.7230,0.0170
28,0,6.7380,0.0150
5,0,6.7540,0.0160
5349,0,6.7690,0.0150
416,0,6.7850,0.0160
416,0,6.8310,0.0460
35,0,6.8460,0.0150
4151,0,6.8760,0.0300
453,0,6.8950,0.0190
51,0,6.9720,0.0770
40,0,6.9890,0.0170
33,0,7.0020,0.0130
18,0,7.0200,0.0180
73,0,7.0340,0.0140
140,0,7.0480,0.0140
15,0,7.0680,0.0200
105,0,7.0980,0.0300
4162,0,7.1280,0.0300
35,0,7.1450,0.0170
14,0,7.1580,0.0130
417,0,7.1880,0.0300
67,0,7.2050,0.0170
35,0,7.2210,0.0160
21,0,7.3140,0.0930
21,0,7.3300,0.0160
72,0,7.3460,0.0160
51,0,7.3930,0.0470
340,0,7.4250,0.0320
21,0,7.4410,0.0160
33,0,7.4710,0.0300
18,0,7.4880,0.0170
24,0,7.5030,0.0150
23,0,7.5190,0.0160
23,0,7.5330,0.0140
18,0,7.5650,0.0320
23,0,7.5970,0.0320
85,0,7.6450,0.0480
74,0,7.6590,0.0140
18,0,7.6760,0.0170
23,0,7.6890,0.0130
4098,0,7.7970,0.1080
4353,0,7.8280,0.0310
4239,0,7.8430,0.0150
4188,0,7.8630,0.0200
80,0,7.8950,0.0320
4328,0,7.9090,0.0140
4211,0,7.9400,0.0310
4,0,7.9570,0.0170
4,0,7.9720,0.0150
24,0,7.9870,0.0150
4,0,8.0030,0.0160
4,0,8.0190,0.0160
4819,0,8.0510,0.0320
4802,0,8.0640,0.0130
4200,0,8.0960,0.0320
80,0,8.1280,0.0320
4156,0,8.1600,0.0320
4819,0,8.1750,0.0150
4819,0,8.1990,0.0240
80,0,8.2250,0.0260
4173,0,8.2360,0.0110
80,0,8.2540,0.0180
4139,0,8.2680,0.0140
4128,0,8.2850,0.0170
4483,0,8.3170,0.0320
37,0,8.3780,0.0610
49,0,8.3940,0.0160
469,4,8.4040,0.0100
14,0,8.4270,0.0230
80,0,8.4870,0.0600
4159,0,8.5030,0.0160
4149,0,8.5500,0.0470
4267,0,8.5650,0.0150
4819,0,8.5810,0.0160
4298,0,8.5970,0.0160
4769,0,8.6110,0.0140
289,0,8.6290,0.0180
22,0,8.6430,0.0140
19,0,8.6610,0.0180
19,0,8.6750,0.0140
4188,0,8.6910,0.0160
4131,0,8.7070,0.0160
4188,0,8.7220,0.0150
15,0,8.7380,0.0160
4298,0,8.7840,0.0460
24,0,8.8000,0.0160
4,0,8.8620,0.0620
15,0,8.9100,0.0480
6,0,8.9250,0.0150
4298,0,8.9560,0.0310
4298,0,8.9710,0.0150
356,0,9.0490,0.0780
444,0,9.0810,0.0320
356,0,9.1290,0.0480
180,0,9.2530,0.1240
300,0,9.2680,0.0150
300,0,9.2850,0.0170
32,0,9.3000,0.0150
30,0,9.6440,0.3440
4787,0,9.6750,0.0310
4781,0,9.6900,0.0150
4328,0,9.7540,0.0640
23,0,9.8150,0.0610
23,0,9.8310,0.0160
22,0,9.8470,0.0160
50,0,9.8610,0.0140
4188,0,9.8790,0.0180
18,0,9.8910,0.0120
356,0,10.1130,0.2220
180,0,10.2220,0.1090
10,0,10.2380,0.0160
4,0,10.2470,0.0090
15,0,10.2510,0.0040
4781,0,10.4240,0.1730
4781,0,10.4380,0.0140
4159,0,10.5640,0.1260
4159,0,10.5970,0.0330
4159,0,10.6130,0.0160
4142,0,10.6270,0.0140
4139,0,10.6440,0.0170
4131,0,10.6560,0.0120
4158,0,10.7050,0.0490
4156,0,10.7220,0.0170
80,0,10.7370,0.0150
4211,0,10.7540,0.0170
4131,0,10.7670,0.0130
4258,0,10.8160,0.0490
4158,0,10.8310,0.0150
4264,0,10.8470,0.0160
4242,0,10.8790,0.0320
4103,0,10.8940,0.0150
5,0,10.9060,0.0120
5,0,10.9220,0.0160
4129,0,10.9370,0.0150
18,0,10.9690,0.0320
15,0,10.9850,0.0160
40,0,11.0010,0.0160
35,0,11.0160,0.0150
35,0,11.0320,0.0160
4245,0,11.0480,0.0160
4258,0,11.0940,0.0460
4258,0,11.1100,0.0160
4158,0,11.1410,0.0310
4264,0,11.1730,0.0320
5230,0,11.1920,0.0190
5412,0,11.2360,0.0440
37,0,11.2540,0.0180
49,0,11.2800,0.0260
369,0,11.2960,0.0160
22,0,11.3910,0.0950
15,0,11.4120,0.0210
356,0,11.4710,0.0590
356,0,11.5190,0.0480
33,0,11.5490,0.0300
22,0,11.5660,0.0170
22,0,11.5800,0.0140
72,0,11.5980,0.0180
36,0,11.6130,0.0150
22,0,11.6740,0.0610
72,0,11.6920,0.0180
64,0,11.7060,0.0140
453,0,11.7320,0.0260
453,0,11.7340,0.0020
453,0,11.7810,0.0470
14,0,11.8280,0.0470
4162,0,11.8430,0.0150
4162,0,11.8590,0.0160
4162,0,11.8750,0.0160
4106,0,11.8900,0.0150
4103,0,11.9230,0.0330
5,0,11.9410,0.0180
4258,0,11.9560,0.0150
4,0,11.9720,0.0160
5230,0,11.9870,0.0150
4162,0,12.0030,0.0160
4158,0,12.0180,0.0150
4158,0,12.0350,0.0170
61,0,12.0930,0.0580
85,0,12.1120,0.0190
4158,0,12.1600,0.0480
35,0,12.1740,0.0140
35,0,12.1910,0.0170
4180,0,12.2370,0.0460
80,0,12.2530,0.0160
4107,0,12.2690,0.0160
80,0,12.2850,0.0160
4252,0,12.3140,0.0290
4248,0,12.3290,0.0150
4125,0,12.3480,0.0190
4137,0,12.3620,0.0140
4154,0,12.3790,0.0170
4106,0,12.3930,0.0140
4107,0,12.4100,0.0170
4104,0,12.4260,0.0160
5052,0,12.4400,0.0140
4175,0,12.4540,0.0140
4325,0,12.4740,0.0200
4132,0,12.4870,0.0130
4103,0,12.5050,0.0180
5,0,12.5170,0.0120
5412,0,12.5360,0.0190
4177,0,12.5500,0.0140
4129,0,12.5660,0.0160
4097,0,12.5810,0.0150
4108,0,12.5960,0.0150
