SysID,Thread ID,time,inetrval
14,0,0.2650,0.2650
80,0,0.6250,0.3600
80,0,0.6560,0.0310
18,0,0.7230,0.0670
18,0,0.8330,0.1100
37,0,1.0180,0.1850
55,0,1.0630,0.0450
61,0,1.1100,0.0470
51,0,1.1410,0.0310
40,0,1.1570,0.0160
49,0,1.2360,0.0790
80,0,1.2660,0.0300
347,0,1.2840,0.0180
80,0,1.4070,0.1230
80,0,1.5790,0.1720
76,0,1.6430,0.0640
416,0,1.6730,0.0300
453,0,1.7030,0.0300
453,0,1.7350,0.0320
453,0,1.7510,0.0160
18,0,1.9150,0.1640
23,0,1.9220,0.0070
453,0,1.9540,0.0320
453,0,1.9850,0.0310
24,0,2.0170,0.0320
24,0,2.1100,0.0930
80,0,2.1560,0.0460
453,0,2.1740,0.0180
453,0,2.1870,0.0130
18,0,2.2040,0.0170
15,0,2.2270,0.0230
51,0,2.3760,0.1490
348,0,2.3980,0.0220
15,0,2.4070,0.0090
51,0,2.4380,0.0310
24,0,2.5320,0.0940
85,0,2.5480,0.0160
17,0,2.5640,0.0160
40,0,2.5790,0.0150
54,0,2.6420,0.0630
340,0,2.6620,0.0200
356,0,2.7370,0.0750
453,0,2.8430,0.1060
15,0,2.8670,0.0240
38,0,2.8950,0.0280
33,0,2.9120,0.0170
15,0,2.9240,0.0120
85,0,2.9580,0.0340
33,0,2.9760,0.0180
18,0,2.9860,0.0100
15,0,3.0090,0.0230
85,0,3.0160,0.0070
76,0,3.0340,0.0180
293,0,3.1100,0.0760
24,0,3.3140,0.2040
15,0,3.3750,0.0610
37,0,3.5000,0.1250
354,0,3.5290,0.0290
173,0,3.5320,0.0030
417,0,3.5620,0.0300
40,0,3.5940,0.0320
49,0,3.6090,0.0150
49,0,3.6250,0.0160
80,0,3.6400,0.0150
369,0,3.6590,0.0190
67,2,3.6720,0.0130
1,2,3.7040,0.0320
55,0,3.7190,0.0150
40,0,3.7510,0.0320
80,2,3.7810,0.0300
80,0,3.8130,0.0320
24,2,3.8280,0.0150
18,2,3.8440,0.0160
23,2,3.8600,0.0160
15,2,3.8760,0.0160
112,2,3.9080,0.0320
28,2,3.9220,0.0140
14,2,3.9370,0.0150
40,0,3.9550,0.0180
469,2,3.9680,0.0130
55,0,3.9880,0.0200
24,0,4.0000,0.0120
112,0,4.0150,0.0150
24,2,4.0310,0.0160
40,0,4.0640,0.0330
49,0,4.0780,0.0140
469,3,4.0940,0.0160
469,2,4.1110,0.0170469,2,4.1110,0.0170
14,3,4.1270,0.0160
49,0,4.1400,0.0130
49,0,4.1590,0.0190
49,0,4.1880,0.0290
80,3,4.2080,0.0200
14,3,4.2190,0.0110
49,0,4.2380,0.0190
15,0,4.2480,0.0100
369,2,4.2840,0.0360
67,4,4.3110,0.0270
80,2,4.3130,0.0020
1,4,4.3290,0.0160
24,0,4.3760,0.0470
369,0,4.4540,0.0780
61,4,4.4690,0.0150
55,0,4.4870,0.0180
466,4,4.5000,0.0130
4,0,4.5160,0.0160
4,0,4.5320,0.0160
356,2,4.5470,0.0150
80,4,4.5630,0.0160
18,2,4.5940,0.0310
369,4,4.6250,0.0310
469,4,4.6570,0.0320
28,3,4.6710,0.0140
61,2,4.6880,0.0170
51,2,4.7070,0.0190
80,3,4.7160,0.0090
469,2,4.7190,0.0030
51,0,4.7500,0.0310
76,0,4.7770,0.0270
51,0,4.7790,0.0020
348,0,4.7810,0.0020
51,0,4.8130,0.0320
76,0,4.8370,0.0240
51,0,4.8450,0.0080
76,0,4.8680,0.0230
76,0,4.8780,0.0100
416,0,4.9000,0.0220
24,0,4.9450,0.0450
24,0,4.9580,0.0130
73,0,5.1040,0.1460
73,0,5.1120,0.0080
18,0,5.2650,0.1530
23,0,5.2970,0.0320
24,0,5.3470,0.0500
24,0,5.3600,0.0130
24,0,5.3780,0.0180
35,0,5.3960,0.0180
416,0,5.4680,0.0720
416,0,5.5040,0.0360
453,0,5.5210,0.0170
453,0,5.5340,0.0130
192,0,5.5480,0.0140
51,0,5.5620,0.0140
7,0,5.5880,0.0260
35,0,5.5930,0.0050
453,0,5.6740,0.0810
24,0,5.7930,0.1190
453,0,5.8660,0.0730
416,0,5.8780,0.0120
453,0,5.9070,0.0290
453,0,5.9290,0.0220
453,0,5.9400,0.0110
35,0,6.0380,0.0980
35,0,6.0520,0.0140
35,0,6.0650,0.0130
35,0,6.0840,0.0190
35,0,6.0970,0.0130
35,0,6.1200,0.0230
24,0,6.1430,0.0230
73,0,6.1580,0.0150
73,0,6.1730,0.0150
35,0,6.2340,0.0610
24,0,6.3120,0.0780
416,0,6.3470,0.0350
35,0,6.4690,0.1220
35,0,6.4940,0.0250
35,0,6.4970,0.0030
35,0,6.5000,0.0030
24,0,6.8920,0.3920
416,0,6.9840,0.0920
140,0,7.0160,0.0320
25,0,7.0520,0.0360
453,0,7.0680,0.0160
18,0,7.0810,0.0130
18,0,7.1130,0.0320
18,0,7.1410,0.0280
37,0,7.1670,0.0260
24,0,7.1730,0.0060
80,0,7.1990,0.0260
247,0,7.3140,0.1150
33,0,7.3780,0.0640
15,0,7.3960,0.0180
19,0,7.4090,0.0130
19,0,7.4690,0.0600
15,0,7.4840,0.0150
18,0,7.5000,0.0160
23,0,7.5150,0.0150
15,0,7.5310,0.0160
18,0,7.5470,0.0160
35,0,7.8600,0.3130
37,0,7.8770,0.0170
4098,0,7.8910,0.0140
0,0,7.9540,0.0630
289,0,7.9860,0.0320
22,0,8.0020,0.0160
23,0,8.0320,0.0300
28,0,8.0490,0.0170
5,0,8.0640,0.0150
5349,0,8.0800,0.0160
416,0,8.0950,0.0150
416,0,8.1610,0.0660
35,0,8.1720,0.0110
4151,0,8.2180,0.0460
453,0,8.2340,0.0160
51,0,8.3280,0.0940
33,0,8.3590,0.0310
18,0,8.3750,0.0160
73,0,8.3910,0.0160
140,0,8.4220,0.0310
15,0,8.4370,0.0150
105,0,8.4690,0.0320
4162,0,8.5000,0.0310
35,0,8.5150,0.0150
14,0,8.5470,0.0320
417,0,8.5700,0.0230
67,0,8.5820,0.0120
35,0,8.6020,0.0200
35,0,8.6120,0.0100
72,0,8.7240,0.1120
51,0,8.7840,0.0600
340,0,8.8180,0.0340
33,0,8.8490,0.0310
33,0,8.8700,0.0210
18,0,8.8750,0.0050
24,0,8.8930,0.0180
23,0,8.9110,0.0180
18,0,8.9380,0.0270
18,0,9.0010,0.0630
23,0,9.0330,0.0320
85,0,9.0790,0.0460
74,0,9.1120,0.0330
18,0,9.1260,0.0140
23,0,9.1430,0.0170
4,0,9.2060,0.0630
4,0,9.2670,0.0610
5125,0,9.2820,0.0150
4156,0,9.3130,0.0310
80,0,9.3450,0.0320
4188,0,9.3770,0.0320
4328,0,9.4070,0.0300
4211,0,9.4540,0.0470
4,0,9.4690,0.0150
4,0,9.4860,0.0170
24,0,9.5010,0.0150
24,0,9.5180,0.0170
4,0,9.5320,0.0140
4,0,9.5490,0.0170
4819,0,9.5960,0.0470
4802,0,9.6110,0.0150
4200,0,9.6280,0.0170
4131,0,9.6750,0.0470
4258,0,9.7420,0.0670
4212,0,9.7520,0.0100
4158,0,9.7820,0.0300
4212,0,9.8090,0.0270
5,0,9.8120,0.0030
4242,0,9.8430,0.0310
4103,0,9.8640,0.0210
5,0,9.8760,0.0120
5,0,9.8910,0.0150
18,0,9.9390,0.0480
23,0,9.9550,0.0160
51,0,9.9700,0.0150
35,0,9.9880,0.0180
35,0,10.0010,0.0130
35,0,10.0190,0.0180
4245,0,10.0330,0.0140
4258,0,10.0930,0.0600
4258,0,10.1110,0.0180
4,0,10.1430,0.0320
24,0,10.1600,0.0170
4158,0,10.1730,0.0130
4264,0,10.2030,0.0300
5230,0,10.2210,0.0180
4103,0,10.2360,0.0150
5412,0,10.2510,0.0150
37,0,10.2660,0.0150
49,0,10.2820,0.0160
369,0,10.2970,0.0150
22,0,10.4230,0.1260
23,0,10.4370,0.0140
24,0,10.5160,0.0790
356,0,10.5350,0.0190
444,0,10.5630,0.0280
356,0,10.6250,0.0620
33,0,10.6730,0.0480
22,0,10.6890,0.0160
22,0,10.7090,0.0200
22,0,10.7190,0.0100
22,0,10.7350,0.0160
36,0,10.7510,0.0160
33,0,10.7660,0.0150
22,0,10.8290,0.0630
453,0,10.8450,0.0160
72,0,10.8600,0.0150
64,0,10.8760,0.0160
453,0,10.8910,0.0150
416,0,10.9070,0.0160
453,0,10.9540,0.0470
14,0,11.0150,0.0610
80,0,11.0310,0.0160
4166,0,11.0470,0.0160
4162,0,11.0630,0.0160
5,0,11.0780,0.0150
4258,0,11.1110,0.0330
24,0,11.1410,0.0300
4162,0,11.1730,0.0320
4103,0,11.1890,0.0160
4106,0,11.2190,0.0300
4128,0,11.2520,0.0330
5292,0,11.2670,0.0150
4184,0,11.2820,0.0150
4211,0,11.2980,0.0160
4819,0,11.3150,0.0170
4173,0,11.3290,0.0140
5292,0,11.3470,0.0180
5230,0,11.3760,0.0290
4188,0,11.3910,0.0150
5292,0,11.4080,0.0170
4131,0,11.4220,0.0140
5,0,11.4400,0.0180
4178,0,11.4540,0.0140
5292,0,11.4730,0.0190
5230,0,11.4900,0.0170
5412,0,11.5000,0.0100
4162,0,11.5170,0.0170
4103,0,11.5320,0.0150
5,0,11.5470,0.0150
4106,0,11.5950,0.0480
5,0,11.6110,0.0160
4177,0,11.6260,0.0150
80,0,11.6410,0.0150
80,0,11.7030,0.0620
4162,0,11.7670,0.0640
5143,0,11.7850,0.0180
5,0,11.7990,0.0140
4177,0,11.8300,0.0310
4187,0,11.8610,0.0310
4097,0,11.8790,0.0180
5,0,11.8900,0.0110
4097,0,12.3060,0.4160
4,0,12.3110,0.0050
4150,0,12.3280,0.0170
4097,0,12.8280,0.5000
4097,0,13.3590,0.5310
4097,0,13.8900,0.5310
4097,0,14.4170,0.5270
4097,0,14.9450,0.5280
4097,0,15.4460,0.5010
4097,0,15.9490,0.5030
4097,0,16.4610,0.5120
4097,0,16.9760,0.5150
4097,0,17.4980,0.5220
4097,0,18.0150,0.5170
4097,0,18.5240,0.5090
4097,0,19.0290,0.5050
4097,0,19.5440,0.5150
4097,0,20.0480,0.5040
4097,0,20.5760,0.5280
4097,0,21.0850,0.5090
4097,0,21.6140,0.5290
4097,0,22.1420,0.5280
4097,0,22.6520,0.5100
4097,0,23.1760,0.5240
4097,0,23.6840,0.5080
4097,0,24.1970,0.5130
4,0,24.1980,0.0010
4097,0,24.7200,0.5220
4097,0,25.2250,0.5050
4097,0,25.7500,0.5250
4097,0,26.2830,0.5330
4097,0,26.8060,0.5230
4097,0,27.3240,0.5180
4097,0,27.8510,0.5270
4097,0,28.3610,0.5100
4097,0,28.8790,0.5180
4,0,28.8800,0.0010
4097,0,29.3930,0.5130
4097,0,29.9170,0.5240
4097,0,30.4440,0.5270
4097,0,30.9460,0.5020
4097,0,31.4630,0.5170
4097,0,31.9630,0.5000
4097,0,32.4630,0.5000
4097,0,32.9870,0.5240
4097,0,33.5030,0.5160
4097,0,34.0080,0.5050
4097,0,34.5100,0.5020
4097,0,35.0400,0.5300
4097,0,35.5720,0.5320
4097,0,36.0840,0.5120
4097,0,36.5860,0.5020
4097,0,37.0870,0.5010
4097,0,37.5980,0.5110
4097,0,38.1190,0.5210
4097,0,38.6490,0.5300
4097,0,39.1650,0.5160
4097,0,39.6660,0.5010
4097,0,40.1950,0.5290
4097,0,40.7010,0.5060
4097,0,41.2100,0.5090
4150,0,41.2110,0.0010
4097,0,41.7400,0.5290
4097,0,42.2430,0.5030
4097,0,42.7570,0.5140
4,0,42.7580,0.0010
4097,0,43.2870,0.5290
4,0,43.2880,0.0010
4097,0,43.7870,0.4990
4097,0,44.3010,0.5140
4097,0,44.8340,0.5330
4097,0,45.3360,0.5020
4097,0,45.8640,0.5280
4097,0,46.4260,0.5620
4097,0,46.9100,0.4840
4097,0,47.4390,0.5290
4097,0,47.9620,0.5230
4097,0,48.4940,0.5320
4097,0,49.0040,0.5100
4097,0,49.5370,0.5330
4097,0,50.0680,0.5310
4097,0,50.6000,0.5320
4,0,50.6010,0.0010
4097,0,51.1320,0.5310
4097,0,51.6330,0.5010
4097,0,52.1440,0.5110
4097,0,52.6740,0.5300
4097,0,53.1800,0.5060
4097,0,53.6880,0.5080
4097,0,54.2130,0.5250
4,0,54.2460,0.0330
4097,0,54.7250,0.4790
4097,0,55.2450,0.5200
4097,0,55.7570,0.5120
4097,0,56.2600,0.5030
4097,0,56.7720,0.5120
4,0,56.7730,0.0010
4097,0,57.2740,0.5010
4097,0,57.8040,0.5300
4097,0,58.3220,0.5180
