SysID,Thread ID,time,inetrval
14,0,0.2350,0.2350
80,0,0.5810,0.3460
80,0,0.6040,0.0230
80,0,0.6120,0.0080
18,0,0.6270,0.0150
33,0,0.6410,0.0140
18,0,0.6880,0.0470
18,0,0.7980,0.1100
37,0,1.0010,0.2030
55,0,1.0320,0.0310
61,0,1.0780,0.0460
51,0,1.0940,0.0160
74,0,1.1110,0.0170
49,0,1.2370,0.1260
80,0,1.2500,0.0130
347,0,1.2820,0.0320
80,0,1.4230,0.1410
80,0,1.5640,0.1410
15,0,1.5790,0.0150
76,0,1.6110,0.0320
416,0,1.6260,0.0150
453,0,1.6420,0.0160
453,0,1.6970,0.0550
453,0,1.7030,0.0060
18,0,1.8280,0.1250
15,0,1.8440,0.0160
453,0,1.8910,0.0470
24,0,1.9060,0.0150
24,0,2.0780,0.1720
80,0,2.1120,0.0340
453,0,2.1270,0.0150
453,0,2.1410,0.0140
18,0,2.1560,0.0150
51,0,2.2810,0.1250
15,0,2.3120,0.0310
51,0,2.3440,0.0320
24,0,2.4070,0.0630
85,0,2.4310,0.0240
17,0,2.4390,0.0080
54,0,2.5030,0.0640
340,0,2.5190,0.0160
356,0,2.5780,0.0590
453,0,2.7040,0.1260
38,0,2.7350,0.0310
297,0,2.7510,0.0160
15,0,2.7670,0.0160
85,0,2.7820,0.0150
33,0,2.8140,0.0320
15,0,2.8290,0.0150
85,0,2.8450,0.0160
15,0,2.8610,0.0160
293,0,2.9060,0.0450
24,0,3.1420,0.2360
15,0,3.1890,0.0470
42,0,3.2060,0.0170
37,0,3.3030,0.0970
354,0,3.3160,0.0130
417,0,3.3400,0.0240
196,0,3.3440,0.0040
80,0,3.3750,0.0310
49,0,3.3960,0.0210
80,0,3.4110,0.0150
49,0,3.4230,0.0120
369,0,3.4490,0.0260
67,2,3.4530,0.0040
55,0,3.4850,0.0320
40,0,3.5000,0.0150
80,0,3.5470,0.0470
80,0,3.5630,0.0160
24,2,3.5950,0.0320
18,2,3.6100,0.0150
24,2,3.6260,0.0160
466,0,3.6560,0.0300
112,2,3.6760,0.0200
28,2,3.6870,0.0110
469,2,3.7340,0.0470
369,0,3.7580,0.0240
80,2,3.7660,0.0080
24,0,3.7830,0.0170
469,2,3.7830,0.0170
40,0,3.8210,0.0380
49,0,3.8310,0.0100
369,0,3.8410,0.0100
24,3,3.8440,0.0030
112,3,3.8600,0.0160
369,0,3.9070,0.0470
80,0,3.9220,0.0150
14,3,3.9400,0.0180
49,0,3.9540,0.0140
49,0,3.9730,0.0190
49,0,3.9840,0.0110
80,3,4.0050,0.0210
49,0,4.0160,0.0110
15,0,4.0360,0.0200
80,3,4.0470,0.0110
469,2,4.0650,0.0180
18,0,4.0790,0.0140
24,4,4.0940,0.0150
369,0,4.1470,0.0530
55,0,4.1560,0.0090
4,0,4.1740,0.0180
49,4,4.1880,0.0140
356,3,4.2040,0.0160
369,4,4.2520,0.0480
15,4,4.2820,0.0300
80,2,4.2980,0.0160
61,3,4.3910,0.0930
61,3,4.4060,0.0150
49,3,4.4220,0.0160
51,0,4.5000,0.0780
51,0,4.5190,0.0190
76,0,4.5320,0.0130
51,0,4.5630,0.0310
76,0,4.5820,0.0190
76,0,4.5980,0.0160
76,0,4.6110,0.0130
416,0,4.6300,0.0190
24,0,4.6880,0.0580
73,0,4.8340,0.1460
73,0,4.8450,0.0110
18,0,4.9870,0.1420
23,0,5.0180,0.0310
24,0,5.0750,0.0570
24,0,5.0780,0.0030
35,0,5.1010,0.0230
416,0,5.1410,0.0400
416,0,5.1720,0.0310
453,0,5.2060,0.0340
192,0,5.2270,0.0210
72,0,5.2370,0.0100
51,0,5.2660,0.0290
453,0,5.3540,0.0880
24,0,5.4550,0.1010
453,0,5.5170,0.0620
416,0,5.5330,0.0160
453,0,5.5660,0.0330
453,0,5.5780,0.0120
35,0,5.6740,0.0960
35,0,5.7040,0.0300
35,0,5.7370,0.0330
35,0,5.7590,0.0220
24,0,5.7700,0.0110
73,0,5.7880,0.0180
73,0,5.8010,0.0130
35,0,5.8600,0.0590
24,0,5.9260,0.0660
416,0,5.9550,0.0290
35,0,6.0630,0.1080
35,0,6.0790,0.0160
35,0,6.0980,0.0190
24,0,6.3780,0.2800
416,0,6.5020,0.1240
80,0,6.5250,0.0230
140,0,6.5360,0.0110
25,0,6.5650,0.0290
18,0,6.5970,0.0320
18,0,6.6290,0.0320
18,0,6.6480,0.0190
18,0,6.6560,0.0080
24,0,6.6870,0.0310
80,0,6.7070,0.0200
247,0,6.8160,0.1090
247,0,6.8360,0.0200
33,0,6.8780,0.0420
18,0,6.9000,0.0220
18,0,6.9070,0.0070
19,0,6.9740,0.0670
18,0,6.9930,0.0190
23,0,7.0050,0.0120
15,0,7.0220,0.0170
18,0,7.0380,0.0160
35,0,7.3280,0.2900
4101,0,7.3440,0.0160
4224,0,7.3590,0.0150
66,0,7.3750,0.0160
0,0,7.4220,0.0470
289,0,7.4530,0.0310
22,0,7.4690,0.0160
23,0,7.5000,0.0310
28,0,7.5160,0.0160
18,0,7.5310,0.0150
5349,0,7.5470,0.0160
416,0,7.6090,0.0620
35,0,7.6250,0.0160
4151,0,7.6560,0.0310
453,0,7.6720,0.0160
51,0,7.7720,0.1000
33,0,7.7830,0.0110
18,0,7.8040,0.0210
17,0,7.8140,0.0100
140,0,7.8490,0.0350
105,0,7.8950,0.0460
4162,0,7.9270,0.0320
25,0,7.9440,0.0170
14,0,7.9740,0.0300
417,0,7.9870,0.0130
35,0,8.0200,0.0330
72,0,8.1260,0.1060
14,0,8.1450,0.0190
51,0,8.2030,0.0580
340,0,8.2190,0.0160
33,0,8.2500,0.0310
33,0,8.2660,0.0160
72,0,8.2810,0.0150
341,0,8.2970,0.0160
23,0,8.3130,0.0160
18,0,8.3280,0.0150
18,0,8.3600,0.0320
23,0,8.3910,0.0310
85,0,8.4380,0.0470
74,0,8.4530,0.0150
18,0,8.4690,0.0160
23,0,8.4840,0.0150
4,0,8.5310,0.0470
4,0,8.5940,0.0630
80,0,8.6560,0.0620
51,0,8.6720,0.0160
85,0,8.6880,0.0160
85,0,8.7030,0.0150
61,0,8.7200,0.0170
24,0,8.7340,0.0140
51,0,8.7500,0.0160
51,0,8.7970,0.0470
51,0,8.8130,0.0160
73,0,8.8280,0.0150
51,0,8.8440,0.0160
37,0,8.8600,0.0160
55,0,8.8750,0.0150
40,0,8.8900,0.0150
49,0,8.8910,0.0010
369,0,8.9110,0.0200
80,2,8.9190,0.0080
49,0,8.9230,0.0040
80,2,8.9370,0.0140
49,3,8.9380,0.0010
61,4,8.9540,0.0160
80,2,8.9690,0.0150
22,0,9.0780,0.1090
356,0,9.1750,0.0970
444,0,9.1940,0.0190
356,0,9.2060,0.0120
356,0,9.2550,0.0490
33,0,9.2840,0.0290
22,0,9.3050,0.0210
22,0,9.3170,0.0120
22,0,9.3340,0.0170
22,0,9.3470,0.0130
36,0,9.3750,0.0280
22,0,9.4420,0.0670
72,0,9.4610,0.0190
72,0,9.4720,0.0110
453,0,9.4940,0.0220
453,0,9.5030,0.0090
61,0,9.5520,0.0490
51,0,9.5680,0.0160
42,0,9.5750,0.0070
15,0,9.5790,0.0040
22,0,9.6110,0.0320
192,0,9.6420,0.0310
22,0,9.6680,0.0260
192,0,9.6730,0.0050
416,0,9.7270,0.0540
453,0,9.7570,0.0300
416,0,9.7700,0.0130
453,0,9.8290,0.0590
453,0,9.8530,0.0240
416,0,9.8610,0.0080
453,0,9.8850,0.0240
14,0,9.8930,0.0080
51,0,9.9180,0.0250
51,0,9.9250,0.0070
4,0,9.9550,0.0300
61,0,10.0160,0.0610
24,0,10.0480,0.0320
24,0,10.0690,0.0210
24,0,10.0820,0.0130
5254,0,10.2970,0.2150
5254,0,10.3750,0.0780
5254,0,10.4090,0.0340
5254,0,10.4240,0.0150
5254,0,10.4560,0.0320
5254,0,10.4700,0.0140
5254,0,10.5020,0.0320
5254,0,10.5320,0.0300
5254,0,10.5660,0.0340
5254,0,10.5940,0.0280
5254,0,10.6250,0.0310
39,0,10.6560,0.0310
61,0,10.6720,0.0160
5254,0,10.7030,0.0310
5254,0,10.7190,0.0160
5254,0,10.7340,0.0150
5254,0,10.7500,0.0160
5254,0,10.7820,0.0320
5254,0,10.7970,0.0150
30,0,10.8130,0.0160
24,0,10.8440,0.0310
23,0,10.8590,0.0150
61,0,10.9220,0.0630
22,0,10.9720,0.0500
29,0,10.9840,0.0120
23,0,11.0000,0.0160
49,0,11.0160,0.0160
80,3,11.0310,0.0150
466,3,11.0470,0.0160
15,0,11.0650,0.0180
22,0,11.1460,0.0810
4151,0,11.2830,0.1370
80,0,11.3030,0.0200
25,0,11.3160,0.0130
416,0,11.3440,0.0280
340,0,11.3700,0.0260
416,0,11.3950,0.0250
453,0,11.4410,0.0460
453,0,11.4560,0.0150
453,0,11.4660,0.0100
72,0,11.5470,0.0810
416,0,11.5680,0.0210
453,0,11.5970,0.0290
416,0,11.6110,0.0140
22,0,11.6440,0.0330
80,0,11.8010,0.1570
15,0,11.8120,0.0110
80,0,11.9590,0.1470
13,0,11.9690,0.0100
15,0,11.9950,0.0260
15,0,12.0020,0.0070
15,0,12.0230,0.0210
15,0,12.0360,0.0130
15,0,12.1040,0.0680
80,0,12.1100,0.0060
4275,0,12.1350,0.0250
4275,0,12.1410,0.0060
80,0,12.1720,0.0310
96,0,12.2040,0.0320
61,0,12.2970,0.0930
61,0,12.3280,0.0310
18,0,12.4060,0.0780
18,0,12.4250,0.0190
18,0,12.4390,0.0140
15,0,12.4640,0.0250
18,0,12.4700,0.0060
33,0,12.5310,0.0610
23,0,12.5570,0.0260
33,0,12.5640,0.0070
76,0,12.5830,0.0190
25,0,12.6110,0.0280
73,0,12.6360,0.0250
140,0,12.6660,0.0300
340,0,12.7350,0.0690
85,0,12.7670,0.0320
15,0,12.8450,0.0780
58,0,12.8630,0.0180
15,0,12.8750,0.0120
4,0,12.8920,0.0170
25,0,12.9060,0.0140
61,0,12.9220,0.0160
25,0,12.9390,0.0170
