SysID,Thread ID,time,inetrval
14,0,0.1560,0.1560
35,0,0.2340,0.0780
35,0,0.2500,0.0160
35,0,0.4690,0.2190
80,0,0.5010,0.0320
80,0,0.5200,0.0190
35,0,0.5310,0.0110
18,0,0.5780,0.0470
35,0,0.6730,0.0950
23,0,0.6940,0.0210
37,0,0.8280,0.1340
354,0,0.8690,0.0410
173,0,0.8710,0.0020
205,0,0.8750,0.0040
196,0,0.8920,0.0170
80,0,0.9240,0.0320
55,0,0.9840,0.0600
40,0,1.0040,0.0200
49,0,1.0630,0.0590
80,0,1.0870,0.0240
80,0,1.0930,0.0060
80,0,1.0940,0.0010
347,0,1.1250,0.0310
80,0,1.2210,0.0960
49,0,1.2500,0.0290
369,0,1.3160,0.0660
15,0,1.3280,0.0120
67,2,1.3440,0.0160
466,2,1.3910,0.0470
24,0,1.4060,0.0150
112,0,1.4730,0.0670
1,2,1.4850,0.0120
49,0,1.5170,0.0320
80,0,1.5360,0.0190
80,0,1.5470,0.0110
80,0,1.5620,0.0150
24,2,1.5790,0.0170
112,2,1.5940,0.0150
55,0,1.6720,0.0780
35,2,1.6880,0.0160
49,0,1.6880,0.0160
35,2,1.7030,0.0150
369,0,1.7190,0.0160
15,0,1.7350,0.0160
67,3,1.7350,0.0160
1,3,1.7660,0.0310
112,0,1.7810,0.0150
35,2,1.7990,0.0180
35,3,1.8130,0.0140
35,3,1.8280,0.0150
35,2,1.8450,0.0170
35,3,1.8750,0.0300
469,4,1.8920,0.0170
49,0,1.9060,0.0140
35,4,1.9250,0.0190
35,4,1.9370,0.0120
15,0,1.9530,0.0160
35,3,1.9690,0.0160
35,3,1.9860,0.0170
49,0,2.0000,0.0140
49,0,2.0160,0.0160
49,0,2.0310,0.0150
35,3,2.0470,0.0160
35,4,2.0620,0.0150
40,0,2.0940,0.0320
356,3,2.1090,0.0150
49,0,2.1250,0.0160
356,3,2.1400,0.0150
18,3,2.1560,0.0160
35,4,2.1880,0.0320
80,0,2.2190,0.0310
80,0,2.2190,0.0310
35,4,2.2500,0.0310
35,4,2.2660,0.0160
61,3,2.2820,0.0160
51,3,2.3140,0.0320
35,2,2.3280,0.0140
80,0,2.3440,0.0160
15,0,2.3590,0.0150
35,2,2.3750,0.0160
35,4,2.3900,0.0150
24,0,2.4060,0.0160
35,4,2.4060,0.0160
35,3,2.4220,0.0160
15,4,2.4380,0.0160
469,3,2.4540,0.0160
35,2,2.4680,0.0140
35,2,2.4690,0.0010
76,0,2.5450,0.0760
76,0,2.5470,0.0020
76,0,2.5700,0.0230
76,0,2.5830,0.0130
416,0,2.5990,0.0160
24,0,2.6600,0.0610
30,0,2.6770,0.0170
73,0,2.8170,0.1400
18,0,2.9530,0.1360
23,0,2.9690,0.0160
23,0,2.9840,0.0150
24,0,3.0310,0.0470
24,0,3.0470,0.0160
35,0,3.0620,0.0150
416,0,3.1090,0.0470
416,0,3.1250,0.0160
453,0,3.1560,0.0310
453,0,3.1870,0.0310
453,0,3.2030,0.0160
192,0,3.2190,0.0160
51,0,3.2340,0.0150
7,0,3.2500,0.0160
453,0,3.3280,0.0780
24,0,3.4220,0.0940
24,0,3.4840,0.0620
416,0,3.5000,0.0160
453,0,3.5310,0.0310
24,0,3.5470,0.0160
35,0,3.5940,0.0470
35,0,3.6090,0.0150
35,0,3.6250,0.0160
35,0,3.6410,0.0160
73,0,3.6720,0.0310
35,0,3.7340,0.0620
24,0,3.7650,0.0310
24,0,3.7810,0.0160
416,0,3.8280,0.0470
35,0,3.9060,0.0780
35,0,3.9220,0.0160
35,0,3.9370,0.0150
24,0,4.0160,0.0790
416,0,4.3120,0.2960
416,0,4.3750,0.0630
35,0,4.3940,0.0190
416,0,4.4060,0.0120
80,0,4.4220,0.0160
140,0,4.4370,0.0150
25,0,4.4530,0.0160
453,0,4.4680,0.0150
18,0,4.4840,0.0160
18,0,4.5000,0.0160
18,0,4.5310,0.0310
18,0,4.5470,0.0160
37,0,4.5620,0.0150
35,0,4.5780,0.0160
80,0,4.5930,0.0150
247,0,4.7030,0.1100
33,0,4.7500,0.0470
18,0,4.7650,0.0150
19,0,4.8470,0.0820
18,0,4.8630,0.0160
18,0,4.8750,0.0120
15,0,4.8900,0.0150
18,0,4.9060,0.0160
24,0,4.9850,0.0790
51,0,5.2030,0.2180
51,0,5.2360,0.0330
51,0,5.2500,0.0140
35,0,5.3030,0.0530
4101,0,5.3130,0.0100
4098,0,5.3330,0.0200
297,0,5.3410,0.0080
66,0,5.3440,0.0030
0,0,5.3760,0.0320
28,0,5.3950,0.0190
289,0,5.4080,0.0130
22,0,5.4380,0.0300
23,0,5.4590,0.0210
28,0,5.4880,0.0290
18,0,5.5000,0.0120
416,0,5.5230,0.0230
72,0,5.5280,0.0050
22,0,5.5310,0.0030
416,0,5.5490,0.0180
35,0,5.5780,0.0290
22,0,5.6890,0.1110
23,0,5.7090,0.0200
356,0,5.7810,0.0720
444,0,5.7970,0.0160
356,0,5.8120,0.0150
356,0,5.8590,0.0470
33,0,5.8980,0.0390
22,0,5.9060,0.0080
22,0,5.9230,0.0170
22,0,5.9400,0.0170
22,0,5.9560,0.0160
36,0,5.9720,0.0160
410,0,5.9850,0.0130
35,0,6.0170,0.0320
22,0,6.0360,0.0190
453,0,6.0490,0.0130
72,0,6.0640,0.0150
64,0,6.0810,0.0170
453,0,6.0940,0.0130
453,0,6.1100,0.0160
35,0,6.1410,0.0310
61,0,6.1560,0.0150
51,0,6.1720,0.0160
22,0,6.2190,0.0470
416,0,6.2340,0.0150
54,0,6.2500,0.0160
192,0,6.2660,0.0160
416,0,6.2810,0.0150
340,0,6.3120,0.0310
36,0,6.3280,0.0160
22,0,6.3440,0.0160
348,0,6.3590,0.0150
23,0,6.3900,0.0310
15,0,6.4370,0.0470
340,0,6.4690,0.0320
72,0,6.4840,0.0150
416,0,6.5000,0.0160
453,0,6.5150,0.0150
416,0,6.5310,0.0160
453,0,6.5470,0.0160
453,0,6.5620,0.0150
14,0,6.5940,0.0320
417,0,6.6150,0.0210
35,0,6.6260,0.0110
24,0,6.6600,0.0340
24,0,6.6760,0.0160
7,0,6.7360,0.0600
24,0,6.7510,0.0150
61,0,6.8600,0.1090
61,0,6.8760,0.0160
61,0,6.8920,0.0160
61,0,6.9070,0.0150
61,0,6.9230,0.0160
61,0,6.9390,0.0160
61,0,6.9540,0.0150
61,0,6.9690,0.0150
61,0,6.9850,0.0160
73,0,7.0010,0.0160
61,0,7.0320,0.0310
72,0,7.0480,0.0160
347,0,7.0790,0.0310
54,0,7.0950,0.0160
347,0,7.1100,0.0150
347,0,7.1260,0.0160
51,0,7.1420,0.0160
4,0,7.1580,0.0160
14,0,7.1720,0.0140
72,0,7.1870,0.0150
37,0,7.2030,0.0160
25,0,7.2200,0.0170
453,0,7.2430,0.0230
453,0,7.2520,0.0090
23,0,7.2760,0.0240
15,0,7.2780,0.0020
51,0,7.2840,0.0060
14,0,7.3770,0.0930
24,0,7.4130,0.0360
72,0,7.4550,0.0420
91,0,7.4870,0.0320
80,0,7.5030,0.0160
4130,0,7.5180,0.0150
54,0,7.5360,0.0180
22,0,7.5660,0.0300
15,0,7.5810,0.0150
72,0,7.5980,0.0170
18,0,7.6760,0.0780
18,0,7.6910,0.0150
33,0,7.7070,0.0160
88,0,7.7220,0.0150
33,0,7.7380,0.0160
33,0,7.7530,0.0150
33,0,7.8930,0.1400
15,0,7.9410,0.0480
453,0,7.9570,0.0160
453,0,7.9700,0.0130
72,0,8.0350,0.0650
33,0,8.1740,0.1390
121,0,8.1910,0.0170
140,0,8.2650,0.0740
140,0,8.3810,0.1160
140,0,8.3890,0.0080
356,0,8.4060,0.0170
54,0,8.4370,0.0310
18,0,8.4690,0.0320
347,0,8.4840,0.0150
140,0,8.6090,0.1250
24,0,8.6400,0.0310
22,0,8.9410,0.3010
36,0,8.9570,0.0160
18,0,8.9710,0.0140
22,0,8.9880,0.0170
22,0,9.0010,0.0130
22,0,9.0190,0.0180
354,0,9.0340,0.0150
22,0,9.0520,0.0180
289,0,9.0970,0.0450
33,0,9.1280,0.0310
33,0,9.2690,0.1410
137,0,9.2810,0.0120
140,0,9.2950,0.0140
140,0,9.4230,0.1280
140,0,9.6920,0.2690
140,0,9.9690,0.2770
432,0,10.0000,0.0310
253,0,10.0310,0.0310
99,0,10.0470,0.0160
180,0,10.2340,0.1870
4,0,10.2530,0.0190
300,0,10.2670,0.0140
15,0,10.2840,0.0170
36,0,10.3750,0.0910
356,0,10.3920,0.0170
347,0,10.4100,0.0180
55,0,10.4230,0.0130
22,0,10.4550,0.0320
49,0,10.4710,0.0160
453,0,10.5150,0.0440
14,0,10.5470,0.0320
55,0,10.7030,0.1560
22,0,10.7840,0.0810
22,0,10.7990,0.0150
22,0,10.8470,0.0480
22,0,10.8630,0.0160
22,0,10.8780,0.0150
22,0,10.8950,0.0170
22,0,10.9080,0.0130
15,0,10.9270,0.0190
33,0,10.9390,0.0120
15,0,10.9570,0.0180
22,0,11.0190,0.0620
4,0,11.1090,0.0900
22,0,11.2970,0.1880
22,0,11.3120,0.0150
15,0,11.3280,0.0160
22,0,11.3440,0.0160
347,0,11.4060,0.0620
55,0,11.4220,0.0160
49,2,11.4410,0.0190
80,4,11.4530,0.0120
180,0,11.4820,0.0290
22,0,11.5160,0.0340
23,0,11.5390,0.0230
61,0,11.5490,0.0100
15,0,11.5660,0.0170
23,0,11.5820,0.0160
453,0,11.6250,0.0430
453,0,11.6410,0.0160
61,0,11.8590,0.2180
340,0,11.8750,0.0160
25,0,11.8900,0.0150
61,0,11.9170,0.0270
25,0,11.9260,0.0090
453,0,11.9690,0.0430
25,0,12.0010,0.0320
23,0,12.0510,0.0500
85,0,12.0940,0.0430
74,0,12.1110,0.0170
18,0,12.1330,0.0220
33,0,12.2530,0.1200
33,0,12.2700,0.0170
24,0,12.2840,0.0140
23,0,12.3010,0.0170
18,0,12.3150,0.0140
18,0,12.3440,0.0290
18,0,12.3590,0.0150
23,0,12.3900,0.0310
4,0,12.4060,0.0160
61,0,12.4380,0.0320
61,0,12.5380,0.1000
80,0,12.5620,0.0240
80,0,12.6150,0.0530
18,0,12.6270,0.0120
18,0,12.6450,0.0180
36,0,12.6590,0.0140
22,0,12.6760,0.0170
80,0,12.7690,0.0930
61,0,12.7840,0.0150
72,0,12.8160,0.0320
33,0,12.8300,0.0140
141,0,12.8790,0.0490
64,0,12.9060,0.0270
347,0,13.0010,0.0950
72,0,13.0320,0.0310
24,0,13.1250,0.0930
22,0,13.1880,0.0630
22,0,13.2030,0.0150
18,0,13.2390,0.0360
33,0,13.4060,0.1670
356,0,13.4220,0.0160
444,0,13.4370,0.0150
72,0,13.5150,0.0780
24,0,13.5310,0.0160
72,0,13.5470,0.0160
194,0,13.5730,0.0260
15,0,13.5780,0.0050
33,0,13.6090,0.0310
297,0,13.6260,0.0170
7,5,13.6410,0.0150
33,0,13.6560,0.0150
33,0,13.6710,0.0150
14,5,13.6880,0.0170
433,5,13.7030,0.0150
33,0,13.7180,0.0150
33,0,13.7340,0.0160
140,0,13.8750,0.1410
7,6,13.8900,0.0150
137,6,13.9130,0.0230
119,6,13.9230,0.0100
469,6,13.9390,0.0160
417,6,13.9530,0.0140
67,7,13.9840,0.0310
1,7,14.0010,0.0170
24,0,14.2030,0.2020
36,0,14.2650,0.0620
36,0,14.4070,0.1420
91,0,14.4370,0.0300
92,0,14.4590,0.0220
36,0,14.5620,0.1030
36,0,14.5780,0.0160
356,0,14.6250,0.0470
356,0,14.8510,0.2260
24,0,14.9690,0.1180
60,0,15.1100,0.1410
140,0,15.1410,0.0310
24,0,15.1720,0.0310
180,0,15.1870,0.0150
54,0,15.2110,0.0240
22,0,15.8000,0.5890
24,0,15.8170,0.0170
22,0,15.9250,0.1080
15,0,15.9410,0.0160
22,0,15.9570,0.0160
4,0,15.9730,0.0160
37,0,15.9880,0.0150
80,0,15.9970,0.0090
14,0,16.0000,0.0030
80,0,16.2030,0.2030
140,0,16.2650,0.0620
36,0,16.2970,0.0320
36,0,16.3750,0.0780
140,0,16.4060,0.0310
22,0,16.4530,0.0470
140,0,16.5010,0.0480
140,0,16.5320,0.0310
18,0,16.5540,0.0220
140,0,16.5650,0.0110
18,0,16.5970,0.0320
18,0,16.6160,0.0190
140,0,16.6300,0.0140
22,0,16.6420,0.0120
22,0,16.6680,0.0260
22,0,16.6710,0.0030
22,0,16.6720,0.0010
49,0,16.7030,0.0310
22,0,16.7350,0.0320
23,0,16.7510,0.0160
22,0,16.7660,0.0150
453,0,16.7820,0.0160
14,0,16.7980,0.0160
24,0,16.8290,0.0310
356,0,16.9230,0.0940
356,0,16.9540,0.0310
180,0,17.0160,0.0620
4,0,17.0320,0.0160
15,0,17.0480,0.0160
37,0,17.0790,0.0310
61,0,17.1100,0.0310
49,0,17.1250,0.0150
24,0,17.1570,0.0320
14,0,17.1720,0.0150
453,0,17.2200,0.0480
22,0,17.2360,0.0160
50,0,17.2510,0.0150
22,0,17.2980,0.0470
15,0,17.3130,0.0150
76,0,17.3300,0.0170

76,0,17.3300,0.0170
453,0,17.3750,0.0450
14,0,17.3910,0.0160
80,4,17.4070,0.0160
14,0,17.4580,0.0510
22,0,17.5020,0.0440
23,0,17.5220,0.0200
15,0,17.5310,0.0090
22,0,17.5530,0.0220
19,0,17.5640,0.0110
19,0,17.5820,0.0180
19,0,17.5970,0.0150
19,0,17.6280,0.0310
19,0,17.6430,0.0150
25,0,17.6760,0.0330
22,0,17.6910,0.0150
22,0,17.7060,0.0150
22,0,17.7220,0.0160
85,0,17.7380,0.0160
37,0,17.7530,0.0150
49,0,17.7650,0.0120
80,4,17.7810,0.0160
22,0,17.8440,0.0630
453,0,17.8590,0.0150
4151,0,17.9530,0.0940
80,0,17.9680,0.0150
416,0,17.9840,0.0160
73,0,18.0780,0.0940
24,0,18.0940,0.0160
24,0,18.2030,0.1090
453,0,18.3280,0.1250
453,0,18.3430,0.0150
340,0,18.3590,0.0160
61,0,18.4550,0.0960
14,0,18.4680,0.0130
50,0,18.5310,0.0630
22,0,18.5940,0.0630
22,0,18.6090,0.0150
140,0,18.7030,0.0940
36,0,18.7970,0.0940
36,0,18.8120,0.0150
36,0,18.8280,0.0160
24,0,18.8590,0.0310
80,0,18.8750,0.0160
80,0,18.9530,0.0780
140,0,18.9840,0.0310
22,0,19.0000,0.0160
4,0,19.0330,0.0330
36,0,19.0630,0.0300
36,0,19.0780,0.0150
33,0,19.0930,0.0150
24,0,19.1140,0.0210
24,0,19.1720,0.0580
24,0,19.3750,0.2030
61,0,19.4840,0.1090
80,0,19.5160,0.0320
61,0,19.5620,0.0460
61,0,19.5780,0.0160
61,0,19.5940,0.0160
61,0,19.6090,0.0150
140,0,19.6720,0.0630
140,0,19.6870,0.0150
33,0,19.7500,0.0630
289,0,19.7660,0.0160
22,0,19.7810,0.0150
4,0,19.7970,0.0160
4,0,19.8120,0.0150
18,0,19.8280,0.0160
33,0,19.8750,0.0470
23,0,19.8900,0.0150
61,0,19.9060,0.0160
4,0,19.9390,0.0330
4,0,19.9570,0.0180
4,0,20.0340,0.0770
4,0,20.0510,0.0170
4,0,20.0620,0.0110
4,0,20.0780,0.0160
4,0,20.0930,0.0150
4,0,20.1250,0.0320
4,0,20.1410,0.0160
4,0,20.1560,0.0150
4,0,20.1940,0.0380
4,0,20.2050,0.0110
61,0,20.2380,0.0330
4,0,20.2530,0.0150
36,0,20.2660,0.0130
61,0,20.2810,0.0150
4,0,20.2970,0.0160
61,0,20.3120,0.0150
453,0,21.5470,1.2350
140,0,21.5650,0.0180
61,0,21.5770,0.0120
61,0,21.5780,0.0010
131,0,21.5940,0.0160
61,0,21.6090,0.0150
36,0,21.6250,0.0160
61,0,21.6460,0.0210
131,0,21.6620,0.0160
140,0,21.6730,0.0110
61,0,21.6850,0.0120
140,0,21.6900,0.0050
4,0,21.7070,0.0170
36,0,21.7150,0.0080
140,0,21.7810,0.0660
61,0,21.8000,0.0190
18,0,21.8120,0.0120
140,0,21.8280,0.0160
4,0,21.8440,0.0160
36,0,21.8590,0.0150
23,0,21.8770,0.0180
22,0,21.9700,0.0930
140,0,21.9970,0.0270
140,0,22.2500,0.2530
4,0,22.2970,0.0470
140,0,22.3440,0.0470
61,0,22.3590,0.0150
36,0,22.3750,0.0160
61,0,22.4070,0.0320
61,0,22.4270,0.0200
36,0,22.4340,0.0070
140,0,22.4370,0.0030
61,0,22.9220,0.4850
140,0,22.9440,0.0220
61,0,22.9800,0.0360
61,0,22.9880,0.0080
131,0,23.0020,0.0140
36,0,23.0160,0.0140
140,0,23.0620,0.0460
61,0,23.0780,0.0160
24,0,23.0940,0.0160
4,0,23.1100,0.0160
61,0,23.2030,0.0930
140,0,23.2190,0.0160
61,0,23.2340,0.0150
131,0,23.2500,0.0160
4,0,23.2650,0.0150
61,0,23.2850,0.0200
7,0,23.3000,0.0150
24,0,23.3280,0.0280
8,0,23.3590,0.0310
73,0,23.3910,0.0320
73,0,23.4220,0.0310
8,0,23.4370,0.0150
73,0,23.4380,0.0010
73,0,23.4530,0.0150
8,0,23.4690,0.0160
7,0,23.4850,0.0160
140,0,23.5010,0.0160
131,0,23.5240,0.0230
15,0,23.5540,0.0300
30,0,23.5820,0.0280
30,0,23.5990,0.0170
140,0,23.8290,0.2300
140,0,23.8920,0.0630
15,0,23.9160,0.0240
15,0,23.9220,0.0060
15,0,23.9370,0.0150
131,0,24.0200,0.0830
15,0,24.0370,0.0170
52,0,24.0750,0.0380
16,0,24.0780,0.0030
140,6,24.0970,0.0190
137,6,24.1400,0.0430
15,6,24.1560,0.0160
469,6,24.1720,0.0160
15,0,24.1870,0.0150
30,0,24.2030,0.0160
462,0,24.2500,0.0470
15,0,24.2810,0.0310
24,0,24.3590,0.0780
14,0,24.4060,0.0470
15,0,24.4220,0.0160
14,0,24.4380,0.0160
15,0,24.4560,0.0180
356,0,24.6050,0.1490
444,0,24.6930,0.0880
444,0,24.7050,0.0120
15,0,24.7340,0.0290
15,0,24.7670,0.0330
14,0,24.7810,0.0140
44,0,24.8440,0.0630
15,0,24.9390,0.0950
80,0,25.0320,0.0930
15,0,25.0480,0.0160
15,0,25.1100,0.0620
15,0,25.1420,0.0320
15,0,25.1730,0.0310
24,0,25.1880,0.0150
15,0,25.2040,0.0160
15,0,25.2200,0.0160
15,0,25.2350,0.0150
15,0,25.2510,0.0160
15,0,25.2660,0.0150
15,0,25.3120,0.0460
13,0,25.3280,0.0160
15,0,25.3430,0.0150
24,0,25.3590,0.0160
15,0,25.3750,0.0160
15,0,25.3900,0.0150
15,0,25.4060,0.0160
356,0,25.5620,0.1560
15,0,25.6250,0.0630
13,0,25.6410,0.0160
15,0,25.7500,0.1090
24,0,25.7650,0.0150
15,0,25.7810,0.0160
15,0,25.7970,0.0160
